#Algorithm: Qlearning, Speed: 1, Boost: 5, PM: True, Env size: (20, 20), Car size: (6, 5),
#Counter: 10000000, Nsteps: 10000000, Gamma: 1, LearnRate: 0.01, Eps: 0.5, Epsdecay: 0.9
0, 0
0, 0
1, 1
0, 1
6, 6
0, 6
0, 6
1, 6
16, 16
2, 16
25, 25
10, 25
1, 25
2, 25
5, 25
5, 25
1, 25
2, 25
50, 50
2, 50
0, 50
5, 50
6, 50
14, 50
0, 50
16, 50
47, 50
13, 50
1, 50
3, 50
6, 50
12, 50
5, 50
11, 50
54, 54
21, 54
0, 54
0, 54
9, 54
8, 54
1, 54
5, 54
111, 111
6, 111
2, 111
1, 111
3, 111
17, 111
1, 111
38, 111
2001, 2001
2001, 2001
2001, 2001
2001, 2001
2001, 2001
2001, 2001
2001, 2001
2001, 2001
2001, 2001
2001, 2001
2001, 2001
2001, 2001
2001, 2001
2001, 2001
2001, 2001
2001, 2001
2001, 2001
2001, 2001
2001, 2001
2001, 2001
2001, 2001
2001, 2001
2001, 2001
2001, 2001
2001, 2001
2001, 2001
2001, 2001
2001, 2001
2001, 2001
2001, 2001
2001, 2001
2001, 2001
2001, 2001
2001, 2001
2001, 2001
2001, 2001
2001, 2001
2001, 2001
2001, 2001
2001, 2001
2001, 2001
2001, 2001
2001, 2001
2001, 2001
2001, 2001
2001, 2001
2001, 2001
2001, 2001
2001, 2001
2001, 2001
#Algorithm: Qlearning, Speed: 1, Boost: 5, PM: True, Env size: (20, 20), Car size: (6, 5),
#Counter: 10000000, Nsteps: 10000000, Gamma: 1, LearnRate: 0.01, Eps: 0.5, Epsdecay: 0.9
0, 0
0, 0
11, 11
0, 11
1, 11
0, 11
1, 11
8, 11
0, 11
3, 11
33, 33
21, 33
2, 33
1, 33
6, 33
19, 33
5, 33
0, 33
4, 33
39, 39
4, 39
2, 39
2, 39
0, 39
2, 39
3, 39
0, 39
54, 54
3, 54
14, 54
6, 54
2, 54
5, 54
0, 54
0, 54
69, 69
8, 69
4, 69
11, 69
12, 69
7, 69
10, 69
12, 69
2001, 2001
2001, 2001
2001, 2001
2001, 2001
2001, 2001
2001, 2001
2001, 2001
2001, 2001
2001, 2001
2001, 2001
2001, 2001
2001, 2001
2001, 2001
2001, 2001
2001, 2001
2001, 2001
2001, 2001
2001, 2001
2001, 2001
2001, 2001
2001, 2001
2001, 2001
2001, 2001
2001, 2001
2001, 2001
2001, 2001
2001, 2001
2001, 2001
2001, 2001
2001, 2001
2001, 2001
2001, 2001
2001, 2001
2001, 2001
2001, 2001
2001, 2001
2001, 2001
2001, 2001
2001, 2001
2001, 2001
2001, 2001
2001, 2001
2001, 2001
2001, 2001
2001, 2001
2001, 2001
2001, 2001
2001, 2001
2001, 2001
2001, 2001
2001, 2001
2001, 2001
2001, 2001
2001, 2001
2001, 2001
2001, 2001
2001, 2001
#Algorithm: Qlearning, Speed: 1, Boost: 5, PM: True, Env size: (20, 20), Car size: (6, 5),
#Counter: 10000000, Nsteps: 10000000, Gamma: 1, LearnRate: 0.01, Eps: 0.5, Epsdecay: 0.9
1, 1
0, 1
6, 6
4, 6
0, 6
2, 6
3, 6
4, 6
0, 6
2, 6
0, 6
3, 6
3, 6
45, 45
1, 45
1, 45
2, 45
8, 45
2, 45
7, 45
10, 45
10, 45
6, 45
18, 45
15, 45
6, 45
1, 45
16, 45
11, 45
46, 46
1, 46
0, 46
9, 46
30, 46
2, 46
6, 46
13, 46
60, 60
22, 60
0, 60
22, 60
48, 60
35, 60
27, 60
49, 60
63, 63
42, 63
10, 63
13, 63
2001, 2001
2001, 2001
2001, 2001
2001, 2001
2001, 2001
2001, 2001
2001, 2001
2001, 2001
2001, 2001
2001, 2001
2001, 2001
2001, 2001
2001, 2001
2001, 2001
2001, 2001
2001, 2001
2001, 2001
2001, 2001
2001, 2001
2001, 2001
2001, 2001
2001, 2001
2001, 2001
2001, 2001
2001, 2001
2001, 2001
2001, 2001
2001, 2001
2001, 2001
2001, 2001
2001, 2001
2001, 2001
2001, 2001
2001, 2001
2001, 2001
2001, 2001
2001, 2001
2001, 2001
2001, 2001
2001, 2001
2001, 2001
2001, 2001
2001, 2001
2001, 2001
2001, 2001
2001, 2001
2001, 2001
2001, 2001
2001, 2001
2001, 2001
2001, 2001
#Algorithm: Qlearning, Speed: 1, Boost: 5, PM: True, Env size: (20, 20), Car size: (6, 5),
#Counter: 10000000, Nsteps: 10000000, Gamma: 1, LearnRate: 0.01, Eps: 0.5, Epsdecay: 0.9
1, 1
0, 1
2, 2
0, 2
0, 2
10, 10
2, 10
2, 10
2, 10
4, 10
3, 10
3, 10
47, 47
2, 47
0, 47
0, 47
4, 47
1, 47
0, 47
4, 47
39, 47
7, 47
1, 47
2, 47
0, 47
7, 47
13, 47
0, 47
71, 71
1, 71
3, 71
4, 71
29, 71
15, 71
0, 71
2, 71
46, 71
6, 71
6, 71
5, 71
78, 78
14, 78
6, 78
1, 78
29, 78
3, 78
5, 78
41, 78
192, 192
2001, 2001
2001, 2001
2001, 2001
2001, 2001
2001, 2001
2001, 2001
2001, 2001
2001, 2001
2001, 2001
2001, 2001
2001, 2001
2001, 2001
2001, 2001
2001, 2001
2001, 2001
2001, 2001
2001, 2001
2001, 2001
2001, 2001
2001, 2001
2001, 2001
2001, 2001
2001, 2001
2001, 2001
2001, 2001
2001, 2001
2001, 2001
2001, 2001
2001, 2001
2001, 2001
2001, 2001
2001, 2001
2001, 2001
2001, 2001
2001, 2001
2001, 2001
2001, 2001
2001, 2001
2001, 2001
2001, 2001
2001, 2001
2001, 2001
2001, 2001
2001, 2001
2001, 2001
2001, 2001
2001, 2001
2001, 2001
2001, 2001
2001, 2001
2001, 2001
#Algorithm: Qlearning, Speed: 1, Boost: 5, PM: True, Env size: (20, 20), Car size: (6, 5),
#Counter: 10000000, Nsteps: 10000000, Gamma: 1, LearnRate: 0.01, Eps: 0.5, Epsdecay: 0.9
0, 0
0, 0
3, 3
0, 3
0, 3
5, 5
0, 5
5, 5
1, 5
6, 6
24, 24
6, 24
11, 24
2, 24
8, 24
1, 24
1, 24
0, 24
2, 24
53, 53
3, 53
8, 53
4, 53
0, 53
2, 53
1, 53
0, 53
93, 93
3, 93
1, 93
2, 93
2, 93
30, 93
5, 93
13, 93
43, 93
9, 93
5, 93
14, 93
17, 93
0, 93
11, 93
15, 93
47, 93
7, 93
2, 93
26, 93
2001, 2001
2001, 2001
2001, 2001
2001, 2001
2001, 2001
2001, 2001
2001, 2001
2001, 2001
2001, 2001
2001, 2001
2001, 2001
2001, 2001
2001, 2001
2001, 2001
2001, 2001
2001, 2001
2001, 2001
2001, 2001
2001, 2001
2001, 2001
2001, 2001
2001, 2001
2001, 2001
2001, 2001
2001, 2001
2001, 2001
2001, 2001
2001, 2001
2001, 2001
2001, 2001
2001, 2001
2001, 2001
2001, 2001
2001, 2001
2001, 2001
2001, 2001
2001, 2001
2001, 2001
2001, 2001
2001, 2001
2001, 2001
2001, 2001
2001, 2001
2001, 2001
2001, 2001
2001, 2001
2001, 2001
2001, 2001
2001, 2001
2001, 2001
2001, 2001
2001, 2001
2001, 2001
