#Algorithm: Qlearning, Speed: 1, Boost: 5, PM: True, Env size: (20, 20), Car size: (6, 5),
#Counter: 100, Nsteps: 10000000, Gamma: 1, LearnRate: 0.01, Eps: 0.5, Epsdecay: 0.9
0, 0
2, 2
0, 2
0, 2
3, 3
3, 3
1, 3
4, 4
3, 4
6, 6
1, 6
2, 6
45, 45
2, 45
1, 45
0, 45
5, 45
26, 45
0, 45
1, 45
1, 45
7, 45
4, 45
7, 45
52, 52
13, 52
5, 52
0, 52
2, 52
1, 52
3, 52
1, 52
68, 68
0, 68
10, 68
1, 68
14, 68
15, 68
5, 68
42, 68
101, 101
0, 101
8, 101
0, 101
7, 101
2, 101
2, 101
5, 101
193, 193
3, 193
7, 193
9, 193
3, 193
110, 193
105, 193
154, 193
203, 203
209, 209
142, 209
188, 209
28, 209
112, 209
20, 209
12, 209
16, 209
20, 209
202, 209
201, 209
101, 209
188, 209
21, 209
140, 209
128, 209
143, 209
103, 209
137, 209
201, 209
212, 212
204, 212
207, 212
23, 212
210, 212
124, 212
167, 212
14, 212
112, 212
137, 212
118, 212
202, 212
195, 212
203, 212
203, 212
202, 212
202, 212
201, 212
201, 212
202, 212
13, 212
191, 212
1, 212
3, 212
124, 212
205, 212
168, 212
56, 212
2, 212
76, 212
204, 212
190, 212
107, 212
208, 212
208, 212
152, 212
111, 212
204, 212
208, 212
200, 212
203, 212
208, 212
211, 212
173, 212
92, 212
17, 212
26, 212
200, 212
102, 212
201, 212
136, 212
22, 212
138, 212
82, 212
1, 212
1, 212
82, 212
1, 212
185, 212
65, 212
136, 212
207, 212
126, 212
200, 212
210, 212
204, 212
200, 212
204, 212
209, 212
210, 212
201, 212
28, 212
151, 212
201, 212
32, 212
200, 212
149, 212
111, 212
20, 212
114, 212
115, 212
218, 218
200, 218
126, 218
174, 218
140, 218
1, 218
4, 218
135, 218
4, 218
52, 218
166, 218
202, 218
200, 218
203, 218
200, 218
218, 218
202, 218
212, 218
158, 218
203, 218
172, 218
18, 218
10, 218
13, 218
202, 218
197, 218
2, 218
201, 218
128, 218
205, 218
171, 218
188, 218
12, 218
19, 218
4, 218
204, 218
85, 218
0, 218
1, 218
205, 218
138, 218
191, 218
107, 218
223, 223
200, 223
139, 223
184, 223
170, 223
197, 223
155, 223
200, 223
200, 223
201, 223
205, 223
185, 223
127, 223
205, 223
201, 223
150, 223
207, 223
200, 223
118, 223
50, 223
8, 223
49, 223
201, 223
158, 223
2, 223
0, 223
180, 223
7, 223
204, 223
101, 223
201, 223
87, 223
32, 223
2, 223
203, 223
201, 223
213, 223
201, 223
178, 223
117, 223
205, 223
208, 223
134, 223
195, 223
211, 223
179, 223
170, 223
137, 223
68, 223
6, 223
6, 223
209, 223
48, 223
0, 223
201, 223
148, 223
5, 223
165, 223
200, 223
201, 223
105, 223
135, 223
135, 223
200, 223
204, 223
175, 223
34, 223
14, 223
17, 223
201, 223
201, 223
200, 223
200, 223
157, 223
100, 223
204, 223
200, 223
191, 223
29, 223
212, 223
137, 223
211, 223
200, 223
208, 223
171, 223
202, 223
19, 223
22, 223
0, 223
26, 223
33, 223
10, 223
34, 223
207, 223
102, 223
144, 223
201, 223
35, 223
137, 223
17, 223
176, 223
19, 223
201, 223
201, 223
205, 223
104, 223
191, 223
202, 223
205, 223
200, 223
113, 223
202, 223
232, 232
1, 232
152, 232
43, 232
0, 232
32, 232
20, 232
56, 232
3, 232
208, 232
214, 232
175, 232
31, 232
42, 232
40, 232
24, 232
169, 232
141, 232
204, 232
15, 232
161, 232
122, 232
201, 232
200, 232
142, 232
53, 232
46, 232
200, 232
43, 232
177, 232
45, 232
2, 232
0, 232
2, 232
84, 232
14, 232
131, 232
2, 232
17, 232
63, 232
9, 232
2, 232
116, 232
114, 232
205, 232
200, 232
102, 232
202, 232
200, 232
200, 232
101, 232
202, 232
204, 232
201, 232
175, 232
202, 232
37, 232
1, 232
12, 232
185, 232
10, 232
2, 232
48, 232
115, 232
200, 232
176, 232
183, 232
211, 232
200, 232
203, 232
125, 232
44, 232
150, 232
200, 232
209, 232
202, 232
187, 232
204, 232
119, 232
203, 232
165, 232
177, 232
23, 232
48, 232
149, 232
55, 232
86, 232
5, 232
34, 232
10, 232
150, 232
10, 232
111, 232
178, 232
203, 232
208, 232
200, 232
202, 232
150, 232
43, 232
125, 232
202, 232
169, 232
207, 232
195, 232
206, 232
124, 232
202, 232
179, 232
127, 232
117, 232
201, 232
203, 232
202, 232
48, 232
1, 232
13, 232
0, 232
5, 232
6, 232
74, 232
205, 232
199, 232
200, 232
202, 232
129, 232
215, 232
202, 232
146, 232
201, 232
200, 232
127, 232
204, 232
151, 232
201, 232
204, 232
204, 232
193, 232
2, 232
18, 232
6, 232
89, 232
4, 232
81, 232
208, 232
203, 232
168, 232
201, 232
202, 232
173, 232
108, 232
1, 232
31, 232
161, 232
105, 232
2, 232
163, 232
205, 232
204, 232
200, 232
203, 232
20, 232
189, 232
4, 232
3, 232
201, 232
125, 232
152, 232
138, 232
111, 232
210, 232
204, 232
201, 232
40, 232
150, 232
50, 232
208, 232
153, 232
204, 232
201, 232
201, 232
10, 232
206, 232
48, 232
8, 232
132, 232
214, 232
#Algorithm: Qlearning, Speed: 1, Boost: 5, PM: True, Env size: (20, 20), Car size: (6, 5),
#Counter: 100, Nsteps: 10000000, Gamma: 1, LearnRate: 0.01, Eps: 0.5, Epsdecay: 0.9
0, 0
0, 0
0, 0
3, 3
4, 4
3, 4
7, 7
5, 7
2, 7
3, 7
5, 7
2, 7
7, 7
29, 29
1, 29
2, 29
3, 29
1, 29
5, 29
1, 29
3, 29
66, 66
9, 66
0, 66
16, 66
6, 66
7, 66
10, 66
3, 66
70, 70
1, 70
2, 70
0, 70
63, 70
8, 70
0, 70
18, 70
18, 70
24, 70
3, 70
13, 70
63, 70
1, 70
2, 70
5, 70
34, 70
0, 70
0, 70
6, 70
106, 106
18, 106
92, 106
116, 116
200, 200
204, 204
115, 204
32, 204
13, 204
8, 204
206, 206
206, 206
203, 206
113, 206
75, 206
39, 206
8, 206
202, 206
122, 206
201, 206
84, 206
136, 206
110, 206
204, 206
128, 206
23, 206
10, 206
5, 206
203, 206
202, 206
203, 206
201, 206
201, 206
200, 206
122, 206
47, 206
22, 206
8, 206
202, 206
200, 206
95, 206
8, 206
3, 206
108, 206
115, 206
150, 206
111, 206
75, 206
205, 206
208, 208
203, 208
202, 208
204, 208
219, 219
201, 219
55, 219
63, 219
3, 219
3, 219
167, 219
174, 219
211, 219
126, 219
42, 219
102, 219
101, 219
113, 219
202, 219
203, 219
189, 219
200, 219
104, 219
204, 219
200, 219
145, 219
223, 223
201, 223
42, 223
137, 223
115, 223
41, 223
200, 223
207, 223
159, 223
141, 223
180, 223
30, 223
56, 223
0, 223
108, 223
195, 223
18, 223
4, 223
0, 223
11, 223
200, 223
202, 223
213, 223
206, 223
8, 223
201, 223
202, 223
118, 223
200, 223
200, 223
35, 223
1, 223
0, 223
203, 223
190, 223
191, 223
31, 223
106, 223
114, 223
202, 223
174, 223
152, 223
0, 223
31, 223
60, 223
208, 223
11, 223
28, 223
0, 223
203, 223
160, 223
204, 223
141, 223
115, 223
147, 223
201, 223
125, 223
191, 223
201, 223
208, 223
205, 223
205, 223
203, 223
201, 223
209, 223
200, 223
200, 223
46, 223
205, 223
128, 223
4, 223
106, 223
210, 223
180, 223
9, 223
29, 223
203, 223
34, 223
12, 223
15, 223
0, 223
24, 223
2, 223
151, 223
159, 223
202, 223
205, 223
171, 223
102, 223
130, 223
158, 223
200, 223
200, 223
202, 223
208, 223
205, 223
200, 223
201, 223
26, 223
1, 223
59, 223
202, 223
205, 223
203, 223
130, 223
80, 223
211, 223
16, 223
5, 223
92, 223
3, 223
12, 223
103, 223
206, 223
37, 223
200, 223
200, 223
207, 223
208, 223
202, 223
161, 223
90, 223
51, 223
202, 223
202, 223
138, 223
95, 223
16, 223
105, 223
201, 223
200, 223
171, 223
204, 223
188, 223
203, 223
53, 223
40, 223
8, 223
143, 223
3, 223
1, 223
73, 223
203, 223
165, 223
200, 223
204, 223
37, 223
201, 223
148, 223
38, 223
184, 223
170, 223
183, 223
205, 223
207, 223
200, 223
170, 223
5, 223
168, 223
147, 223
203, 223
207, 223
204, 223
200, 223
204, 223
200, 223
38, 223
202, 223
115, 223
200, 223
12, 223
37, 223
4, 223
89, 223
1, 223
96, 223
202, 223
201, 223
200, 223
109, 223
196, 223
204, 223
2, 223
51, 223
33, 223
28, 223
1, 223
116, 223
203, 223
202, 223
210, 223
184, 223
83, 223
146, 223
200, 223
201, 223
203, 223
146, 223
200, 223
202, 223
200, 223
103, 223
0, 223
115, 223
203, 223
145, 223
8, 223
3, 223
201, 223
36, 223
204, 223
205, 223
137, 223
201, 223
19, 223
0, 223
141, 223
203, 223
138, 223
117, 223
206, 223
107, 223
101, 223
208, 223
203, 223
208, 223
202, 223
152, 223
204, 223
205, 223
210, 223
204, 223
150, 223
29, 223
201, 223
154, 223
105, 223
23, 223
23, 223
202, 223
11, 223
103, 223
2, 223
8, 223
6, 223
132, 223
134, 223
140, 223
47, 223
3, 223
93, 223
205, 223
133, 223
202, 223
202, 223
228, 228
152, 228
202, 228
205, 228
210, 228
204, 228
111, 228
131, 228
132, 228
56, 228
207, 228
72, 228
164, 228
203, 228
15, 228
48, 228
92, 228
120, 228
47, 228
0, 228
205, 228
53, 228
0, 228
10, 228
200, 228
201, 228
138, 228
201, 228
72, 228
202, 228
211, 228
183, 228
15, 228
11, 228
200, 228
206, 228
90, 228
208, 228
178, 228
115, 228
117, 228
17, 228
42, 228
0, 228
100, 228
110, 228
75, 228
1, 228
9, 228
204, 228
181, 228
86, 228
212, 228
205, 228
201, 228
201, 228
200, 228
195, 228
129, 228
5, 228
165, 228
201, 228
105, 228
185, 228
191, 228
10, 228
133, 228
128, 228
201, 228
204, 228
8, 228
92, 228
1, 228
34, 228
4, 228
11, 228
30, 228
7, 228
200, 228
137, 228
2, 228
202, 228
207, 228
174, 228
200, 228
113, 228
209, 228
200, 228
175, 228
31, 228
127, 228
142, 228
59, 228
127, 228
221, 228
106, 228
57, 228
207, 228
14, 228
0, 228
105, 228
2, 228
2, 228
74, 228
212, 228
202, 228
200, 228
205, 228
203, 228
207, 228
204, 228
168, 228
188, 228
163, 228
204, 228
203, 228
177, 228
134, 228
200, 228
168, 228
136, 228
#Algorithm: Qlearning, Speed: 1, Boost: 5, PM: True, Env size: (20, 20), Car size: (6, 5),
#Counter: 100, Nsteps: 10000000, Gamma: 1, LearnRate: 0.01, Eps: 0.5, Epsdecay: 0.9
1, 1
0, 1
0, 1
2, 2
0, 2
0, 2
2, 2
2, 2
2, 2
3, 3
3, 3
10, 10
0, 10
20, 20
0, 20
4, 20
0, 20
36, 36
5, 36
3, 36
0, 36
0, 36
0, 36
5, 36
1, 36
63, 63
5, 63
8, 63
4, 63
4, 63
1, 63
0, 63
7, 63
76, 76
0, 76
17, 76
1, 76
4, 76
5, 76
4, 76
12, 76
79, 79
49, 79
0, 79
18, 79
1, 79
2, 79
2, 79
13, 79
162, 162
29, 162
9, 162
3, 162
108, 162
30, 162
11, 162
51, 162
202, 202
211, 211
201, 211
32, 211
37, 211
35, 211
108, 211
210, 211
203, 211
102, 211
164, 211
126, 211
114, 211
207, 211
116, 211
140, 211
113, 211
202, 211
24, 211
200, 211
205, 211
204, 211
142, 211
125, 211
23, 211
107, 211
202, 211
201, 211
201, 211
189, 211
208, 211
203, 211
177, 211
0, 211
45, 211
200, 211
200, 211
30, 211
114, 211
114, 211
101, 211
201, 211
203, 211
200, 211
205, 211
208, 211
200, 211
201, 211
201, 211
129, 211
41, 211
5, 211
0, 211
201, 211
2, 211
202, 211
73, 211
135, 211
8, 211
202, 211
1, 211
10, 211
0, 211
201, 211
204, 211
204, 211
206, 211
118, 211
201, 211
201, 211
201, 211
168, 211
186, 211
151, 211
154, 211
19, 211
200, 211
201, 211
102, 211
14, 211
53, 211
19, 211
19, 211
79, 211
0, 211
0, 211
154, 211
7, 211
1, 211
201, 211
200, 211
206, 211
137, 211
128, 211
201, 211
203, 211
210, 211
136, 211
206, 211
20, 211
181, 211
122, 211
143, 211
22, 211
112, 211
140, 211
28, 211
33, 211
69, 211
57, 211
2, 211
48, 211
80, 211
200, 211
164, 211
28, 211
7, 211
206, 211
171, 211
200, 211
83, 211
195, 211
207, 211
153, 211
156, 211
163, 211
214, 214
208, 214
143, 214
218, 218
208, 218
65, 218
204, 218
164, 218
45, 218
1, 218
48, 218
104, 218
102, 218
220, 220
44, 220
200, 220
205, 220
13, 220
0, 220
207, 220
9, 220
205, 220
201, 220
200, 220
201, 220
202, 220
200, 220
164, 220
150, 220
129, 220
141, 220
108, 220
203, 220
164, 220
201, 220
176, 220
200, 220
186, 220
6, 220
4, 220
200, 220
200, 220
203, 220
185, 220
85, 220
176, 220
36, 220
7, 220
110, 220
182, 220
6, 220
32, 220
149, 220
200, 220
204, 220
204, 220
203, 220
193, 220
201, 220
209, 220
200, 220
206, 220
127, 220
15, 220
13, 220
144, 220
169, 220
2, 220
9, 220
204, 220
209, 220
204, 220
215, 220
204, 220
55, 220
78, 220
67, 220
2, 220
98, 220
189, 220
224, 224
133, 224
1, 224
117, 224
202, 224
226, 226
202, 226
12, 226
200, 226
127, 226
116, 226
200, 226
200, 226
205, 226
31, 226
69, 226
172, 226
108, 226
104, 226
200, 226
202, 226
205, 226
211, 226
202, 226
184, 226
204, 226
203, 226
150, 226
27, 226
202, 226
189, 226
9, 226
3, 226
48, 226
17, 226
5, 226
18, 226
173, 226
1, 226
63, 226
200, 226
161, 226
9, 226
113, 226
125, 226
206, 226
200, 226
202, 226
207, 226
202, 226
203, 226
200, 226
196, 226
202, 226
37, 226
201, 226
86, 226
8, 226
3, 226
201, 226
145, 226
111, 226
203, 226
83, 226
154, 226
2, 226
12, 226
10, 226
0, 226
207, 226
116, 226
103, 226
105, 226
200, 226
209, 226
202, 226
202, 226
103, 226
206, 226
215, 226
166, 226
157, 226
197, 226
200, 226
203, 226
203, 226
124, 226
197, 226
134, 226
161, 226
190, 226
211, 226
202, 226
28, 226
5, 226
206, 226
84, 226
1, 226
204, 226
30, 226
4, 226
203, 226
112, 226
129, 226
126, 226
203, 226
201, 226
207, 226
3, 226
203, 226
203, 226
218, 226
195, 226
7, 226
201, 226
138, 226
213, 226
116, 226
201, 226
200, 226
199, 226
47, 226
0, 226
205, 226
8, 226
118, 226
6, 226
0, 226
131, 226
77, 226
2, 226
0, 226
108, 226
17, 226
4, 226
201, 226
200, 226
200, 226
133, 226
187, 226
7, 226
208, 226
203, 226
202, 226
203, 226
204, 226
168, 226
20, 226
27, 226
202, 226
203, 226
54, 226
34, 226
34, 226
136, 226
205, 226
77, 226
3, 226
55, 226
1, 226
14, 226
38, 226
10, 226
2, 226
208, 226
21, 226
207, 226
127, 226
205, 226
200, 226
218, 226
112, 226
200, 226
217, 226
209, 226
206, 226
113, 226
205, 226
202, 226
176, 226
181, 226
203, 226
156, 226
202, 226
191, 226
109, 226
200, 226
18, 226
9, 226
53, 226
8, 226
3, 226
122, 226
206, 226
200, 226
171, 226
191, 226
200, 226
13, 226
201, 226
203, 226
186, 226
172, 226
200, 226
203, 226
128, 226
200, 226
201, 226
200, 226
202, 226
120, 226
200, 226
207, 226
207, 226
206, 226
168, 226
6, 226
0, 226
185, 226
47, 226
9, 226
134, 226
200, 226
170, 226
129, 226
200, 226
1, 226
0, 226
14, 226
104, 226
138, 226
131, 226
75, 226
2, 226
202, 226
202, 226
206, 226
#Algorithm: Qlearning, Speed: 1, Boost: 5, PM: True, Env size: (20, 20), Car size: (6, 5),
#Counter: 100, Nsteps: 10000000, Gamma: 1, LearnRate: 0.01, Eps: 0.5, Epsdecay: 0.9
1, 1
2, 2
0, 2
0, 2
3, 3
0, 3
1, 3
1, 3
1, 3
0, 3
1, 3
10, 10
0, 10
39, 39
3, 39
0, 39
5, 39
11, 39
1, 39
1, 39
8, 39
11, 39
2, 39
29, 39
2, 39
0, 39
0, 39
16, 39
3, 39
83, 83
3, 83
0, 83
0, 83
1, 83
3, 83
10, 83
17, 83
104, 104
12, 104
15, 104
26, 104
14, 104
2, 104
61, 104
12, 104
144, 144
1, 144
2, 144
60, 144
137, 144
201, 201
54, 201
153, 201
5, 201
114, 201
118, 201
13, 201
185, 201
202, 202
205, 205
129, 205
120, 205
102, 205
151, 205
189, 205
100, 205
104, 205
55, 205
206, 206
200, 206
105, 206
204, 206
11, 206
123, 206
203, 206
200, 206
175, 206
200, 206
202, 206
111, 206
158, 206
155, 206
100, 206
200, 206
204, 206
200, 206
205, 206
115, 206
200, 206
198, 206
5, 206
200, 206
12, 206
68, 206
105, 206
102, 206
203, 206
202, 206
163, 206
201, 206
158, 206
104, 206
123, 206
59, 206
207, 207
201, 207
200, 207
146, 207
203, 207
33, 207
61, 207
67, 207
126, 207
6, 207
204, 207
202, 207
201, 207
175, 207
203, 207
123, 207
204, 207
201, 207
202, 207
202, 207
119, 207
176, 207
2, 207
3, 207
130, 207
126, 207
161, 207
201, 207
62, 207
6, 207
219, 219
7, 219
14, 219
0, 219
138, 219
8, 219
3, 219
40, 219
0, 219
32, 219
131, 219
201, 219
200, 219
203, 219
136, 219
201, 219
214, 219
104, 219
208, 219
210, 219
203, 219
211, 219
201, 219
9, 219
168, 219
115, 219
204, 219
198, 219
162, 219
10, 219
29, 219
5, 219
128, 219
18, 219
6, 219
203, 219
57, 219
195, 219
9, 219
212, 219
205, 219
200, 219
174, 219
170, 219
200, 219
212, 219
179, 219
205, 219
200, 219
5, 219
130, 219
173, 219
3, 219
200, 219
187, 219
104, 219
211, 219
203, 219
202, 219
144, 219
205, 219
202, 219
131, 219
200, 219
110, 219
202, 219
202, 219
202, 219
182, 219
164, 219
201, 219
151, 219
132, 219
8, 219
1, 219
110, 219
103, 219
192, 219
224, 224
142, 224
0, 224
200, 224
33, 224
116, 224
207, 224
204, 224
0, 224
4, 224
102, 224
201, 224
204, 224
206, 224
169, 224
200, 224
143, 224
190, 224
200, 224
202, 224
201, 224
5, 224
97, 224
202, 224
189, 224
146, 224
201, 224
203, 224
204, 224
187, 224
103, 224
208, 224
16, 224
0, 224
25, 224
1, 224
71, 224
112, 224
6, 224
31, 224
209, 224
158, 224
207, 224
141, 224
154, 224
124, 224
114, 224
203, 224
206, 224
209, 224
207, 224
195, 224
142, 224
202, 224
203, 224
201, 224
184, 224
8, 224
200, 224
202, 224
131, 224
200, 224
17, 224
214, 224
210, 224
57, 224
200, 224
158, 224
205, 224
153, 224
204, 224
161, 224
1, 224
2, 224
65, 224
28, 224
4, 224
205, 224
21, 224
201, 224
200, 224
182, 224
6, 224
154, 224
200, 224
206, 224
203, 224
38, 224
5, 224
38, 224
140, 224
109, 224
101, 224
203, 224
204, 224
34, 224
206, 224
188, 224
166, 224
203, 224
202, 224
200, 224
201, 224
200, 224
200, 224
5, 224
87, 224
170, 224
5, 224
67, 224
0, 224
28, 224
141, 224
31, 224
201, 224
117, 224
76, 224
11, 224
209, 224
170, 224
121, 224
214, 224
204, 224
103, 224
161, 224
205, 224
202, 224
200, 224
201, 224
201, 224
200, 224
171, 224
200, 224
201, 224
193, 224
117, 224
12, 224
100, 224
5, 224
204, 224
155, 224
200, 224
188, 224
199, 224
7, 224
4, 224
34, 224
3, 224
20, 224
145, 224
200, 224
202, 224
187, 224
146, 224
198, 224
204, 224
201, 224
201, 224
202, 224
111, 224
204, 224
203, 224
202, 224
129, 224
145, 224
40, 224
12, 224
10, 224
205, 224
203, 224
201, 224
83, 224
166, 224
162, 224
24, 224
1, 224
41, 224
8, 224
57, 224
0, 224
123, 224
129, 224
236, 236
203, 236
207, 236
35, 236
206, 236
116, 236
160, 236
205, 236
126, 236
214, 236
204, 236
167, 236
39, 236
3, 236
43, 236
126, 236
203, 236
210, 236
204, 236
202, 236
203, 236
142, 236
200, 236
180, 236
3, 236
0, 236
14, 236
4, 236
71, 236
100, 236
118, 236
204, 236
201, 236
207, 236
202, 236
202, 236
117, 236
122, 236
204, 236
125, 236
203, 236
206, 236
217, 236
206, 236
215, 236
192, 236
200, 236
209, 236
202, 236
172, 236
165, 236
22, 236
200, 236
62, 236
140, 236
4, 236
206, 236
19, 236
57, 236
6, 236
208, 236
11, 236
147, 236
5, 236
5, 236
119, 236
202, 236
205, 236
207, 236
201, 236
207, 236
106, 236
44, 236
203, 236
115, 236
203, 236
207, 236
208, 236
100, 236
200, 236
204, 236
190, 236
200, 236
149, 236
4, 236
185, 236
184, 236
3, 236
13, 236
7, 236
29, 236
3, 236
200, 236
17, 236
206, 236
204, 236
198, 236
203, 236
149, 236
179, 236
151, 236
201, 236
208, 236
201, 236
186, 236
152, 236
#Algorithm: Qlearning, Speed: 1, Boost: 5, PM: True, Env size: (20, 20), Car size: (6, 5),
#Counter: 100, Nsteps: 10000000, Gamma: 1, LearnRate: 0.01, Eps: 0.5, Epsdecay: 0.9
0, 0
3, 3
6, 6
6, 6
3, 6
0, 6
2, 6
1, 6
3, 6
0, 6
4, 6
44, 44
3, 44
13, 44
3, 44
0, 44
0, 44
7, 44
0, 44
51, 51
0, 51
2, 51
15, 51
11, 51
8, 51
7, 51
0, 51
40, 51
12, 51
6, 51
21, 51
7, 51
25, 51
0, 51
0, 51
118, 118
3, 118
10, 118
1, 118
0, 118
1, 118
22, 118
10, 118
89, 118
10, 118
1, 118
5, 118
148, 148
0, 148
11, 148
210, 210
83, 210
143, 210
17, 210
13, 210
26, 210
205, 210
202, 210
146, 210
47, 210
71, 210
67, 210
208, 210
203, 210
116, 210
105, 210
115, 210
109, 210
201, 210
208, 210
153, 210
9, 210
15, 210
77, 210
201, 210
129, 210
106, 210
22, 210
8, 210
201, 210
202, 210
203, 210
141, 210
68, 210
0, 210
109, 210
201, 210
116, 210
108, 210
102, 210
150, 210
201, 210
201, 210
201, 210
200, 210
217, 217
200, 217
205, 217
204, 217
132, 217
176, 217
211, 217
162, 217
140, 217
69, 217
112, 217
212, 217
126, 217
202, 217
204, 217
154, 217
100, 217
200, 217
190, 217
204, 217
168, 217
145, 217
190, 217
195, 217
13, 217
201, 217
204, 217
209, 217
179, 217
205, 217
210, 217
209, 217
200, 217
201, 217
204, 217
137, 217
203, 217
205, 217
97, 217
107, 217
103, 217
141, 217
4, 217
103, 217
208, 217
77, 217
1, 217
204, 217
4, 217
156, 217
8, 217
33, 217
204, 217
66, 217
210, 217
201, 217
138, 217
28, 217
11, 217
158, 217
200, 217
202, 217
200, 217
200, 217
184, 217
211, 217
59, 217
130, 217
182, 217
10, 217
2, 217
141, 217
21, 217
104, 217
1, 217
57, 217
3, 217
5, 217
114, 217
202, 217
90, 217
0, 217
60, 217
205, 217
213, 217
200, 217
202, 217
202, 217
203, 217
193, 217
171, 217
200, 217
210, 217
153, 217
149, 217
205, 217
167, 217
212, 217
168, 217
146, 217
154, 217
209, 217
200, 217
57, 217
0, 217
12, 217
24, 217
159, 217
135, 217
202, 217
42, 217
0, 217
156, 217
201, 217
26, 217
202, 217
203, 217
167, 217
208, 217
200, 217
200, 217
202, 217
213, 217
200, 217
185, 217
190, 217
134, 217
200, 217
52, 217
15, 217
4, 217
201, 217
200, 217
19, 217
5, 217
19, 217
61, 217
161, 217
39, 217
38, 217
200, 217
200, 217
98, 217
188, 217
0, 217
94, 217
1, 217
16, 217
64, 217
6, 217
209, 217
201, 217
183, 217
196, 217
200, 217
135, 217
201, 217
204, 217
201, 217
206, 217
204, 217
210, 217
208, 217
200, 217
29, 217
104, 217
193, 217
43, 217
202, 217
153, 217
206, 217
201, 217
208, 217
184, 217
106, 217
22, 217
107, 217
1, 217
120, 217
2, 217
118, 217
202, 217
187, 217
3, 217
34, 217
166, 217
200, 217
206, 217
200, 217
107, 217
109, 217
200, 217
135, 217
123, 217
203, 217
203, 217
149, 217
200, 217
203, 217
201, 217
164, 217
176, 217
205, 217
202, 217
154, 217
201, 217
22, 217
0, 217
83, 217
2, 217
53, 217
209, 217
53, 217
210, 217
204, 217
207, 217
105, 217
107, 217
200, 217
40, 217
193, 217
21, 217
0, 217
77, 217
143, 217
210, 217
202, 217
202, 217
204, 217
171, 217
202, 217
166, 217
200, 217
176, 217
200, 217
204, 217
6, 217
209, 217
50, 217
20, 217
10, 217
1, 217
23, 217
70, 217
109, 217
2, 217
0, 217
142, 217
32, 217
213, 217
204, 217
203, 217
166, 217
112, 217
208, 217
107, 217
201, 217
203, 217
192, 217
203, 217
205, 217
200, 217
208, 217
118, 217
206, 217
175, 217
189, 217
208, 217
200, 217
66, 217
205, 217
3, 217
60, 217
4, 217
44, 217
2, 217
6, 217
205, 217
202, 217
175, 217
36, 217
199, 217
203, 217
187, 217
124, 217
22, 217
0, 217
188, 217
203, 217
200, 217
206, 217
201, 217
59, 217
28, 217
7, 217
9, 217
133, 217
204, 217
202, 217
200, 217
200, 217
110, 217
27, 217
23, 217
207, 217
12, 217
57, 217
143, 217
9, 217
18, 217
1, 217
0, 217
136, 217
201, 217
203, 217
200, 217
188, 217
201, 217
33, 217
173, 217
7, 217
201, 217
207, 217
169, 217
201, 217
10, 217
17, 217
203, 217
203, 217
155, 217
137, 217
2, 217
151, 217
97, 217
192, 217
0, 217
30, 217
31, 217
1, 217
9, 217
201, 217
203, 217
204, 217
203, 217
62, 217
201, 217
85, 217
200, 217
180, 217
13, 217
0, 217
125, 217
201, 217
121, 217
79, 217
14, 217
191, 217
24, 217
160, 217
50, 217
2, 217
105, 217
6, 217
99, 217
205, 217
145, 217
200, 217
206, 217
201, 217
124, 217
21, 217
1, 217
74, 217
131, 217
206, 217
94, 217
201, 217
200, 217
111, 217
38, 217
202, 217
143, 217
215, 217
200, 217
202, 217
66, 217
3, 217
2, 217
135, 217
16, 217
143, 217
13, 217
109, 217
24, 217
2, 217
99, 217
206, 217
201, 217
201, 217
213, 217
146, 217
204, 217
202, 217
200, 217
153, 217
