#Algorithm: Qlearning, Speed: 1, Boost: 1, PM: True, Env size: (20, 20), Car size: (5, 4),
#Counter: 100, Nsteps: 10000000, Gamma: 1, LearnRate: 0.01, Eps: 0.5, Epsdecay: 0.9
0, 0
0, 0
1, 1
3, 3
5, 5
1, 5
6, 6
1, 6
0, 6
0, 6
2, 6
2, 6
3, 6
3, 6
1, 6
0, 6
4, 6
0, 6
4, 6
3, 6
1, 6
9, 9
0, 9
0, 9
0, 9
1, 9
1, 9
0, 9
0, 9
10, 10
4, 10
1, 10
13, 13
2, 13
1, 13
2, 13
1, 13
3, 13
1, 13
1, 13
3, 13
9, 13
2, 13
3, 13
7, 13
3, 13
4, 13
0, 13
9, 13
1, 13
5, 13
1, 13
5, 13
2, 13
3, 13
7, 13
2, 13
1, 13
6, 13
3, 13
0, 13
3, 13
2, 13
1, 13
1, 13
0, 13
1, 13
2, 13
7, 13
2, 13
3, 13
2, 13
4, 13
6, 13
6, 13
0, 13
3, 13
7, 13
1, 13
40, 40
7, 40
1, 40
1, 40
8, 40
2, 40
0, 40
0, 40
0, 40
11, 40
2, 40
4, 40
6, 40
4, 40
0, 40
0, 40
2, 40
9, 40
7, 40
6, 40
4, 40
8, 40
1, 40
0, 40
0, 40
2, 40
3, 40
0, 40
4, 40
1, 40
1, 40
3, 40
3, 40
0, 40
5, 40
0, 40
0, 40
0, 40
6, 40
5, 40
1, 40
7, 40
0, 40
1, 40
4, 40
0, 40
1, 40
5, 40
0, 40
3, 40
0, 40
3, 40
1, 40
3, 40
1, 40
8, 40
16, 40
1, 40
1, 40
8, 40
7, 40
1, 40
1, 40
0, 40
0, 40
5, 40
17, 40
0, 40
4, 40
1, 40
19, 40
10, 40
3, 40
5, 40
23, 40
99, 99
107, 107
22, 107
7, 107
12, 107
13, 107
86, 107
76, 107
2, 107
101, 107
128, 128
112, 128
114, 128
104, 128
108, 128
101, 128
102, 128
104, 128
102, 128
102, 128
114, 128
112, 128
104, 128
112, 128
125, 128
105, 128
109, 128
111, 128
103, 128
107, 128
103, 128
129, 129
117, 129
119, 129
100, 129
115, 129
104, 129
111, 129
113, 129
100, 129
100, 129
116, 129
102, 129
104, 129
112, 129
103, 129
102, 129
101, 129
107, 129
109, 129
105, 129
100, 129
103, 129
119, 129
112, 129
103, 129
108, 129
106, 129
102, 129
100, 129
104, 129
113, 129
102, 129
103, 129
111, 129
100, 129
116, 129
104, 129
102, 129
128, 129
101, 129
101, 129
100, 129
104, 129
103, 129
100, 129
103, 129
114, 129
101, 129
106, 129
106, 129
109, 129
111, 129
110, 129
118, 129
106, 129
107, 129
101, 129
106, 129
101, 129
125, 129
106, 129
100, 129
113, 129
141, 141
104, 141
100, 141
108, 141
106, 141
106, 141
116, 141
132, 141
104, 141
107, 141
131, 141
102, 141
110, 141
110, 141
112, 141
102, 141
115, 141
101, 141
106, 141
103, 141
100, 141
113, 141
122, 141
100, 141
105, 141
100, 141
130, 141
106, 141
100, 141
127, 141
101, 141
113, 141
161, 161
101, 161
103, 161
100, 161
122, 161
118, 161
100, 161
101, 161
108, 161
120, 161
103, 161
102, 161
103, 161
108, 161
115, 161
104, 161
116, 161
101, 161
107, 161
126, 161
108, 161
130, 161
102, 161
103, 161
116, 161
103, 161
103, 161
101, 161
101, 161
102, 161
104, 161
106, 161
102, 161
119, 161
104, 161
106, 161
100, 161
123, 161
102, 161
100, 161
100, 161
103, 161
117, 161
103, 161
100, 161
102, 161
102, 161
101, 161
100, 161
101, 161
105, 161
102, 161
105, 161
119, 161
100, 161
100, 161
103, 161
101, 161
114, 161
106, 161
105, 161
104, 161
121, 161
110, 161
101, 161
114, 161
108, 161
126, 161
100, 161
112, 161
136, 161
113, 161
101, 161
110, 161
124, 161
111, 161
132, 161
105, 161
113, 161
100, 161
101, 161
101, 161
111, 161
105, 161
107, 161
113, 161
111, 161
108, 161
101, 161
103, 161
100, 161
100, 161
107, 161
111, 161
113, 161
104, 161
100, 161
102, 161
122, 161
103, 161
105, 161
102, 161
108, 161
100, 161
106, 161
110, 161
115, 161
102, 161
106, 161
101, 161
136, 161
104, 161
106, 161
106, 161
101, 161
109, 161
115, 161
105, 161
109, 161
110, 161
103, 161
101, 161
101, 161
103, 161
114, 161
103, 161
104, 161
115, 161
125, 161
105, 161
108, 161
123, 161
105, 161
201, 201
100, 201
118, 201
145, 201
101, 201
102, 201
115, 201
115, 201
104, 201
106, 201
103, 201
102, 201
102, 201
102, 201
113, 201
102, 201
102, 201
110, 201
102, 201
113, 201
103, 201
103, 201
105, 201
101, 201
105, 201
105, 201
125, 201
116, 201
101, 201
100, 201
118, 201
100, 201
100, 201
103, 201
119, 201
103, 201
113, 201
100, 201
102, 201
101, 201
113, 201
100, 201
100, 201
110, 201
100, 201
119, 201
122, 201
103, 201
103, 201
119, 201
117, 201
100, 201
117, 201
142, 201
116, 201
110, 201
107, 201
103, 201
111, 201
128, 201
115, 201
101, 201
111, 201
108, 201
102, 201
101, 201
107, 201
103, 201
115, 201
111, 201
103, 201
103, 201
101, 201
103, 201
109, 201
107, 201
102, 201
126, 201
109, 201
126, 201
101, 201
105, 201
104, 201
111, 201
126, 201
103, 201
100, 201
101, 201
101, 201
100, 201
104, 201
110, 201
154, 201
109, 201
102, 201
112, 201
113, 201
102, 201
103, 201
119, 201
110, 201
107, 201
107, 201
105, 201
100, 201
104, 201
106, 201
103, 201
110, 201
103, 201
114, 201
104, 201
102, 201
106, 201
106, 201
121, 201
109, 201
126, 201
101, 201
139, 201
114, 201
106, 201
102, 201
113, 201
103, 201
103, 201
105, 201
101, 201
105, 201
115, 201
101, 201
109, 201
106, 201
106, 201
105, 201
125, 201
100, 201
106, 201
102, 201
118, 201
101, 201
119, 201
101, 201
101, 201
112, 201
101, 201
113, 201
103, 201
105, 201
112, 201
110, 201
103, 201
125, 201
113, 201
106, 201
102, 201
117, 201
102, 201
100, 201
109, 201
116, 201
110, 201
101, 201
113, 201
101, 201
114, 201
101, 201
103, 201
102, 201
109, 201
120, 201
103, 201
108, 201
107, 201
114, 201
117, 201
104, 201
102, 201
101, 201
103, 201
110, 201
111, 201
107, 201
108, 201
112, 201
101, 201
129, 201
101, 201
104, 201
109, 201
100, 201
141, 201
100, 201
114, 201
109, 201
153, 201
112, 201
100, 201
102, 201
110, 201
100, 201
115, 201
101, 201
112, 201
107, 201
101, 201
104, 201
101, 201
105, 201
103, 201
105, 201
134, 201
111, 201
132, 201
100, 201
117, 201
128, 201
112, 201
101, 201
100, 201
124, 201
108, 201
106, 201
108, 201
121, 201
123, 201
101, 201
106, 201
100, 201
112, 201
101, 201
116, 201
104, 201
152, 201
116, 201
100, 201
100, 201
117, 201
102, 201
105, 201
101, 201
100, 201
102, 201
110, 201
101, 201
101, 201
104, 201
106, 201
100, 201
109, 201
102, 201
101, 201
114, 201
144, 201
101, 201
101, 201
127, 201
118, 201
113, 201
106, 201
100, 201
109, 201
103, 201
118, 201
104, 201
107, 201
114, 201
129, 201
100, 201
122, 201
120, 201
103, 201
100, 201
111, 201
119, 201
103, 201
103, 201
115, 201
108, 201
105, 201
112, 201
101, 201
101, 201
112, 201
101, 201
109, 201
105, 201
102, 201
112, 201
110, 201
111, 201
110, 201
103, 201
109, 201
100, 201
108, 201
102, 201
100, 201
104, 201
106, 201
102, 201
129, 201
102, 201
109, 201
100, 201
100, 201
101, 201
118, 201
101, 201
103, 201
108, 201
100, 201
106, 201
108, 201
104, 201
100, 201
104, 201
113, 201
118, 201
157, 201
116, 201
113, 201
1, 201
4, 201
1, 201
0, 201
1, 201
1, 201
0, 201
2, 201
0, 201
5, 201
3, 201
109, 201
123, 201
118, 201
100, 201
102, 201
120, 201
104, 201
108, 201
100, 201
102, 201
104, 201
109, 201
100, 201
126, 201
133, 201
112, 201
104, 201
108, 201
103, 201
101, 201
100, 201
104, 201
101, 201
102, 201
103, 201
102, 201
120, 201
105, 201
106, 201
100, 201
124, 201
100, 201
119, 201
112, 201
111, 201
100, 201
111, 201
108, 201
103, 201
100, 201
105, 201
101, 201
105, 201
114, 201
100, 201
103, 201
100, 201
103, 201
106, 201
120, 201
109, 201
100, 201
108, 201
112, 201
105, 201
103, 201
101, 201
105, 201
137, 201
107, 201
103, 201
112, 201
157, 201
107, 201
107, 201
109, 201
105, 201
106, 201
103, 201
100, 201
100, 201
102, 201
120, 201
104, 201
117, 201
103, 201
102, 201
106, 201
122, 201
101, 201
111, 201
109, 201
104, 201
164, 201
122, 201
104, 201
100, 201
120, 201
119, 201
171, 201
107, 201
100, 201
100, 201
106, 201
100, 201
103, 201
100, 201
130, 201
110, 201
103, 201
103, 201
105, 201
109, 201
101, 201
107, 201
103, 201
118, 201
119, 201
104, 201
103, 201
105, 201
101, 201
104, 201
115, 201
104, 201
105, 201
108, 201
100, 201
103, 201
101, 201
109, 201
108, 201
102, 201
106, 201
105, 201
141, 201
102, 201
139, 201
104, 201
100, 201
102, 201
106, 201
108, 201
100, 201
105, 201
105, 201
103, 201
101, 201
102, 201
102, 201
103, 201
102, 201
100, 201
147, 201
100, 201
101, 201
107, 201
106, 201
114, 201
132, 201
111, 201
109, 201
108, 201
125, 201
115, 201
110, 201
145, 201
108, 201
121, 201
107, 201
111, 201
110, 201
119, 201
103, 201
119, 201
101, 201
109, 201
108, 201
109, 201
110, 201
122, 201
103, 201
104, 201
103, 201
119, 201
112, 201
107, 201
111, 201
143, 201
113, 201
118, 201
101, 201
101, 201
105, 201
116, 201
103, 201
109, 201
117, 201
130, 201
111, 201
105, 201
117, 201
140, 201
100, 201
117, 201
110, 201
104, 201
100, 201
106, 201
116, 201
112, 201
107, 201
116, 201
104, 201
102, 201
112, 201
104, 201
128, 201
108, 201
102, 201
101, 201
105, 201
101, 201
142, 201
108, 201
116, 201
140, 201
107, 201
100, 201
121, 201
116, 201
112, 201
100, 201
133, 201
105, 201
108, 201
103, 201
104, 201
113, 201
112, 201
104, 201
101, 201
100, 201
101, 201
103, 201
106, 201
100, 201
104, 201
100, 201
124, 201
101, 201
106, 201
102, 201
101, 201
100, 201
136, 201
104, 201
121, 201
106, 201
103, 201
134, 201
105, 201
101, 201
111, 201
#Algorithm: Qlearning, Speed: 1, Boost: 1, PM: True, Env size: (20, 20), Car size: (5, 4),
#Counter: 100, Nsteps: 10000000, Gamma: 1, LearnRate: 0.01, Eps: 0.5, Epsdecay: 0.9
2, 2
0, 2
1, 2
2, 2
0, 2
1, 2
0, 2
4, 4
0, 4
0, 4
2, 4
0, 4
1, 4
0, 4
1, 4
1, 4
3, 4
0, 4
4, 4
0, 4
7, 7
12, 12
4, 12
2, 12
4, 12
5, 12
5, 12
2, 12
15, 15
2, 15
7, 15
0, 15
0, 15
6, 15
4, 15
0, 15
3, 15
0, 15
5, 15
0, 15
3, 15
1, 15
0, 15
3, 15
4, 15
0, 15
0, 15
3, 15
6, 15
1, 15
3, 15
2, 15
0, 15
1, 15
8, 15
5, 15
3, 15
0, 15
0, 15
2, 15
7, 15
1, 15
0, 15
1, 15
2, 15
0, 15
0, 15
2, 15
23, 23
1, 23
1, 23
8, 23
8, 23
12, 23
1, 23
0, 23
5, 23
3, 23
0, 23
0, 23
8, 23
8, 23
3, 23
3, 23
4, 23
13, 23
4, 23
0, 23
2, 23
0, 23
1, 23
0, 23
1, 23
1, 23
10, 23
1, 23
2, 23
0, 23
11, 23
4, 23
2, 23
4, 23
0, 23
1, 23
4, 23
1, 23
1, 23
10, 23
0, 23
2, 23
3, 23
18, 23
1, 23
0, 23
2, 23
0, 23
7, 23
2, 23
10, 23
0, 23
7, 23
0, 23
2, 23
0, 23
3, 23
1, 23
11, 23
15, 23
0, 23
1, 23
3, 23
8, 23
10, 23
1, 23
3, 23
7, 23
6, 23
4, 23
6, 23
10, 23
8, 23
68, 68
106, 106
0, 106
7, 106
2, 106
2, 106
16, 106
1, 106
6, 106
18, 106
60, 106
6, 106
12, 106
5, 106
37, 106
3, 106
4, 106
4, 106
8, 106
2, 106
0, 106
7, 106
107, 107
235, 235
211, 235
301, 301
309, 309
315, 315
304, 315
300, 315
310, 315
313, 315
306, 315
306, 315
300, 315
306, 315
332, 332
308, 332
305, 332
308, 332
303, 332
311, 332
300, 332
314, 332
304, 332
306, 332
317, 332
300, 332
301, 332
335, 335
302, 335
312, 335
306, 335
313, 335
300, 335
305, 335
322, 335
318, 335
305, 335
311, 335
301, 335
331, 335
306, 335
301, 335
304, 335
313, 335
343, 343
312, 343
302, 343
317, 343
331, 343
306, 343
307, 343
304, 343
308, 343
300, 343
313, 343
326, 343
361, 361
315, 361
300, 361
300, 361
301, 361
308, 361
346, 361
304, 361
308, 361
314, 361
323, 361
312, 361
311, 361
301, 361
301, 361
312, 361
309, 361
315, 361
309, 361
309, 361
332, 361
326, 361
311, 361
304, 361
310, 361
306, 361
309, 361
306, 361
316, 361
300, 361
302, 361
313, 361
312, 361
301, 361
301, 361
301, 361
329, 361
324, 361
312, 361
319, 361
312, 361
306, 361
308, 361
326, 361
302, 361
301, 361
302, 361
329, 361
306, 361
311, 361
308, 361
315, 361
301, 361
317, 361
313, 361
309, 361
302, 361
305, 361
302, 361
313, 361
311, 361
302, 361
311, 361
334, 361
338, 361
324, 361
318, 361
303, 361
314, 361
324, 361
300, 361
305, 361
314, 361
304, 361
305, 361
312, 361
337, 361
351, 361
302, 361
325, 361
313, 361
309, 361
307, 361
331, 361
314, 361
375, 375
302, 375
328, 375
307, 375
319, 375
346, 375
321, 375
303, 375
302, 375
312, 375
314, 375
303, 375
300, 375
307, 375
306, 375
302, 375
332, 375
303, 375
313, 375
300, 375
300, 375
304, 375
300, 375
304, 375
300, 375
308, 375
301, 375
326, 375
302, 375
302, 375
325, 375
317, 375
406, 406
305, 406
366, 406
312, 406
303, 406
306, 406
313, 406
308, 406
357, 406
303, 406
307, 406
322, 406
317, 406
316, 406
301, 406
321, 406
408, 408
308, 408
305, 408
307, 408
317, 408
305, 408
318, 408
301, 408
310, 408
311, 408
337, 408
305, 408
304, 408
317, 408
310, 408
311, 408
363, 408
335, 408
308, 408
310, 408
315, 408
301, 408
307, 408
308, 408
320, 408
309, 408
308, 408
300, 408
312, 408
303, 408
313, 408
323, 408
325, 408
303, 408
316, 408
303, 408
312, 408
304, 408
317, 408
350, 408
320, 408
303, 408
304, 408
310, 408
305, 408
308, 408
321, 408
337, 408
307, 408
310, 408
300, 408
305, 408
300, 408
324, 408
347, 408
301, 408
319, 408
305, 408
302, 408
308, 408
300, 408
337, 408
318, 408
310, 408
316, 408
305, 408
301, 408
312, 408
302, 408
303, 408
300, 408
301, 408
308, 408
303, 408
308, 408
301, 408
301, 408
310, 408
302, 408
316, 408
305, 408
318, 408
331, 408
326, 408
307, 408
308, 408
300, 408
305, 408
300, 408
307, 408
315, 408
320, 408
379, 408
318, 408
308, 408
303, 408
313, 408
321, 408
301, 408
310, 408
336, 408
302, 408
328, 408
313, 408
307, 408
306, 408
311, 408
304, 408
345, 408
307, 408
319, 408
323, 408
373, 408
335, 408
312, 408
326, 408
304, 408
309, 408
302, 408
364, 408
329, 408
302, 408
338, 408
334, 408
317, 408
335, 408
333, 408
308, 408
314, 408
351, 408
317, 408
313, 408
313, 408
305, 408
389, 408
313, 408
300, 408
309, 408
319, 408
304, 408
367, 408
332, 408
310, 408
322, 408
305, 408
313, 408
325, 408
325, 408
321, 408
344, 408
321, 408
312, 408
308, 408
304, 408
302, 408
315, 408
305, 408
306, 408
303, 408
305, 408
304, 408
312, 408
310, 408
300, 408
313, 408
317, 408
303, 408
314, 408
317, 408
311, 408
321, 408
310, 408
325, 408
302, 408
311, 408
302, 408
311, 408
318, 408
311, 408
325, 408
300, 408
319, 408
305, 408
300, 408
312, 408
307, 408
308, 408
312, 408
308, 408
300, 408
301, 408
355, 408
311, 408
319, 408
323, 408
313, 408
314, 408
349, 408
300, 408
348, 408
302, 408
314, 408
316, 408
311, 408
319, 408
301, 408
341, 408
316, 408
342, 408
334, 408
370, 408
302, 408
339, 408
303, 408
344, 408
306, 408
306, 408
308, 408
312, 408
301, 408
303, 408
320, 408
303, 408
301, 408
316, 408
305, 408
300, 408
301, 408
305, 408
301, 408
322, 408
316, 408
318, 408
321, 408
308, 408
305, 408
311, 408
325, 408
309, 408
300, 408
319, 408
306, 408
304, 408
307, 408
301, 408
306, 408
305, 408
307, 408
315, 408
300, 408
320, 408
377, 408
307, 408
304, 408
304, 408
322, 408
331, 408
316, 408
371, 408
353, 408
322, 408
303, 408
332, 408
345, 408
321, 408
331, 408
319, 408
305, 408
315, 408
313, 408
302, 408
305, 408
303, 408
326, 408
312, 408
303, 408
307, 408
339, 408
308, 408
333, 408
345, 408
303, 408
338, 408
308, 408
337, 408
326, 408
313, 408
311, 408
322, 408
303, 408
330, 408
302, 408
311, 408
324, 408
337, 408
303, 408
307, 408
317, 408
306, 408
302, 408
308, 408
302, 408
305, 408
301, 408
314, 408
301, 408
343, 408
310, 408
308, 408
331, 408
309, 408
300, 408
318, 408
341, 408
312, 408
317, 408
303, 408
306, 408
311, 408
301, 408
325, 408
332, 408
312, 408
301, 408
316, 408
303, 408
301, 408
316, 408
315, 408
304, 408
300, 408
317, 408
319, 408
307, 408
328, 408
309, 408
318, 408
309, 408
305, 408
307, 408
301, 408
324, 408
301, 408
308, 408
346, 408
310, 408
322, 408
309, 408
305, 408
318, 408
323, 408
304, 408
321, 408
307, 408
303, 408
305, 408
314, 408
329, 408
302, 408
306, 408
300, 408
303, 408
314, 408
300, 408
308, 408
312, 408
311, 408
315, 408
302, 408
303, 408
304, 408
303, 408
306, 408
329, 408
313, 408
336, 408
310, 408
315, 408
337, 408
300, 408
306, 408
305, 408
301, 408
302, 408
310, 408
300, 408
318, 408
329, 408
302, 408
301, 408
309, 408
319, 408
359, 408
313, 408
312, 408
348, 408
301, 408
332, 408
321, 408
327, 408
350, 408
314, 408
310, 408
335, 408
355, 408
362, 408
313, 408
312, 408
339, 408
308, 408
311, 408
334, 408
323, 408
315, 408
308, 408
338, 408
321, 408
302, 408
333, 408
306, 408
300, 408
301, 408
309, 408
303, 408
315, 408
307, 408
307, 408
309, 408
317, 408
345, 408
304, 408
301, 408
305, 408
309, 408
323, 408
308, 408
301, 408
317, 408
316, 408
322, 408
327, 408
311, 408
301, 408
355, 408
326, 408
333, 408
331, 408
304, 408
330, 408
323, 408
350, 408
327, 408
306, 408
366, 408
306, 408
310, 408
312, 408
373, 408
318, 408
303, 408
308, 408
303, 408
335, 408
340, 408
305, 408
310, 408
339, 408
347, 408
351, 408
315, 408
318, 408
317, 408
315, 408
302, 408
311, 408
300, 408
364, 408
306, 408
314, 408
333, 408
308, 408
318, 408
321, 408
300, 408
313, 408
322, 408
310, 408
356, 408
304, 408
332, 408
333, 408
323, 408
309, 408
322, 408
311, 408
322, 408
322, 408
323, 408
300, 408
347, 408
301, 408
387, 408
306, 408
300, 408
304, 408
302, 408
327, 408
306, 408
318, 408
310, 408
324, 408
322, 408
307, 408
325, 408
301, 408
300, 408
305, 408
304, 408
303, 408
331, 408
300, 408
324, 408
343, 408
317, 408
333, 408
309, 408
358, 408
304, 408
314, 408
334, 408
323, 408
316, 408
303, 408
322, 408
301, 408
302, 408
345, 408
319, 408
321, 408
340, 408
313, 408
308, 408
319, 408
302, 408
304, 408
383, 408
330, 408
331, 408
309, 408
301, 408
323, 408
321, 408
332, 408
316, 408
311, 408
300, 408
312, 408
300, 408
305, 408
321, 408
301, 408
304, 408
300, 408
324, 408
342, 408
303, 408
322, 408
331, 408
307, 408
302, 408
303, 408
328, 408
304, 408
339, 408
336, 408
313, 408
312, 408
333, 408
324, 408
303, 408
307, 408
301, 408
309, 408
302, 408
322, 408
305, 408
300, 408
303, 408
301, 408
306, 408
314, 408
326, 408
314, 408
349, 408
325, 408
345, 408
316, 408
335, 408
300, 408
307, 408
338, 408
327, 408
314, 408
314, 408
309, 408
321, 408
317, 408
355, 408
326, 408
343, 408
311, 408
300, 408
327, 408
312, 408
338, 408
327, 408
305, 408
305, 408
304, 408
300, 408
329, 408
310, 408
302, 408
304, 408
325, 408
303, 408
309, 408
327, 408
303, 408
302, 408
303, 408
348, 408
315, 408
346, 408
318, 408
312, 408
300, 408
315, 408
343, 408
321, 408
109, 408
101, 408
103, 408
135, 408
102, 408
107, 408
106, 408
105, 408
#Algorithm: Qlearning, Speed: 1, Boost: 1, PM: True, Env size: (20, 20), Car size: (5, 4),
#Counter: 100, Nsteps: 10000000, Gamma: 1, LearnRate: 0.01, Eps: 0.5, Epsdecay: 0.9
2, 2
2, 2
2, 2
0, 2
1, 2
3, 3
0, 3
1, 3
2, 3
1, 3
0, 3
4, 4
1, 4
3, 4
3, 4
0, 4
3, 4
1, 4
9, 9
0, 9
1, 9
1, 9
4, 9
6, 9
0, 9
2, 9
6, 9
2, 9
1, 9
4, 9
11, 11
16, 16
41, 41
15, 41
0, 41
6, 41
2, 41
3, 41
0, 41
9, 41
0, 41
15, 41
1, 41
4, 41
5, 41
3, 41
3, 41
7, 41
6, 41
2, 41
6, 41
1, 41
1, 41
1, 41
4, 41
1, 41
0, 41
8, 41
3, 41
3, 41
1, 41
3, 41
1, 41
3, 41
2, 41
0, 41
2, 41
3, 41
4, 41
1, 41
11, 41
9, 41
8, 41
1, 41
12, 41
1, 41
0, 41
1, 41
9, 41
6, 41
1, 41
11, 41
11, 41
6, 41
10, 41
12, 41
1, 41
1, 41
0, 41
5, 41
6, 41
2, 41
3, 41
2, 41
1, 41
4, 41
12, 41
2, 41
0, 41
4, 41
0, 41
3, 41
2, 41
2, 41
1, 41
2, 41
3, 41
18, 41
1, 41
1, 41
6, 41
3, 41
1, 41
1, 41
1, 41
3, 41
4, 41
0, 41
3, 41
2, 41
7, 41
0, 41
1, 41
0, 41
3, 41
2, 41
11, 41
0, 41
2, 41
0, 41
4, 41
2, 41
4, 41
8, 41
3, 41
1, 41
3, 41
0, 41
2, 41
0, 41
29, 41
14, 41
1, 41
9, 41
2, 41
3, 41
3, 41
5, 41
7, 41
5, 41
7, 41
2, 41
7, 41
9, 41
124, 124
6, 124
5, 124
0, 124
39, 124
4, 124
25, 124
14, 124
15, 124
8, 124
107, 124
114, 124
121, 124
101, 124
100, 124
100, 124
103, 124
106, 124
100, 124
104, 124
100, 124
118, 124
104, 124
100, 124
119, 124
100, 124
114, 124
109, 124
104, 124
105, 124
101, 124
111, 124
103, 124
100, 124
105, 124
104, 124
101, 124
119, 124
100, 124
100, 124
102, 124
105, 124
100, 124
107, 124
102, 124
118, 124
104, 124
112, 124
109, 124
111, 124
106, 124
109, 124
101, 124
106, 124
104, 124
136, 136
100, 136
103, 136
103, 136
127, 136
115, 136
110, 136
112, 136
101, 136
109, 136
104, 136
103, 136
104, 136
103, 136
116, 136
115, 136
101, 136
100, 136
110, 136
100, 136
104, 136
107, 136
102, 136
127, 136
126, 136
105, 136
122, 136
104, 136
105, 136
117, 136
102, 136
102, 136
102, 136
102, 136
148, 148
146, 148
104, 148
105, 148
117, 148
106, 148
106, 148
126, 148
114, 148
113, 148
110, 148
106, 148
101, 148
102, 148
104, 148
102, 148
107, 148
100, 148
126, 148
103, 148
105, 148
106, 148
102, 148
111, 148
108, 148
100, 148
100, 148
104, 148
101, 148
106, 148
108, 148
101, 148
111, 148
108, 148
130, 148
124, 148
107, 148
110, 148
107, 148
100, 148
107, 148
131, 148
109, 148
100, 148
100, 148
117, 148
121, 148
109, 148
109, 148
111, 148
101, 148
124, 148
108, 148
103, 148
109, 148
109, 148
110, 148
103, 148
137, 148
115, 148
100, 148
110, 148
110, 148
107, 148
120, 148
103, 148
105, 148
100, 148
100, 148
106, 148
101, 148
101, 148
101, 148
119, 148
100, 148
118, 148
102, 148
103, 148
127, 148
103, 148
104, 148
100, 148
116, 148
103, 148
114, 148
104, 148
128, 148
117, 148
106, 148
101, 148
113, 148
100, 148
115, 148
105, 148
109, 148
102, 148
106, 148
148, 148
104, 148
100, 148
102, 148
104, 148
117, 148
103, 148
102, 148
115, 148
145, 148
103, 148
114, 148
103, 148
104, 148
105, 148
110, 148
105, 148
106, 148
109, 148
137, 148
102, 148
101, 148
104, 148
102, 148
103, 148
105, 148
109, 148
106, 148
101, 148
106, 148
117, 148
103, 148
111, 148
100, 148
132, 148
108, 148
116, 148
104, 148
112, 148
103, 148
146, 148
124, 148
106, 148
105, 148
101, 148
108, 148
106, 148
103, 148
105, 148
112, 148
112, 148
112, 148
103, 148
101, 148
106, 148
101, 148
116, 148
110, 148
103, 148
104, 148
101, 148
107, 148
105, 148
102, 148
103, 148
104, 148
103, 148
112, 148
100, 148
100, 148
100, 148
100, 148
128, 148
103, 148
100, 148
107, 148
102, 148
112, 148
101, 148
102, 148
100, 148
101, 148
115, 148
106, 148
106, 148
115, 148
101, 148
110, 148
113, 148
114, 148
106, 148
101, 148
107, 148
111, 148
105, 148
124, 148
103, 148
101, 148
102, 148
110, 148
100, 148
110, 148
122, 148
111, 148
103, 148
100, 148
101, 148
103, 148
108, 148
104, 148
102, 148
100, 148
102, 148
107, 148
100, 148
119, 148
129, 148
103, 148
101, 148
101, 148
113, 148
111, 148
102, 148
102, 148
106, 148
105, 148
114, 148
101, 148
102, 148
103, 148
104, 148
117, 148
104, 148
120, 148
103, 148
104, 148
109, 148
106, 148
100, 148
102, 148
101, 148
111, 148
103, 148
112, 148
107, 148
120, 148
102, 148
102, 148
100, 148
102, 148
108, 148
106, 148
101, 148
111, 148
104, 148
104, 148
100, 148
102, 148
100, 148
104, 148
105, 148
116, 148
103, 148
101, 148
106, 148
110, 148
105, 148
100, 148
118, 148
101, 148
102, 148
116, 148
117, 148
122, 148
103, 148
109, 148
114, 148
107, 148
103, 148
115, 148
102, 148
104, 148
105, 148
110, 148
126, 148
105, 148
101, 148
103, 148
100, 148
117, 148
121, 148
101, 148
109, 148
126, 148
107, 148
140, 148
100, 148
115, 148
103, 148
101, 148
111, 148
101, 148
136, 148
102, 148
122, 148
140, 148
117, 148
126, 148
149, 149
107, 149
103, 149
127, 149
104, 149
121, 149
121, 149
114, 149
100, 149
112, 149
103, 149
104, 149
104, 149
102, 149
105, 149
110, 149
114, 149
154, 154
101, 154
130, 154
128, 154
111, 154
112, 154
130, 154
140, 154
106, 154
115, 154
101, 154
101, 154
106, 154
108, 154
103, 154
104, 154
110, 154
147, 154
105, 154
100, 154
103, 154
104, 154
113, 154
114, 154
103, 154
104, 154
102, 154
104, 154
101, 154
113, 154
101, 154
106, 154
150, 154
138, 154
167, 167
107, 167
143, 167
143, 167
104, 167
125, 167
117, 167
113, 167
108, 167
108, 167
167, 167
120, 167
105, 167
156, 167
114, 167
101, 167
103, 167
120, 167
130, 167
107, 167
111, 167
117, 167
105, 167
133, 167
108, 167
104, 167
100, 167
143, 167
106, 167
142, 167
101, 167
126, 167
101, 167
102, 167
108, 167
130, 167
149, 167
116, 167
204, 204
117, 204
130, 204
159, 204
11, 204
4, 204
21, 204
1, 204
102, 204
101, 204
100, 204
110, 204
102, 204
102, 204
102, 204
101, 204
100, 204
101, 204
100, 204
105, 204
100, 204
101, 204
101, 204
104, 204
104, 204
100, 204
100, 204
103, 204
100, 204
103, 204
100, 204
105, 204
101, 204
101, 204
103, 204
103, 204
100, 204
100, 204
101, 204
104, 204
102, 204
101, 204
102, 204
105, 204
102, 204
111, 204
108, 204
102, 204
101, 204
101, 204
100, 204
103, 204
100, 204
101, 204
100, 204
103, 204
103, 204
101, 204
110, 204
100, 204
102, 204
106, 204
107, 204
103, 204
108, 204
100, 204
105, 204
101, 204
100, 204
100, 204
104, 204
104, 204
100, 204
102, 204
104, 204
103, 204
101, 204
105, 204
101, 204
102, 204
100, 204
107, 204
100, 204
100, 204
101, 204
100, 204
101, 204
100, 204
101, 204
101, 204
100, 204
101, 204
107, 204
100, 204
100, 204
108, 204
100, 204
101, 204
103, 204
103, 204
100, 204
100, 204
102, 204
100, 204
100, 204
101, 204
102, 204
102, 204
107, 204
100, 204
100, 204
101, 204
102, 204
100, 204
105, 204
101, 204
100, 204
100, 204
109, 204
107, 204
100, 204
104, 204
103, 204
101, 204
102, 204
100, 204
102, 204
107, 204
105, 204
102, 204
100, 204
100, 204
104, 204
101, 204
100, 204
100, 204
100, 204
100, 204
105, 204
111, 204
111, 204
100, 204
105, 204
101, 204
106, 204
102, 204
100, 204
101, 204
101, 204
102, 204
104, 204
107, 204
101, 204
101, 204
103, 204
104, 204
101, 204
101, 204
101, 204
100, 204
100, 204
101, 204
103, 204
106, 204
100, 204
101, 204
103, 204
101, 204
101, 204
102, 204
101, 204
104, 204
104, 204
104, 204
104, 204
102, 204
102, 204
100, 204
100, 204
101, 204
106, 204
112, 204
105, 204
108, 204
103, 204
100, 204
100, 204
102, 204
102, 204
100, 204
116, 204
103, 204
100, 204
100, 204
103, 204
102, 204
103, 204
100, 204
100, 204
100, 204
104, 204
103, 204
100, 204
100, 204
110, 204
101, 204
101, 204
100, 204
101, 204
105, 204
103, 204
100, 204
100, 204
104, 204
113, 204
102, 204
104, 204
100, 204
100, 204
101, 204
101, 204
104, 204
101, 204
104, 204
105, 204
100, 204
100, 204
101, 204
100, 204
100, 204
104, 204
107, 204
101, 204
100, 204
109, 204
100, 204
109, 204
100, 204
105, 204
100, 204
100, 204
102, 204
108, 204
101, 204
102, 204
104, 204
110, 204
100, 204
107, 204
102, 204
105, 204
102, 204
100, 204
103, 204
104, 204
108, 204
108, 204
103, 204
100, 204
100, 204
101, 204
100, 204
102, 204
113, 204
101, 204
101, 204
100, 204
107, 204
102, 204
101, 204
102, 204
106, 204
112, 204
100, 204
102, 204
100, 204
100, 204
100, 204
109, 204
104, 204
101, 204
103, 204
100, 204
108, 204
101, 204
105, 204
101, 204
100, 204
102, 204
100, 204
102, 204
106, 204
100, 204
101, 204
102, 204
102, 204
103, 204
102, 204
106, 204
101, 204
100, 204
100, 204
103, 204
100, 204
109, 204
101, 204
104, 204
101, 204
106, 204
105, 204
104, 204
103, 204
101, 204
111, 204
101, 204
102, 204
103, 204
103, 204
100, 204
100, 204
105, 204
101, 204
101, 204
106, 204
100, 204
114, 204
107, 204
100, 204
102, 204
100, 204
103, 204
107, 204
100, 204
100, 204
100, 204
100, 204
101, 204
101, 204
102, 204
101, 204
101, 204
102, 204
104, 204
122, 204
2, 204
9, 204
10, 204
2, 204
0, 204
8, 204
0, 204
1, 204
0, 204
0, 204
2, 204
5, 204
0, 204
0, 204
3, 204
0, 204
0, 204
8, 204
1, 204
#Algorithm: Qlearning, Speed: 1, Boost: 1, PM: True, Env size: (20, 20), Car size: (5, 4),
#Counter: 100, Nsteps: 10000000, Gamma: 1, LearnRate: 0.01, Eps: 0.5, Epsdecay: 0.9
5, 5
1, 5
3, 5
1, 5
9, 9
4, 9
5, 9
11, 11
0, 11
1, 11
5, 11
5, 11
2, 11
5, 11
0, 11
2, 11
0, 11
4, 11
3, 11
2, 11
2, 11
3, 11
5, 11
1, 11
6, 11
3, 11
12, 12
3, 12
1, 12
0, 12
4, 12
2, 12
3, 12
6, 12
10, 12
1, 12
0, 12
4, 12
0, 12
4, 12
0, 12
0, 12
0, 12
4, 12
2, 12
2, 12
1, 12
0, 12
9, 12
9, 12
0, 12
0, 12
0, 12
3, 12
3, 12
1, 12
7, 12
1, 12
1, 12
1, 12
1, 12
0, 12
1, 12
3, 12
2, 12
8, 12
0, 12
2, 12
3, 12
4, 12
4, 12
16, 16
3, 16
0, 16
9, 16
18, 18
4, 18
23, 23
7, 23
50, 50
9, 50
25, 50
26, 50
11, 50
4, 50
0, 50
6, 50
1, 50
3, 50
2, 50
1, 50
1, 50
4, 50
7, 50
3, 50
4, 50
1, 50
4, 50
0, 50
7, 50
6, 50
2, 50
8, 50
5, 50
1, 50
10, 50
7, 50
10, 50
4, 50
43, 50
8, 50
33, 50
19, 50
36, 50
1, 50
5, 50
8, 50
14, 50
1, 50
5, 50
2, 50
19, 50
112, 112
0, 112
12, 112
5, 112
87, 112
103, 112
103, 112
0, 112
14, 112
13, 112
0, 112
1, 112
120, 120
17, 120
9, 120
17, 120
15, 120
11, 120
45, 120
4, 120
110, 120
18, 120
24, 120
2, 120
29, 120
2, 120
3, 120
8, 120
0, 120
0, 120
0, 120
9, 120
2, 120
16, 120
6, 120
3, 120
33, 120
113, 120
10, 120
2, 120
24, 120
107, 120
6, 120
7, 120
3, 120
11, 120
13, 120
14, 120
8, 120
12, 120
5, 120
0, 120
2, 120
5, 120
0, 120
7, 120
11, 120
13, 120
215, 215
230, 230
302, 302
300, 302
315, 315
308, 315
301, 315
313, 315
332, 332
315, 332
322, 332
325, 332
331, 332
306, 332
304, 332
310, 332
308, 332
301, 332
308, 332
309, 332
300, 332
329, 332
320, 332
306, 332
306, 332
304, 332
322, 332
330, 332
304, 332
345, 345
345, 345
313, 345
327, 345
304, 345
305, 345
315, 345
332, 345
308, 345
302, 345
327, 345
302, 345
302, 345
309, 345
309, 345
313, 345
302, 345
313, 345
306, 345
312, 345
312, 345
317, 345
376, 376
303, 376
352, 376
302, 376
316, 376
305, 376
310, 376
308, 376
307, 376
300, 376
318, 376
316, 376
307, 376
309, 376
301, 376
301, 376
303, 376
304, 376
327, 376
302, 376
317, 376
310, 376
334, 376
302, 376
307, 376
322, 376
302, 376
316, 376
302, 376
309, 376
305, 376
306, 376
311, 376
304, 376
300, 376
306, 376
308, 376
333, 376
308, 376
316, 376
306, 376
355, 376
301, 376
303, 376
301, 376
310, 376
300, 376
301, 376
335, 376
302, 376
319, 376
345, 376
357, 376
309, 376
312, 376
309, 376
324, 376
304, 376
312, 376
306, 376
326, 376
322, 376
317, 376
302, 376
307, 376
338, 376
306, 376
303, 376
306, 376
311, 376
307, 376
305, 376
310, 376
322, 376
330, 376
301, 376
319, 376
321, 376
302, 376
304, 376
358, 376
350, 376
349, 376
300, 376
314, 376
301, 376
315, 376
309, 376
300, 376
323, 376
305, 376
313, 376
305, 376
303, 376
318, 376
300, 376
303, 376
314, 376
303, 376
320, 376
309, 376
319, 376
302, 376
303, 376
301, 376
300, 376
315, 376
300, 376
300, 376
317, 376
309, 376
306, 376
302, 376
305, 376
300, 376
326, 376
360, 376
327, 376
328, 376
307, 376
311, 376
302, 376
301, 376
301, 376
301, 376
303, 376
306, 376
300, 376
302, 376
302, 376
321, 376
312, 376
307, 376
315, 376
341, 376
323, 376
307, 376
323, 376
302, 376
305, 376
301, 376
341, 376
310, 376
302, 376
305, 376
300, 376
303, 376
315, 376
310, 376
311, 376
315, 376
395, 395
301, 395
310, 395
374, 395
321, 395
314, 395
301, 395
308, 395
316, 395
308, 395
301, 395
316, 395
325, 395
384, 395
324, 395
375, 395
318, 395
314, 395
332, 395
304, 395
312, 395
301, 395
311, 395
317, 395
301, 395
354, 395
300, 395
318, 395
331, 395
311, 395
302, 395
306, 395
309, 395
308, 395
305, 395
309, 395
302, 395
307, 395
312, 395
322, 395
305, 395
316, 395
307, 395
307, 395
304, 395
309, 395
302, 395
313, 395
307, 395
316, 395
306, 395
310, 395
302, 395
336, 395
317, 395
330, 395
319, 395
319, 395
326, 395
326, 395
305, 395
309, 395
330, 395
307, 395
310, 395
329, 395
305, 395
301, 395
315, 395
304, 395
305, 395
302, 395
301, 395
322, 395
332, 395
311, 395
302, 395
314, 395
305, 395
364, 395
336, 395
301, 395
307, 395
308, 395
316, 395
304, 395
332, 395
320, 395
305, 395
328, 395
305, 395
308, 395
301, 395
371, 395
339, 395
301, 395
303, 395
306, 395
310, 395
301, 395
351, 395
305, 395
359, 395
300, 395
332, 395
309, 395
310, 395
303, 395
301, 395
309, 395
307, 395
327, 395
302, 395
326, 395
310, 395
301, 395
338, 395
305, 395
320, 395
303, 395
308, 395
322, 395
304, 395
316, 395
319, 395
312, 395
309, 395
354, 395
311, 395
327, 395
308, 395
304, 395
334, 395
322, 395
303, 395
383, 395
313, 395
313, 395
317, 395
357, 395
302, 395
323, 395
359, 395
308, 395
339, 395
305, 395
303, 395
301, 395
367, 395
321, 395
314, 395
318, 395
313, 395
312, 395
304, 395
317, 395
309, 395
301, 395
303, 395
312, 395
314, 395
309, 395
300, 395
300, 395
307, 395
312, 395
305, 395
302, 395
300, 395
349, 395
309, 395
309, 395
311, 395
305, 395
301, 395
312, 395
303, 395
318, 395
309, 395
340, 395
309, 395
300, 395
301, 395
301, 395
333, 395
300, 395
303, 395
356, 395
343, 395
323, 395
316, 395
314, 395
300, 395
324, 395
300, 395
305, 395
311, 395
312, 395
308, 395
323, 395
308, 395
301, 395
325, 395
301, 395
307, 395
332, 395
308, 395
386, 395
308, 395
314, 395
341, 395
317, 395
304, 395
353, 395
321, 395
301, 395
319, 395
306, 395
307, 395
318, 395
302, 395
315, 395
301, 395
303, 395
304, 395
300, 395
318, 395
311, 395
362, 395
302, 395
301, 395
368, 395
309, 395
309, 395
303, 395
312, 395
314, 395
309, 395
330, 395
312, 395
329, 395
300, 395
307, 395
316, 395
314, 395
330, 395
327, 395
304, 395
320, 395
310, 395
307, 395
304, 395
321, 395
301, 395
311, 395
305, 395
301, 395
315, 395
307, 395
309, 395
304, 395
306, 395
307, 395
331, 395
314, 395
321, 395
300, 395
317, 395
332, 395
323, 395
324, 395
322, 395
316, 395
303, 395
319, 395
326, 395
310, 395
314, 395
344, 395
314, 395
308, 395
315, 395
303, 395
349, 395
308, 395
310, 395
381, 395
406, 406
329, 406
310, 406
363, 406
305, 406
309, 406
300, 406
361, 406
307, 406
306, 406
333, 406
307, 406
371, 406
358, 406
301, 406
302, 406
327, 406
327, 406
302, 406
332, 406
344, 406
390, 406
302, 406
303, 406
339, 406
302, 406
303, 406
312, 406
373, 406
300, 406
372, 406
310, 406
307, 406
354, 406
315, 406
300, 406
303, 406
340, 406
354, 406
326, 406
330, 406
314, 406
328, 406
313, 406
341, 406
301, 406
311, 406
322, 406
320, 406
413, 413
301, 413
336, 413
307, 413
305, 413
304, 413
342, 413
310, 413
306, 413
300, 413
336, 413
301, 413
318, 413
343, 413
304, 413
303, 413
337, 413
300, 413
301, 413
330, 413
304, 413
311, 413
308, 413
300, 413
311, 413
302, 413
304, 413
324, 413
300, 413
310, 413
322, 413
316, 413
302, 413
311, 413
300, 413
311, 413
349, 413
300, 413
302, 413
325, 413
324, 413
300, 413
305, 413
327, 413
310, 413
332, 413
349, 413
306, 413
373, 413
303, 413
306, 413
302, 413
369, 413
318, 413
312, 413
315, 413
314, 413
304, 413
395, 413
401, 413
340, 413
319, 413
313, 413
315, 413
328, 413
313, 413
360, 413
323, 413
305, 413
310, 413
300, 413
369, 413
317, 413
326, 413
317, 413
359, 413
303, 413
311, 413
321, 413
300, 413
357, 413
305, 413
306, 413
310, 413
339, 413
318, 413
333, 413
344, 413
311, 413
307, 413
331, 413
319, 413
311, 413
326, 413
319, 413
310, 413
301, 413
307, 413
322, 413
305, 413
320, 413
317, 413
301, 413
343, 413
335, 413
312, 413
376, 413
313, 413
305, 413
313, 413
328, 413
300, 413
301, 413
304, 413
329, 413
367, 413
320, 413
339, 413
302, 413
304, 413
314, 413
300, 413
350, 413
365, 413
303, 413
303, 413
312, 413
394, 413
123, 413
105, 413
121, 413
120, 413
102, 413
110, 413
118, 413
124, 413
105, 413
105, 413
102, 413
103, 413
102, 413
122, 413
109, 413
101, 413
124, 413
152, 413
106, 413
136, 413
104, 413
112, 413
101, 413
102, 413
103, 413
111, 413
135, 413
118, 413
107, 413
107, 413
128, 413
102, 413
125, 413
106, 413
101, 413
102, 413
142, 413
101, 413
105, 413
101, 413
101, 413
109, 413
131, 413
132, 413
147, 413
120, 413
110, 413
114, 413
101, 413
106, 413
113, 413
105, 413
111, 413
100, 413
100, 413
102, 413
117, 413
106, 413
115, 413
101, 413
106, 413
117, 413
104, 413
105, 413
104, 413
109, 413
112, 413
107, 413
102, 413
102, 413
100, 413
114, 413
104, 413
101, 413
120, 413
110, 413
115, 413
107, 413
104, 413
107, 413
134, 413
117, 413
107, 413
100, 413
100, 413
103, 413
101, 413
101, 413
101, 413
115, 413
101, 413
102, 413
112, 413
100, 413
103, 413
104, 413
101, 413
109, 413
111, 413
100, 413
104, 413
111, 413
105, 413
111, 413
114, 413
101, 413
108, 413
106, 413
115, 413
100, 413
103, 413
112, 413
110, 413
102, 413
101, 413
105, 413
105, 413
114, 413
105, 413
122, 413
102, 413
102, 413
114, 413
106, 413
115, 413
100, 413
109, 413
107, 413
101, 413
107, 413
100, 413
103, 413
100, 413
124, 413
121, 413
103, 413
100, 413
106, 413
101, 413
104, 413
100, 413
116, 413
120, 413
111, 413
100, 413
111, 413
107, 413
108, 413
101, 413
119, 413
118, 413
105, 413
100, 413
135, 413
#Algorithm: Qlearning, Speed: 1, Boost: 1, PM: True, Env size: (20, 20), Car size: (5, 4),
#Counter: 100, Nsteps: 10000000, Gamma: 1, LearnRate: 0.01, Eps: 0.5, Epsdecay: 0.9
2, 2
0, 2
7, 7
2, 7
5, 7
0, 7
3, 7
1, 7
1, 7
0, 7
0, 7
3, 7
0, 7
0, 7
3, 7
2, 7
5, 7
3, 7
1, 7
1, 7
8, 8
0, 8
3, 8
0, 8
0, 8
3, 8
0, 8
2, 8
3, 8
3, 8
5, 8
6, 8
4, 8
5, 8
1, 8
3, 8
7, 8
0, 8
9, 9
0, 9
2, 9
3, 9
0, 9
9, 9
0, 9
1, 9
1, 9
5, 9
2, 9
4, 9
10, 10
4, 10
0, 10
15, 15
2, 15
4, 15
3, 15
3, 15
6, 15
0, 15
3, 15
0, 15
1, 15
3, 15
1, 15
0, 15
8, 15
12, 15
0, 15
1, 15
10, 15
3, 15
1, 15
3, 15
2, 15
0, 15
1, 15
3, 15
5, 15
0, 15
2, 15
6, 15
4, 15
0, 15
0, 15
0, 15
2, 15
27, 27
8, 27
2, 27
0, 27
15, 27
8, 27
1, 27
24, 27
11, 27
17, 27
8, 27
11, 27
24, 27
0, 27
3, 27
16, 27
1, 27
3, 27
4, 27
3, 27
5, 27
0, 27
3, 27
4, 27
2, 27
1, 27
16, 27
3, 27
1, 27
3, 27
24, 27
17, 27
3, 27
0, 27
3, 27
2, 27
3, 27
1, 27
0, 27
0, 27
7, 27
5, 27
11, 27
1, 27
6, 27
7, 27
0, 27
3, 27
0, 27
8, 27
107, 107
1, 107
17, 107
11, 107
7, 107
0, 107
3, 107
104, 107
3, 107
121, 121
21, 121
4, 121
5, 121
39, 121
109, 121
3, 121
111, 121
100, 121
38, 121
132, 132
106, 132
2, 132
204, 204
229, 229
308, 308
313, 313
310, 313
308, 313
308, 313
309, 313
328, 328
309, 328
300, 328
302, 328
304, 328
355, 355
305, 355
308, 355
302, 355
306, 355
300, 355
308, 355
313, 355
301, 355
300, 355
320, 355
304, 355
300, 355
301, 355
316, 355
350, 355
309, 355
302, 355
322, 355
308, 355
308, 355
301, 355
301, 355
306, 355
354, 355
335, 355
302, 355
312, 355
303, 355
305, 355
321, 355
303, 355
323, 355
303, 355
333, 355
331, 355
321, 355
302, 355
304, 355
320, 355
326, 355
301, 355
339, 355
303, 355
313, 355
309, 355
303, 355
306, 355
326, 355
303, 355
301, 355
319, 355
300, 355
308, 355
300, 355
321, 355
367, 367
300, 367
324, 367
342, 367
315, 367
303, 367
374, 374
329, 374
326, 374
308, 374
339, 374
305, 374
304, 374
307, 374
318, 374
303, 374
317, 374
335, 374
314, 374
302, 374
301, 374
316, 374
300, 374
302, 374
306, 374
304, 374
310, 374
324, 374
320, 374
301, 374
311, 374
305, 374
300, 374
309, 374
326, 374
323, 374
300, 374
305, 374
303, 374
308, 374
313, 374
307, 374
304, 374
363, 374
305, 374
328, 374
303, 374
301, 374
322, 374
306, 374
364, 374
310, 374
301, 374
323, 374
306, 374
304, 374
309, 374
305, 374
306, 374
318, 374
304, 374
306, 374
300, 374
305, 374
301, 374
300, 374
303, 374
300, 374
304, 374
318, 374
305, 374
338, 374
335, 374
300, 374
308, 374
303, 374
308, 374
311, 374
309, 374
317, 374
301, 374
317, 374
310, 374
310, 374
303, 374
303, 374
305, 374
304, 374
300, 374
317, 374
322, 374
302, 374
300, 374
308, 374
307, 374
331, 374
300, 374
314, 374
304, 374
305, 374
310, 374
315, 374
307, 374
337, 374
312, 374
323, 374
333, 374
320, 374
301, 374
350, 374
323, 374
307, 374
305, 374
318, 374
355, 374
308, 374
305, 374
350, 374
315, 374
308, 374
312, 374
303, 374
305, 374
309, 374
305, 374
323, 374
304, 374
306, 374
310, 374
348, 374
353, 374
302, 374
308, 374
307, 374
305, 374
303, 374
309, 374
322, 374
308, 374
307, 374
326, 374
303, 374
308, 374
305, 374
308, 374
308, 374
306, 374
303, 374
310, 374
311, 374
305, 374
313, 374
328, 374
321, 374
343, 374
331, 374
350, 374
306, 374
312, 374
315, 374
300, 374
310, 374
301, 374
321, 374
339, 374
332, 374
335, 374
302, 374
321, 374
321, 374
315, 374
354, 374
304, 374
310, 374
306, 374
318, 374
304, 374
349, 374
309, 374
304, 374
307, 374
383, 383
308, 383
321, 383
307, 383
307, 383
304, 383
343, 383
333, 383
309, 383
337, 383
302, 383
320, 383
309, 383
308, 383
303, 383
312, 383
309, 383
339, 383
348, 383
328, 383
322, 383
372, 383
303, 383
312, 383
353, 383
305, 383
310, 383
333, 383
302, 383
314, 383
321, 383
307, 383
304, 383
301, 383
323, 383
323, 383
308, 383
311, 383
305, 383
302, 383
301, 383
316, 383
327, 383
326, 383
305, 383
302, 383
358, 383
333, 383
304, 383
320, 383
302, 383
319, 383
301, 383
309, 383
342, 383
300, 383
317, 383
301, 383
306, 383
305, 383
314, 383
306, 383
338, 383
335, 383
319, 383
308, 383
302, 383
308, 383
302, 383
326, 383
313, 383
314, 383
316, 383
302, 383
306, 383
346, 383
330, 383
307, 383
335, 383
309, 383
305, 383
322, 383
342, 383
359, 383
308, 383
303, 383
360, 383
315, 383
304, 383
300, 383
322, 383
323, 383
325, 383
304, 383
315, 383
314, 383
301, 383
366, 383
334, 383
305, 383
302, 383
346, 383
325, 383
304, 383
320, 383
303, 383
300, 383
310, 383
301, 383
319, 383
311, 383
304, 383
314, 383
313, 383
332, 383
302, 383
357, 383
343, 383
318, 383
300, 383
303, 383
302, 383
315, 383
341, 383
310, 383
306, 383
302, 383
306, 383
301, 383
301, 383
310, 383
308, 383
306, 383
324, 383
325, 383
313, 383
305, 383
302, 383
303, 383
313, 383
335, 383
318, 383
306, 383
342, 383
355, 383
328, 383
341, 383
361, 383
352, 383
326, 383
307, 383
301, 383
310, 383
312, 383
321, 383
318, 383
332, 383
306, 383
303, 383
321, 383
307, 383
306, 383
300, 383
300, 383
311, 383
305, 383
349, 383
303, 383
333, 383
312, 383
307, 383
301, 383
314, 383
304, 383
305, 383
336, 383
309, 383
320, 383
340, 383
303, 383
315, 383
305, 383
306, 383
304, 383
309, 383
322, 383
303, 383
328, 383
300, 383
300, 383
327, 383
307, 383
307, 383
343, 383
311, 383
301, 383
306, 383
305, 383
307, 383
334, 383
304, 383
322, 383
310, 383
305, 383
311, 383
301, 383
309, 383
310, 383
302, 383
302, 383
307, 383
306, 383
315, 383
312, 383
340, 383
320, 383
301, 383
315, 383
324, 383
383, 383
300, 383
300, 383
300, 383
342, 383
321, 383
374, 383
303, 383
337, 383
308, 383
305, 383
305, 383
301, 383
376, 383
316, 383
349, 383
307, 383
315, 383
307, 383
320, 383
308, 383
307, 383
314, 383
303, 383
306, 383
321, 383
315, 383
330, 383
303, 383
305, 383
312, 383
325, 383
303, 383
317, 383
331, 383
351, 383
322, 383
312, 383
302, 383
306, 383
337, 383
308, 383
305, 383
301, 383
304, 383
304, 383
303, 383
316, 383
300, 383
311, 383
352, 383
315, 383
311, 383
307, 383
304, 383
300, 383
327, 383
305, 383
312, 383
331, 383
323, 383
309, 383
322, 383
324, 383
305, 383
301, 383
309, 383
318, 383
337, 383
300, 383
308, 383
302, 383
322, 383
320, 383
307, 383
310, 383
328, 383
308, 383
303, 383
303, 383
304, 383
302, 383
304, 383
342, 383
312, 383
338, 383
331, 383
397, 397
310, 397
316, 397
316, 397
301, 397
314, 397
304, 397
301, 397
301, 397
315, 397
323, 397
312, 397
301, 397
318, 397
316, 397
355, 397
302, 397
321, 397
313, 397
345, 397
348, 397
371, 397
316, 397
320, 397
321, 397
330, 397
309, 397
302, 397
301, 397
302, 397
327, 397
307, 397
310, 397
302, 397
316, 397
307, 397
300, 397
397, 397
315, 397
310, 397
317, 397
330, 397
304, 397
320, 397
316, 397
317, 397
309, 397
300, 397
338, 397
306, 397
326, 397
307, 397
317, 397
305, 397
310, 397
359, 397
364, 397
319, 397
313, 397
307, 397
375, 397
316, 397
303, 397
335, 397
301, 397
308, 397
300, 397
308, 397
315, 397
309, 397
347, 397
301, 397
313, 397
304, 397
311, 397
335, 397
337, 397
306, 397
302, 397
306, 397
314, 397
301, 397
315, 397
307, 397
305, 397
318, 397
302, 397
312, 397
320, 397
301, 397
344, 397
366, 397
308, 397
326, 397
323, 397
313, 397
309, 397
341, 397
310, 397
307, 397
336, 397
312, 397
311, 397
304, 397
300, 397
305, 397
309, 397
303, 397
302, 397
302, 397
320, 397
334, 397
312, 397
309, 397
348, 397
307, 397
310, 397
300, 397
314, 397
362, 397
302, 397
313, 397
354, 397
333, 397
312, 397
329, 397
316, 397
383, 397
335, 397
318, 397
306, 397
305, 397
342, 397
342, 397
369, 397
303, 397
311, 397
328, 397
303, 397
331, 397
359, 397
104, 397
109, 397
113, 397
109, 397
107, 397
107, 397
118, 397
146, 397
104, 397
123, 397
100, 397
125, 397
107, 397
104, 397
120, 397
100, 397
103, 397
120, 397
144, 397
110, 397
100, 397
105, 397
134, 397
127, 397
100, 397
106, 397
100, 397
104, 397
130, 397
126, 397
102, 397
109, 397
120, 397
102, 397
106, 397
104, 397
114, 397
113, 397
107, 397
103, 397
123, 397
108, 397
100, 397
105, 397
105, 397
110, 397
111, 397
102, 397
101, 397
102, 397
100, 397
104, 397
102, 397
102, 397
111, 397
116, 397
103, 397
105, 397
104, 397
110, 397
103, 397
104, 397
109, 397
101, 397
107, 397
116, 397
101, 397
121, 397
114, 397
103, 397
110, 397
101, 397
102, 397
116, 397
107, 397
121, 397
101, 397
109, 397
102, 397
105, 397
103, 397
106, 397
109, 397
132, 397
100, 397
104, 397
102, 397
103, 397
112, 397
103, 397
100, 397
104, 397
136, 397
109, 397
107, 397
103, 397
108, 397
104, 397
104, 397
132, 397
130, 397
107, 397
112, 397
103, 397
108, 397
102, 397
100, 397
100, 397
100, 397
110, 397
100, 397
127, 397
117, 397
105, 397
102, 397
100, 397
109, 397
108, 397
107, 397
107, 397
119, 397
106, 397
120, 397
110, 397
105, 397
103, 397
111, 397
103, 397
113, 397
107, 397
115, 397
108, 397
112, 397
114, 397
100, 397
102, 397
100, 397
111, 397
104, 397
110, 397
104, 397
106, 397
100, 397
105, 397
