#Algorithm: Qlearning, Speed: 1, Boost: 1, PM: True, Env size: (20, 20), Car size: (5, 4),
#Counter: 10000000, Nsteps: 10000000, Gamma: 1, LearnRate: 0.01, Eps: 0.5, Epsdecay: 0.9
1, 1
3, 3
5, 5
1, 5
0, 5
4, 5
1, 5
1, 5
1, 5
0, 5
0, 5
4, 5
0, 5
1, 5
2, 5
0, 5
2, 5
4, 5
1, 5
0, 5
0, 5
1, 5
1, 5
2, 5
1, 5
1, 5
0, 5
0, 5
3, 5
2, 5
10, 10
0, 10
0, 10
4, 10
2, 10
0, 10
3, 10
7, 10
5, 10
1, 10
1, 10
4, 10
5, 10
2, 10
1, 10
0, 10
2, 10
5, 10
3, 10
3, 10
7, 10
7, 10
9, 10
0, 10
2, 10
1, 10
4, 10
9, 10
6, 10
4, 10
5, 10
8, 10
3, 10
7, 10
1, 10
0, 10
15, 15
2, 15
0, 15
7, 15
1, 15
2, 15
1, 15
1, 15
0, 15
84, 84
8, 84
12, 84
10, 84
6, 84
0, 84
17, 84
0, 84
8, 84
1, 84
17, 84
3, 84
1, 84
3, 84
42, 84
13, 84
2, 84
1, 84
16, 84
0, 84
0, 84
2, 84
49, 84
5, 84
1, 84
4, 84
8, 84
6, 84
1, 84
6, 84
5, 84
7, 84
6, 84
1, 84
3, 84
0, 84
5, 84
14, 84
6, 84
1, 84
1, 84
1, 84
8, 84
2, 84
1, 84
2001, 2001
2001, 2001
2001, 2001
2001, 2001
2001, 2001
2001, 2001
2001, 2001
2001, 2001
2001, 2001
2001, 2001
2001, 2001
2001, 2001
2001, 2001
2001, 2001
2001, 2001
2001, 2001
2001, 2001
2001, 2001
2001, 2001
2001, 2001
2001, 2001
2001, 2001
2001, 2001
2001, 2001
2001, 2001
2001, 2001
2001, 2001
2001, 2001
2001, 2001
2001, 2001
2001, 2001
2001, 2001
2001, 2001
2001, 2001
2001, 2001
2001, 2001
2001, 2001
2001, 2001
2001, 2001
2001, 2001
2001, 2001
2001, 2001
2001, 2001
2001, 2001
2001, 2001
2001, 2001
2001, 2001
2001, 2001
2001, 2001
2001, 2001
2001, 2001
2001, 2001
2001, 2001
2001, 2001
2001, 2001
2001, 2001
2001, 2001
2001, 2001
2001, 2001
2001, 2001
2001, 2001
2001, 2001
2001, 2001
2001, 2001
2001, 2001
2001, 2001
2001, 2001
2001, 2001
2001, 2001
2001, 2001
2001, 2001
2001, 2001
2001, 2001
2001, 2001
2001, 2001
2001, 2001
2001, 2001
2001, 2001
2001, 2001
2001, 2001
#Algorithm: Qlearning, Speed: 1, Boost: 1, PM: True, Env size: (20, 20), Car size: (5, 4),
#Counter: 10000000, Nsteps: 10000000, Gamma: 1, LearnRate: 0.01, Eps: 0.5, Epsdecay: 0.9
0, 0
2, 2
2, 2
0, 2
1, 2
1, 2
1, 2
0, 2
0, 2
0, 2
1, 2
3, 3
0, 3
2, 3
7, 7
5, 7
0, 7
2, 7
0, 7
3, 7
1, 7
9, 9
5, 9
2, 9
2, 9
4, 9
0, 9
3, 9
0, 9
0, 9
0, 9
0, 9
6, 9
5, 9
4, 9
7, 9
2, 9
1, 9
3, 9
0, 9
25, 25
4, 25
2, 25
0, 25
1, 25
1, 25
7, 25
0, 25
0, 25
0, 25
0, 25
0, 25
24, 25
1, 25
6, 25
13, 25
3, 25
0, 25
12, 25
7, 25
0, 25
2, 25
0, 25
0, 25
6, 25
0, 25
1, 25
1, 25
17, 25
0, 25
0, 25
2, 25
7, 25
1, 25
2, 25
7, 25
2, 25
5, 25
37, 37
12, 37
5, 37
8, 37
1, 37
0, 37
5, 37
3, 37
3, 37
5, 37
6, 37
1, 37
5, 37
3, 37
9, 37
2, 37
4, 37
0, 37
1, 37
3, 37
4, 37
1, 37
21, 37
0, 37
2, 37
0, 37
2, 37
0, 37
5, 37
8, 37
2, 37
1, 37
6, 37
1, 37
2, 37
8, 37
9, 37
24, 37
1, 37
7, 37
7, 37
0, 37
3, 37
1, 37
3, 37
0, 37
16, 37
9, 37
1, 37
1, 37
0, 37
2, 37
0, 37
5, 37
23, 37
13, 37
3, 37
29, 37
2001, 2001
2001, 2001
2001, 2001
2001, 2001
2001, 2001
2001, 2001
2001, 2001
2001, 2001
2001, 2001
2001, 2001
2001, 2001
2001, 2001
2001, 2001
2001, 2001
2001, 2001
2001, 2001
2001, 2001
2001, 2001
2001, 2001
2001, 2001
2001, 2001
2001, 2001
2001, 2001
2001, 2001
2001, 2001
2001, 2001
2001, 2001
2001, 2001
2001, 2001
2001, 2001
2001, 2001
2001, 2001
2001, 2001
2001, 2001
2001, 2001
2001, 2001
2001, 2001
2001, 2001
2001, 2001
2001, 2001
2001, 2001
2001, 2001
2001, 2001
2001, 2001
2001, 2001
2001, 2001
2001, 2001
2001, 2001
2001, 2001
2001, 2001
2001, 2001
2001, 2001
2001, 2001
2001, 2001
2001, 2001
2001, 2001
2001, 2001
2001, 2001
2001, 2001
2001, 2001
2001, 2001
2001, 2001
2001, 2001
2001, 2001
#Algorithm: Qlearning, Speed: 1, Boost: 1, PM: True, Env size: (20, 20), Car size: (5, 4),
#Counter: 10000000, Nsteps: 10000000, Gamma: 1, LearnRate: 0.01, Eps: 0.5, Epsdecay: 0.9
0, 0
2, 2
0, 2
5, 5
0, 5
2, 5
0, 5
0, 5
0, 5
0, 5
2, 5
0, 5
0, 5
4, 5
1, 5
11, 11
1, 11
5, 11
1, 11
2, 11
2, 11
2, 11
9, 11
2, 11
4, 11
4, 11
0, 11
0, 11
2, 11
4, 11
5, 11
2, 11
12, 12
0, 12
0, 12
2, 12
2, 12
1, 12
4, 12
0, 12
6, 12
6, 12
6, 12
0, 12
8, 12
9, 12
3, 12
1, 12
2, 12
4, 12
1, 12
1, 12
7, 12
9, 12
2, 12
7, 12
2, 12
4, 12
1, 12
4, 12
2, 12
4, 12
1, 12
24, 24
6, 24
9, 24
24, 24
4, 24
4, 24
0, 24
10, 24
16, 24
73, 73
38, 73
54, 73
0, 73
21, 73
17, 73
30, 73
7, 73
1, 73
0, 73
32, 73
38, 73
11, 73
6, 73
19, 73
5, 73
0, 73
2, 73
11, 73
2, 73
4, 73
7, 73
6, 73
15, 73
2, 73
24, 73
2, 73
2, 73
16, 73
2, 73
1, 73
10, 73
11, 73
3, 73
5, 73
7, 73
23, 73
15, 73
32, 73
37, 73
1, 73
1, 73
0, 73
2, 73
2, 73
4, 73
10, 73
3, 73
5, 73
3, 73
8, 73
0, 73
9, 73
9, 73
1, 73
4, 73
4, 73
24, 73
8, 73
4, 73
8, 73
0, 73
18, 73
43, 73
2001, 2001
2001, 2001
2001, 2001
2001, 2001
2001, 2001
2001, 2001
2001, 2001
2001, 2001
2001, 2001
2001, 2001
2001, 2001
2001, 2001
2001, 2001
2001, 2001
2001, 2001
2001, 2001
2001, 2001
2001, 2001
2001, 2001
2001, 2001
2001, 2001
2001, 2001
2001, 2001
2001, 2001
2001, 2001
2001, 2001
2001, 2001
2001, 2001
2001, 2001
2001, 2001
2001, 2001
2001, 2001
2001, 2001
2001, 2001
2001, 2001
2001, 2001
2001, 2001
2001, 2001
2001, 2001
2001, 2001
2001, 2001
2001, 2001
2001, 2001
2001, 2001
2001, 2001
2001, 2001
2001, 2001
2001, 2001
2001, 2001
2001, 2001
2001, 2001
2001, 2001
2001, 2001
2001, 2001
2001, 2001
2001, 2001
2001, 2001
2001, 2001
2001, 2001
2001, 2001
2001, 2001
2001, 2001
2001, 2001
2001, 2001
#Algorithm: Qlearning, Speed: 1, Boost: 1, PM: True, Env size: (20, 20), Car size: (5, 4),
#Counter: 10000000, Nsteps: 10000000, Gamma: 1, LearnRate: 0.01, Eps: 0.5, Epsdecay: 0.9
0, 0
0, 0
1, 1
0, 1
0, 1
0, 1
0, 1
3, 3
0, 3
1, 3
0, 3
0, 3
3, 3
0, 3
0, 3
6, 6
8, 8
0, 8
3, 8
2, 8
3, 8
3, 8
5, 8
3, 8
0, 8
2, 8
2, 8
1, 8
0, 8
5, 8
5, 8
2, 8
2, 8
6, 8
0, 8
5, 8
2, 8
2, 8
2, 8
2, 8
3, 8
4, 8
0, 8
3, 8
2, 8
1, 8
6, 8
2, 8
5, 8
1, 8
4, 8
0, 8
0, 8
3, 8
7, 8
3, 8
2, 8
13, 13
3, 13
0, 13
0, 13
3, 13
0, 13
2, 13
4, 13
2, 13
1, 13
10, 13
5, 13
5, 13
5, 13
5, 13
1, 13
0, 13
2, 13
1, 13
3, 13
0, 13
0, 13
4, 13
1, 13
4, 13
3, 13
0, 13
2, 13
0, 13
0, 13
4, 13
3, 13
1, 13
4, 13
35, 35
3, 35
13, 35
15, 35
0, 35
1, 35
2, 35
12, 35
13, 35
7, 35
0, 35
1, 35
5, 35
0, 35
1, 35
13, 35
2, 35
11, 35
8, 35
0, 35
5, 35
4, 35
1, 35
10, 35
17, 35
2, 35
2, 35
6, 35
5, 35
12, 35
7, 35
2, 35
4, 35
7, 35
0, 35
1, 35
5, 35
1, 35
8, 35
2, 35
0, 35
3, 35
2, 35
21, 35
3, 35
2001, 2001
2001, 2001
2001, 2001
2001, 2001
2001, 2001
2001, 2001
2001, 2001
2001, 2001
2001, 2001
2001, 2001
2001, 2001
2001, 2001
2001, 2001
2001, 2001
2001, 2001
2001, 2001
2001, 2001
2001, 2001
2001, 2001
2001, 2001
2001, 2001
2001, 2001
2001, 2001
2001, 2001
2001, 2001
2001, 2001
2001, 2001
2001, 2001
2001, 2001
2001, 2001
2001, 2001
2001, 2001
2001, 2001
2001, 2001
2001, 2001
2001, 2001
2001, 2001
2001, 2001
2001, 2001
2001, 2001
2001, 2001
2001, 2001
2001, 2001
2001, 2001
2001, 2001
2001, 2001
2001, 2001
2001, 2001
2001, 2001
2001, 2001
2001, 2001
2001, 2001
2001, 2001
2001, 2001
2001, 2001
2001, 2001
2001, 2001
2001, 2001
2001, 2001
2001, 2001
2001, 2001
2001, 2001
2001, 2001
2001, 2001
#Algorithm: Qlearning, Speed: 1, Boost: 1, PM: True, Env size: (20, 20), Car size: (5, 4),
#Counter: 10000000, Nsteps: 10000000, Gamma: 1, LearnRate: 0.01, Eps: 0.5, Epsdecay: 0.9
0, 0
4, 4
5, 5
0, 5
4, 5
3, 5
3, 5
0, 5
3, 5
0, 5
0, 5
3, 5
0, 5
2, 5
0, 5
6, 6
2, 6
2, 6
0, 6
0, 6
2, 6
0, 6
3, 6
1, 6
7, 7
1, 7
1, 7
0, 7
1, 7
0, 7
4, 7
1, 7
0, 7
25, 25
2, 25
0, 25
1, 25
2, 25
5, 25
4, 25
1, 25
0, 25
1, 25
10, 25
1, 25
1, 25
3, 25
2, 25
6, 25
3, 25
3, 25
4, 25
4, 25
4, 25
5, 25
16, 25
0, 25
2, 25
14, 25
10, 25
5, 25
18, 25
1, 25
4, 25
1, 25
16, 25
5, 25
4, 25
17, 25
11, 25
5, 25
1, 25
0, 25
3, 25
5, 25
4, 25
3, 25
9, 25
10, 25
7, 25
16, 25
5, 25
7, 25
1, 25
1, 25
1, 25
4, 25
2, 25
1, 25
0, 25
10, 25
9, 25
1, 25
7, 25
13, 25
1, 25
4, 25
1, 25
43, 43
10, 43
2, 43
1, 43
5, 43
3, 43
0, 43
5, 43
2, 43
5, 43
14, 43
2, 43
0, 43
7, 43
0, 43
2, 43
2, 43
2001, 2001
2001, 2001
2001, 2001
2001, 2001
2001, 2001
2001, 2001
2001, 2001
2001, 2001
2001, 2001
2001, 2001
2001, 2001
2001, 2001
2001, 2001
2001, 2001
2001, 2001
2001, 2001
2001, 2001
2001, 2001
2001, 2001
2001, 2001
2001, 2001
2001, 2001
2001, 2001
2001, 2001
2001, 2001
2001, 2001
2001, 2001
2001, 2001
2001, 2001
2001, 2001
2001, 2001
2001, 2001
2001, 2001
2001, 2001
2001, 2001
2001, 2001
2001, 2001
2001, 2001
2001, 2001
2001, 2001
2001, 2001
2001, 2001
2001, 2001
2001, 2001
2001, 2001
2001, 2001
2001, 2001
2001, 2001
2001, 2001
2001, 2001
2001, 2001
2001, 2001
2001, 2001
2001, 2001
2001, 2001
2001, 2001
2001, 2001
2001, 2001
2001, 2001
2001, 2001
2001, 2001
2001, 2001
2001, 2001
2001, 2001
2001, 2001
2001, 2001
2001, 2001
2001, 2001
2001, 2001
2001, 2001
2001, 2001
2001, 2001
2001, 2001
2001, 2001
2001, 2001
2001, 2001
2001, 2001
2001, 2001
2001, 2001
2001, 2001
2001, 2001
2001, 2001
2001, 2001
2001, 2001
2001, 2001
