#Algorithm: Qlearning, Speed: 1, Boost: 3, PM: True, Env size: (20, 20), Car size: (3, 2),
#Counter: 100, Nsteps: 10000000, Gamma: 1, LearnRate: 0.01, Eps: 0.5, Epsdecay: 0.9
0, 0
19, 19
7, 19
15, 19
13, 19
54, 54
26, 54
45, 54
217, 217
1205, 1205
1212, 1212
1413, 1413
701, 1413
18, 1413
7, 1413
118, 1413
211, 1413
1406, 1413
1409, 1413
1402, 1413
1404, 1413
1435, 1435
1420, 1435
1400, 1435
1435, 1435
1402, 1435
1415, 1435
1400, 1435
1426, 1435
1407, 1435
1426, 1435
1421, 1435
1402, 1435
1419, 1435
1430, 1435
1438, 1438
1423, 1438
1401, 1438
1430, 1438
1406, 1438
1402, 1438
1405, 1438
1408, 1438
1400, 1438
1425, 1438
1400, 1438
1403, 1438
1409, 1438
1425, 1438
1422, 1438
1421, 1438
1400, 1438
1404, 1438
1459, 1459
1411, 1459
1410, 1459
1465, 1465
1469, 1469
1407, 1469
1444, 1469
1451, 1469
1410, 1469
1402, 1469
1419, 1469
1425, 1469
1415, 1469
1423, 1469
1411, 1469
1409, 1469
1501, 1501
1492, 1501
1412, 1501
1462, 1501
1423, 1501
1404, 1501
1435, 1501
1428, 1501
1403, 1501
1408, 1501
1455, 1501
1409, 1501
1430, 1501
1422, 1501
1435, 1501
1421, 1501
1443, 1501
1401, 1501
1433, 1501
1402, 1501
1435, 1501
1400, 1501
1403, 1501
1404, 1501
1449, 1501
1402, 1501
1405, 1501
1415, 1501
1422, 1501
1402, 1501
1418, 1501
1426, 1501
1413, 1501
1404, 1501
1414, 1501
1400, 1501
1403, 1501
1415, 1501
1432, 1501
1427, 1501
1487, 1501
1413, 1501
1433, 1501
1409, 1501
1403, 1501
1418, 1501
1405, 1501
1415, 1501
1401, 1501
1401, 1501
1422, 1501
1400, 1501
1402, 1501
1472, 1501
1451, 1501
1440, 1501
1411, 1501
1408, 1501
1425, 1501
1401, 1501
1416, 1501
1434, 1501
1421, 1501
1432, 1501
1418, 1501
1400, 1501
1419, 1501
1404, 1501
1412, 1501
1401, 1501
1445, 1501
1401, 1501
1424, 1501
1420, 1501
1421, 1501
1410, 1501
1415, 1501
1421, 1501
1415, 1501
1408, 1501
1424, 1501
1431, 1501
1401, 1501
1471, 1501
1407, 1501
1431, 1501
1415, 1501
1433, 1501
1400, 1501
1407, 1501
1412, 1501
1400, 1501
1403, 1501
1415, 1501
1408, 1501
1453, 1501
1408, 1501
1417, 1501
1422, 1501
1401, 1501
1433, 1501
1400, 1501
1414, 1501
1410, 1501
1417, 1501
1409, 1501
1412, 1501
1440, 1501
1417, 1501
1417, 1501
1446, 1501
1407, 1501
1412, 1501
1425, 1501
1402, 1501
1409, 1501
1424, 1501
1415, 1501
1401, 1501
1440, 1501
1401, 1501
1414, 1501
1435, 1501
1418, 1501
1401, 1501
1402, 1501
1420, 1501
1418, 1501
1402, 1501
1421, 1501
1474, 1501
#Algorithm: Qlearning, Speed: 1, Boost: 3, PM: True, Env size: (20, 20), Car size: (3, 2),
#Counter: 100, Nsteps: 10000000, Gamma: 1, LearnRate: 0.01, Eps: 0.5, Epsdecay: 0.9
0, 0
0, 0
2, 2
3, 3
0, 3
13, 13
9, 13
46, 46
125, 125
247, 247
1206, 1206
1400, 1400
728, 1400
56, 1400
13, 1400
0, 1400
201, 1400
1410, 1410
1403, 1410
1441, 1441
1413, 1441
1402, 1441
1327, 1441
1305, 1441
1400, 1441
1400, 1441
1401, 1441
1439, 1441
1443, 1443
1421, 1443
1461, 1461
1456, 1461
1433, 1461
1410, 1461
1403, 1461
1412, 1461
1403, 1461
1413, 1461
1420, 1461
1428, 1461
1404, 1461
1401, 1461
1407, 1461
1478, 1478
1421, 1478
1407, 1478
1403, 1478
1421, 1478
1403, 1478
1414, 1478
1407, 1478
1435, 1478
1412, 1478
1407, 1478
1411, 1478
1404, 1478
1408, 1478
1417, 1478
1401, 1478
1404, 1478
1420, 1478
1406, 1478
1434, 1478
1410, 1478
1409, 1478
1414, 1478
1402, 1478
1435, 1478
1407, 1478
1453, 1478
1406, 1478
1401, 1478
1400, 1478
1483, 1483
1410, 1483
1400, 1483
1406, 1483
1429, 1483
1433, 1483
1440, 1483
1430, 1483
1412, 1483
1433, 1483
1407, 1483
1411, 1483
1409, 1483
1404, 1483
1409, 1483
1401, 1483
1409, 1483
1414, 1483
1407, 1483
1435, 1483
1411, 1483
1539, 1539
1440, 1539
1417, 1539
1408, 1539
1428, 1539
1428, 1539
1408, 1539
1428, 1539
1422, 1539
1423, 1539
1448, 1539
1414, 1539
1403, 1539
1407, 1539
1413, 1539
1402, 1539
1404, 1539
1408, 1539
1442, 1539
1403, 1539
1409, 1539
1400, 1539
1414, 1539
1425, 1539
1408, 1539
1401, 1539
1404, 1539
1414, 1539
1418, 1539
1403, 1539
1411, 1539
1421, 1539
1476, 1539
1404, 1539
1419, 1539
1403, 1539
1414, 1539
1438, 1539
1427, 1539
1400, 1539
1403, 1539
1437, 1539
1403, 1539
1405, 1539
1416, 1539
1402, 1539
1450, 1539
1414, 1539
1411, 1539
1421, 1539
1415, 1539
1426, 1539
1408, 1539
1413, 1539
1402, 1539
1416, 1539
1405, 1539
1406, 1539
1405, 1539
1417, 1539
1426, 1539
1413, 1539
1405, 1539
1405, 1539
1422, 1539
1433, 1539
1414, 1539
1442, 1539
1427, 1539
1423, 1539
1450, 1539
1444, 1539
1401, 1539
1418, 1539
1418, 1539
1408, 1539
1418, 1539
1402, 1539
1410, 1539
1426, 1539
1410, 1539
1423, 1539
1422, 1539
1406, 1539
1401, 1539
1410, 1539
1418, 1539
1435, 1539
1424, 1539
1411, 1539
1415, 1539
1411, 1539
1407, 1539
1405, 1539
1410, 1539
1430, 1539
1418, 1539
1430, 1539
1429, 1539
1401, 1539
1410, 1539
1405, 1539
1421, 1539
1419, 1539
1405, 1539
1401, 1539
#Algorithm: Qlearning, Speed: 1, Boost: 3, PM: True, Env size: (20, 20), Car size: (3, 2),
#Counter: 100, Nsteps: 10000000, Gamma: 1, LearnRate: 0.01, Eps: 0.5, Epsdecay: 0.9
0, 0
0, 0
4, 4
1, 4
3, 4
5, 5
14, 14
5, 14
1213, 1213
1207, 1213
1400, 1400
36, 1400
2, 1400
118, 1400
712, 1400
201, 1400
1413, 1413
700, 1413
1406, 1413
1428, 1428
1400, 1428
1415, 1428
1457, 1457
1437, 1457
1412, 1457
1405, 1457
1400, 1457
1413, 1457
1414, 1457
1425, 1457
1402, 1457
1416, 1457
1402, 1457
1457, 1457
1430, 1457
1402, 1457
1417, 1457
1402, 1457
1406, 1457
1419, 1457
1416, 1457
1403, 1457
1453, 1457
1416, 1457
1403, 1457
1416, 1457
1403, 1457
1405, 1457
1419, 1457
1412, 1457
1406, 1457
1405, 1457
1401, 1457
1412, 1457
1412, 1457
1401, 1457
1413, 1457
1435, 1457
1400, 1457
1404, 1457
1438, 1457
1415, 1457
1403, 1457
1409, 1457
1422, 1457
1421, 1457
1402, 1457
1432, 1457
1430, 1457
1415, 1457
1454, 1457
1413, 1457
1406, 1457
1422, 1457
1404, 1457
1400, 1457
1402, 1457
1406, 1457
1402, 1457
1430, 1457
1424, 1457
1418, 1457
1433, 1457
1408, 1457
1404, 1457
1427, 1457
1402, 1457
1405, 1457
1409, 1457
1469, 1469
1406, 1469
1408, 1469
1405, 1469
1462, 1469
1400, 1469
1430, 1469
1441, 1469
1409, 1469
1426, 1469
1412, 1469
1409, 1469
1403, 1469
1419, 1469
1400, 1469
1436, 1469
1415, 1469
1428, 1469
1406, 1469
1439, 1469
1420, 1469
1400, 1469
1437, 1469
1472, 1472
1412, 1472
1413, 1472
1410, 1472
1402, 1472
1421, 1472
1431, 1472
1402, 1472
1451, 1472
1401, 1472
1435, 1472
1422, 1472
1409, 1472
1419, 1472
1407, 1472
1407, 1472
1408, 1472
1425, 1472
1405, 1472
1404, 1472
1421, 1472
1405, 1472
1428, 1472
1427, 1472
1420, 1472
1400, 1472
1406, 1472
1403, 1472
1407, 1472
1405, 1472
1405, 1472
1402, 1472
1402, 1472
1413, 1472
1409, 1472
1421, 1472
1401, 1472
1473, 1473
1419, 1473
1413, 1473
1410, 1473
1438, 1473
1403, 1473
1430, 1473
1414, 1473
1433, 1473
1409, 1473
1425, 1473
1405, 1473
1403, 1473
1417, 1473
1414, 1473
1428, 1473
1450, 1473
1416, 1473
1426, 1473
1423, 1473
1419, 1473
1418, 1473
1424, 1473
1405, 1473
1403, 1473
1417, 1473
1410, 1473
1407, 1473
1403, 1473
1449, 1473
1412, 1473
1445, 1473
1435, 1473
1462, 1473
1437, 1473
1420, 1473
1425, 1473
1418, 1473
1430, 1473
1419, 1473
1419, 1473
1416, 1473
1403, 1473
1403, 1473
1401, 1473
1412, 1473
1402, 1473
1401, 1473
1433, 1473
1404, 1473
1400, 1473
#Algorithm: Qlearning, Speed: 1, Boost: 3, PM: True, Env size: (20, 20), Car size: (3, 2),
#Counter: 100, Nsteps: 10000000, Gamma: 1, LearnRate: 0.01, Eps: 0.5, Epsdecay: 0.9
3, 3
1, 3
5, 5
29, 29
30, 30
1, 30
45, 45
111, 111
69, 111
202, 202
200, 202
1349, 1349
1337, 1349
1406, 1406
107, 1406
213, 1406
1406, 1406
1443, 1443
1408, 1443
1403, 1443
1458, 1458
1409, 1458
1402, 1458
1403, 1458
1452, 1458
1469, 1469
1404, 1469
1418, 1469
1448, 1469
1434, 1469
1406, 1469
1411, 1469
1405, 1469
1427, 1469
1427, 1469
1403, 1469
1411, 1469
1403, 1469
1440, 1469
1445, 1469
1428, 1469
1403, 1469
1439, 1469
1421, 1469
1442, 1469
1409, 1469
1408, 1469
1432, 1469
1418, 1469
1400, 1469
1401, 1469
1411, 1469
1485, 1485
1427, 1485
1424, 1485
1400, 1485
1412, 1485
1418, 1485
1400, 1485
1442, 1485
1404, 1485
1408, 1485
1409, 1485
1428, 1485
1451, 1485
1406, 1485
1409, 1485
1415, 1485
1407, 1485
1415, 1485
1422, 1485
1405, 1485
1408, 1485
1415, 1485
1468, 1485
1405, 1485
1418, 1485
1437, 1485
1416, 1485
1402, 1485
1422, 1485
1403, 1485
1418, 1485
1407, 1485
1415, 1485
1402, 1485
1416, 1485
1421, 1485
1408, 1485
1402, 1485
1401, 1485
1400, 1485
1400, 1485
1402, 1485
1408, 1485
1400, 1485
1414, 1485
1431, 1485
1404, 1485
1414, 1485
1407, 1485
1436, 1485
1405, 1485
1408, 1485
1459, 1485
1400, 1485
1430, 1485
1402, 1485
1422, 1485
1404, 1485
1404, 1485
1481, 1485
1417, 1485
1405, 1485
1430, 1485
1556, 1556
1418, 1556
1421, 1556
1423, 1556
1408, 1556
1407, 1556
1416, 1556
1456, 1556
1411, 1556
1473, 1556
1412, 1556
1409, 1556
1400, 1556
1410, 1556
1413, 1556
1438, 1556
1422, 1556
1434, 1556
1402, 1556
1470, 1556
1433, 1556
1410, 1556
1404, 1556
1409, 1556
1416, 1556
1400, 1556
1464, 1556
1401, 1556
1417, 1556
1403, 1556
1411, 1556
1422, 1556
1421, 1556
1478, 1556
1414, 1556
1437, 1556
1437, 1556
1402, 1556
1436, 1556
1460, 1556
1449, 1556
1400, 1556
1419, 1556
1424, 1556
1411, 1556
1405, 1556
1402, 1556
1439, 1556
1405, 1556
1400, 1556
1423, 1556
1438, 1556
1414, 1556
1431, 1556
1400, 1556
1403, 1556
1401, 1556
1431, 1556
1401, 1556
1443, 1556
1406, 1556
1413, 1556
1408, 1556
1487, 1556
1400, 1556
1407, 1556
1403, 1556
1424, 1556
1404, 1556
1400, 1556
1455, 1556
1413, 1556
1513, 1556
1413, 1556
1458, 1556
1428, 1556
1432, 1556
1424, 1556
1430, 1556
1400, 1556
1409, 1556
1418, 1556
1482, 1556
1435, 1556
1415, 1556
#Algorithm: Qlearning, Speed: 1, Boost: 3, PM: True, Env size: (20, 20), Car size: (3, 2),
#Counter: 100, Nsteps: 10000000, Gamma: 1, LearnRate: 0.01, Eps: 0.5, Epsdecay: 0.9
0, 0
3, 3
4, 4
0, 4
2, 4
1, 4
53, 53
13, 53
10, 53
45, 53
14, 53
213, 213
1212, 1212
1226, 1226
1401, 1401
709, 1401
64, 1401
55, 1401
139, 1401
205, 1401
1424, 1424
1438, 1438
1420, 1438
1410, 1438
1472, 1472
1404, 1472
1400, 1472
1422, 1472
1472, 1472
1412, 1472
1405, 1472
1421, 1472
1421, 1472
1434, 1472
1424, 1472
1427, 1472
1407, 1472
1400, 1472
1443, 1472
1402, 1472
1414, 1472
1408, 1472
1408, 1472
1422, 1472
1422, 1472
1416, 1472
1428, 1472
1460, 1472
1414, 1472
1450, 1472
1410, 1472
1453, 1472
1405, 1472
1400, 1472
1403, 1472
1405, 1472
1403, 1472
1408, 1472
1415, 1472
1407, 1472
1406, 1472
1411, 1472
1400, 1472
1415, 1472
1423, 1472
1401, 1472
1421, 1472
1402, 1472
1402, 1472
1403, 1472
1400, 1472
1402, 1472
1466, 1472
1432, 1472
1405, 1472
1400, 1472
1411, 1472
1401, 1472
1402, 1472
1452, 1472
1404, 1472
1400, 1472
1413, 1472
1406, 1472
1408, 1472
1408, 1472
1418, 1472
1414, 1472
1417, 1472
1456, 1472
1407, 1472
1417, 1472
1424, 1472
1447, 1472
1400, 1472
1444, 1472
1415, 1472
1429, 1472
1426, 1472
1416, 1472
1443, 1472
1405, 1472
1410, 1472
1405, 1472
1427, 1472
1448, 1472
1407, 1472
1403, 1472
1410, 1472
1426, 1472
1419, 1472
1403, 1472
1434, 1472
1403, 1472
1404, 1472
1469, 1472
1419, 1472
1417, 1472
1447, 1472
1406, 1472
1410, 1472
1400, 1472
1418, 1472
1418, 1472
1436, 1472
1402, 1472
1403, 1472
1443, 1472
1415, 1472
1401, 1472
1417, 1472
1411, 1472
1401, 1472
1401, 1472
1412, 1472
1429, 1472
1465, 1472
1406, 1472
1400, 1472
1408, 1472
1431, 1472
1419, 1472
1408, 1472
1401, 1472
1421, 1472
1415, 1472
1420, 1472
1435, 1472
1404, 1472
1408, 1472
1408, 1472
1406, 1472
1400, 1472
1407, 1472
1416, 1472
1400, 1472
1422, 1472
1424, 1472
1407, 1472
1415, 1472
1423, 1472
1424, 1472
1401, 1472
1411, 1472
1403, 1472
1440, 1472
1435, 1472
1408, 1472
1426, 1472
1415, 1472
1442, 1472
1416, 1472
1411, 1472
1409, 1472
1406, 1472
1403, 1472
1418, 1472
1426, 1472
1443, 1472
1409, 1472
1403, 1472
1426, 1472
1409, 1472
1417, 1472
1411, 1472
1446, 1472
1401, 1472
1405, 1472
1400, 1472
1403, 1472
1410, 1472
1406, 1472
1402, 1472
1407, 1472
1429, 1472
1409, 1472
1412, 1472
1431, 1472
1413, 1472
1432, 1472
