#Algorithm: SARSA, Speed: 1, Boost: 5, PM: False, Env size: (20, 20), Car size: (6, 5),
#Counter: 100, Nsteps: 1000000, Gamma: 1, LearnRate: 0.01, Eps: 0.5, Epsdecay: 0.9
0, 0
0, 0
0, 0
0, 0
0, 0
3, 3
0, 3
0, 3
1, 3
0, 3
0, 3
1, 3
0, 3
1, 3
0, 3
2, 3
2, 3
1, 3
2, 3
0, 3
5, 5
0, 5
1, 5
4, 5
0, 5
1, 5
1, 5
2, 5
0, 5
5, 5
1, 5
2, 5
2, 5
1, 5
3, 5
3, 5
1, 5
2, 5
0, 5
1, 5
1, 5
15, 15
8, 15
0, 15
2, 15
1, 15
0, 15
0, 15
0, 15
1, 15
1, 15
5, 15
0, 15
3, 15
0, 15
1, 15
3, 15
4, 15
2, 15
4, 15
5, 15
1, 15
6, 15
3, 15
5, 15
3, 15
1, 15
6, 15
9, 15
3, 15
3, 15
5, 15
2, 15
2, 15
1, 15
4, 15
1, 15
0, 15
1, 15
5, 15
1, 15
11, 15
3, 15
1, 15
0, 15
0, 15
3, 15
2, 15
2, 15
1, 15
0, 15
3, 15
2, 15
2, 15
1, 15
1, 15
3, 15
1, 15
2, 15
2, 15
10, 15
1, 15
1, 15
5, 15
8, 15
7, 15
0, 15
2, 15
5, 15
8, 15
4, 15
6, 15
0, 15
0, 15
1, 15
0, 15
6, 15
0, 15
4, 15
1, 15
3, 15
1, 15
13, 15
1, 15
4, 15
2, 15
3, 15
8, 15
4, 15
1, 15
1, 15
4, 15
2, 15
3, 15
2, 15
9, 15
13, 15
4, 15
8, 15
1, 15
1, 15
2, 15
5, 15
6, 15
2, 15
0, 15
4, 15
9, 15
1, 15
1, 15
0, 15
2, 15
6, 15
1, 15
10, 15
10, 15
2, 15
5, 15
1, 15
6, 15
0, 15
4, 15
4, 15
3, 15
0, 15
1, 15
0, 15
1, 15
4, 15
0, 15
0, 15
6, 15
3, 15
3, 15
0, 15
7, 15
4, 15
2, 15
0, 15
5, 15
1, 15
6, 15
2, 15
8, 15
3, 15
1, 15
8, 15
4, 15
2, 15
3, 15
3, 15
1, 15
3, 15
8, 15
14, 15
1, 15
2, 15
4, 15
1, 15
7, 15
4, 15
1, 15
13, 15
1, 15
2, 15
1, 15
2, 15
2, 15
6, 15
0, 15
2, 15
2, 15
5, 15
2, 15
2, 15
0, 15
2, 15
2, 15
1, 15
7, 15
2, 15
2, 15
0, 15
2, 15
1, 15
0, 15
1, 15
1, 15
9, 15
1, 15
2, 15
1, 15
6, 15
11, 15
4, 15
6, 15
4, 15
18, 18
1, 18
2, 18
7, 18
1, 18
3, 18
5, 18
2, 18
5, 18
0, 18
0, 18
5, 18
5, 18
4, 18
5, 18
3, 18
6, 18
10, 18
2, 18
11, 18
10, 18
23, 23
5, 23
18, 23
19, 23
3, 23
1, 23
2, 23
3, 23
0, 23
12, 23
8, 23
7, 23
0, 23
1, 23
5, 23
2, 23
3, 23
0, 23
3, 23
0, 23
10, 23
4, 23
2, 23
0, 23
2, 23
3, 23
9, 23
9, 23
13, 23
9, 23
9, 23
2, 23
2, 23
7, 23
0, 23
4, 23
3, 23
6, 23
1, 23
3, 23
1, 23
6, 23
2, 23
3, 23
4, 23
0, 23
1, 23
8, 23
2, 23
5, 23
4, 23
5, 23
4, 23
1, 23
12, 23
4, 23
13, 23
3, 23
1, 23
5, 23
4, 23
0, 23
7, 23
2, 23
4, 23
2, 23
2, 23
0, 23
1, 23
0, 23
7, 23
4, 23
6, 23
5, 23
3, 23
11, 23
11, 23
6, 23
3, 23
5, 23
6, 23
4, 23
3, 23
1, 23
11, 23
5, 23
4, 23
9, 23
2, 23
8, 23
10, 23
4, 23
2, 23
14, 23
1, 23
0, 23
2, 23
0, 23
5, 23
1, 23
5, 23
8, 23
2, 23
6, 23
2, 23
6, 23
13, 23
11, 23
12, 23
1, 23
27, 27
11, 27
5, 27
1, 27
2, 27
5, 27
4, 27
4, 27
4, 27
7, 27
3, 27
2, 27
0, 27
7, 27
3, 27
1, 27
11, 27
9, 27
0, 27
1, 27
6, 27
18, 27
8, 27
5, 27
7, 27
4, 27
2, 27
3, 27
10, 27
0, 27
0, 27
3, 27
0, 27
2, 27
8, 27
0, 27
1, 27
2, 27
0, 27
5, 27
8, 27
12, 27
2, 27
1, 27
7, 27
3, 27
3, 27
6, 27
3, 27
6, 27
11, 27
2, 27
1, 27
0, 27
10, 27
3, 27
0, 27
3, 27
8, 27
24, 27
3, 27
11, 27
7, 27
1, 27
2, 27
16, 27
1, 27
10, 27
16, 27
0, 27
0, 27
12, 27
4, 27
7, 27
6, 27
8, 27
8, 27
1, 27
1, 27
1, 27
4, 27
8, 27
1, 27
1, 27
8, 27
13, 27
4, 27
0, 27
1, 27
0, 27
9, 27
2, 27
8, 27
2, 27
6, 27
18, 27
3, 27
1, 27
1, 27
3, 27
2, 27
4, 27
5, 27
3, 27
11, 27
2, 27
4, 27
4, 27
9, 27
5, 27
4, 27
2, 27
1, 27
6, 27
5, 27
1, 27
10, 27
4, 27
4, 27
5, 27
0, 27
6, 27
3, 27
1, 27
6, 27
15, 27
25, 27
0, 27
3, 27
5, 27
0, 27
4, 27
6, 27
9, 27
4, 27
4, 27
5, 27
3, 27
1, 27
17, 27
3, 27
2, 27
2, 27
13, 27
0, 27
4, 27
3, 27
6, 27
5, 27
3, 27
1, 27
0, 27
2, 27
0, 27
1, 27
0, 27
29, 29
2, 29
13, 29
0, 29
0, 29
2, 29
7, 29
0, 29
8, 29
2, 29
10, 29
6, 29
1, 29
1, 29
1, 29
8, 29
0, 29
1, 29
2, 29
5, 29
4, 29
5, 29
12, 29
0, 29
0, 29
4, 29
1, 29
11, 29
2, 29
3, 29
7, 29
6, 29
20, 29
3, 29
7, 29
0, 29
6, 29
1, 29
5, 29
2, 29
0, 29
7, 29
0, 29
1, 29
11, 29
1, 29
4, 29
3, 29
5, 29
21, 29
15, 29
7, 29
5, 29
10, 29
11, 29
11, 29
4, 29
5, 29
14, 29
10, 29
4, 29
7, 29
7, 29
4, 29
3, 29
4, 29
5, 29
3, 29
9, 29
26, 29
4, 29
0, 29
2, 29
8, 29
1, 29
0, 29
4, 29
0, 29
2, 29
0, 29
3, 29
2, 29
9, 29
9, 29
5, 29
10, 29
1, 29
3, 29
5, 29
6, 29
0, 29
8, 29
1, 29
4, 29
7, 29
2, 29
2, 29
0, 29
12, 29
4, 29
2, 29
4, 29
0, 29
2, 29
1, 29
0, 29
1, 29
1, 29
26, 29
12, 29
2, 29
4, 29
5, 29
6, 29
3, 29
17, 29
3, 29
2, 29
15, 29
1, 29
19, 29
41, 41
14, 41
12, 41
12, 41
1, 41
0, 41
2, 41
34, 41
16, 41
4, 41
19, 41
2, 41
5, 41
3, 41
0, 41
2, 41
23, 41
14, 41
3, 41
2, 41
14, 41
1, 41
9, 41
2, 41
1, 41
1, 41
10, 41
2, 41
3, 41
8, 41
3, 41
5, 41
0, 41
17, 41
2, 41
3, 41
11, 41
1, 41
3, 41
11, 41
2, 41
3, 41
7, 41
3, 41
4, 41
12, 41
1, 41
5, 41
11, 41
1, 41
1, 41
27, 41
2, 41
4, 41
0, 41
0, 41
2, 41
6, 41
1, 41
0, 41
7, 41
16, 41
0, 41
8, 41
8, 41
2, 41
0, 41
2, 41
1, 41
13, 41
6, 41
6, 41
1, 41
4, 41
13, 41
8, 41
4, 41
3, 41
3, 41
0, 41
1, 41
20, 41
3, 41
0, 41
0, 41
11, 41
0, 41
14, 41
5, 41
2, 41
4, 41
3, 41
2, 41
3, 41
2, 41
4, 41
6, 41
8, 41
8, 41
15, 41
1, 41
4, 41
2, 41
0, 41
3, 41
10, 41
10, 41
3, 41
12, 41
2, 41
5, 41
16, 41
9, 41
5, 41
8, 41
13, 41
6, 41
6, 41
9, 41
3, 41
0, 41
3, 41
0, 41
7, 41
15, 41
6, 41
0, 41
8, 41
19, 41
7, 41
7, 41
0, 41
8, 41
6, 41
19, 41
2, 41
5, 41
12, 41
9, 41
4, 41
5, 41
4, 41
0, 41
17, 41
2, 41
7, 41
8, 41
4, 41
5, 41
1, 41
16, 41
6, 41
27, 41
6, 41
3, 41
0, 41
2, 41
11, 41
10, 41
6, 41
4, 41
17, 41
7, 41
0, 41
5, 41
2, 41
2, 41
24, 41
2, 41
0, 41
1, 41
6, 41
5, 41
0, 41
18, 41
6, 41
12, 41
12, 41
0, 41
13, 41
9, 41
6, 41
2, 41
0, 41
11, 41
0, 41
3, 41
3, 41
3, 41
1, 41
3, 41
7, 41
3, 41
7, 41
10, 41
9, 41
0, 41
1, 41
11, 41
15, 41
14, 41
9, 41
2, 41
7, 41
10, 41
3, 41
7, 41
1, 41
10, 41
16, 41
2, 41
0, 41
7, 41
0, 41
20, 41
3, 41
6, 41
4, 41
5, 41
1, 41
17, 41
5, 41
6, 41
13, 41
11, 41
10, 41
22, 41
2, 41
23, 41
20, 41
11, 41
0, 41
2, 41
8, 41
16, 41
7, 41
15, 41
0, 41
11, 41
2, 41
5, 41
8, 41
7, 41
18, 41
9, 41
17, 41
8, 41
26, 41
0, 41
9, 41
4, 41
0, 41
0, 41
12, 41
20, 41
18, 41
3, 41
11, 41
24, 41
21, 41
32, 41
3, 41
7, 41
0, 41
0, 41
6, 41
54, 54
4, 54
21, 54
21, 54
6, 54
12, 54
5, 54
17, 54
48, 54
5, 54
10, 54
9, 54
8, 54
10, 54
4, 54
2, 54
7, 54
2, 54
90, 90
12, 90
0, 90
0, 90
0, 90
19, 90
0, 90
23, 90
9, 90
7, 90
29, 90
40, 90
3, 90
2, 90
15, 90
31, 90
8, 90
31, 90
10, 90
30, 90
12, 90
6, 90
4, 90
15, 90
0, 90
2, 90
10, 90
12, 90
10, 90
13, 90
6, 90
12, 90
1, 90
1, 90
7, 90
19, 90
25, 90
1, 90
6, 90
1, 90
4, 90
7, 90
0, 90
1, 90
14, 90
23, 90
6, 90
16, 90
12, 90
30, 90
1, 90
7, 90
13, 90
3, 90
32, 90
4, 90
6, 90
17, 90
4, 90
2, 90
3, 90
1, 90
7, 90
18, 90
2, 90
9, 90
50, 90
2, 90
9, 90
2, 90
8, 90
13, 90
16, 90
17, 90
7, 90
16, 90
7, 90
5, 90
5, 90
2, 90
10, 90
10, 90
15, 90
11, 90
1, 90
14, 90
3, 90
4, 90
1, 90
3, 90
14, 90
4, 90
5, 90
4, 90
2, 90
1, 90
1, 90
5, 90
1, 90
11, 90
4, 90
20, 90
3, 90
9, 90
20, 90
6, 90
0, 90
14, 90
34, 90
0, 90
5, 90
6, 90
21, 90
30, 90
5, 90
16, 90
1, 90
5, 90
14, 90
41, 90
5, 90
4, 90
16, 90
3, 90
10, 90
9, 90
19, 90
7, 90
21, 90
10, 90
4, 90
9, 90
27, 90
3, 90
8, 90
2, 90
23, 90
0, 90
3, 90
13, 90
3, 90
6, 90
19, 90
14, 90
5, 90
64, 90
25, 90
14, 90
18, 90
1, 90
10, 90
10, 90
4, 90
28, 90
29, 90
3, 90
18, 90
1, 90
1, 90
3, 90
10, 90
16, 90
13, 90
20, 90
9, 90
11, 90
5, 90
3, 90
10, 90
11, 90
26, 90
22, 90
8, 90
5, 90
17, 90
0, 90
2, 90
16, 90
16, 90
15, 90
7, 90
6, 90
7, 90
5, 90
11, 90
6, 90
10, 90
15, 90
12, 90
2, 90
6, 90
25, 90
16, 90
16, 90
11, 90
3, 90
8, 90
3, 90
16, 90
10, 90
14, 90
1, 90
18, 90
7, 90
4, 90
52, 90
10, 90
34, 90
11, 90
7, 90
4, 90
4, 90
2, 90
13, 90
8, 90
6, 90
2, 90
3, 90
66, 90
44, 90
48, 90
8, 90
2, 90
6, 90
2, 90
25, 90
1, 90
0, 90
84, 90
17, 90
5, 90
8, 90
4, 90
26, 90
22, 90
7, 90
4, 90
31, 90
42, 90
6, 90
8, 90
3, 90
56, 90
63, 90
62, 90
5, 90
2, 90
9, 90
24, 90
42, 90
34, 90
97, 97
0, 97
8, 97
2, 97
50, 97
5, 97
19, 97
44, 97
22, 97
4, 97
41, 97
2, 97
83, 97
16, 97
41, 97
15, 97
59, 97
30, 97
42, 97
46, 97
19, 97
0, 97
33, 97
18, 97
17, 97
8, 97
9, 97
0, 97
18, 97
8, 97
32, 97
23, 97
8, 97
104, 104
7, 104
16, 104
31, 104
15, 104
33, 104
0, 104
17, 104
17, 104
27, 104
10, 104
31, 104
50, 104
33, 104
6, 104
6, 104
52, 104
3, 104
23, 104
8, 104
102, 104
25, 104
22, 104
15, 104
16, 104
35, 104
13, 104
18, 104
13, 104
52, 104
33, 104
22, 104
81, 104
38, 104
2, 104
2, 104
4, 104
23, 104
16, 104
6, 104
9, 104
20, 104
53, 104
78, 104
29, 104
22, 104
53, 104
43, 104
14, 104
4, 104
11, 104
25, 104
5, 104
0, 104
19, 104
35, 104
16, 104
26, 104
26, 104
1, 104
23, 104
10, 104
1, 104
10, 104
9, 104
9, 104
33, 104
13, 104
32, 104
34, 104
2, 104
0, 104
0, 104
32, 104
4, 104
28, 104
9, 104
4, 104
6, 104
11, 104
6, 104
16, 104
14, 104
9, 104
14, 104
15, 104
14, 104
2, 104
0, 104
6, 104
3, 104
28, 104
7, 104
3, 104
2, 104
16, 104
23, 104
1, 104
7, 104
1, 104
3, 104
5, 104
6, 104
17, 104
8, 104
21, 104
0, 104
2, 104
6, 104
5, 104
3, 104
1, 104
2, 104
4, 104
16, 104
17, 104
5, 104
20, 104
5, 104
1, 104
0, 104
15, 104
70, 104
0, 104
9, 104
36, 104
5, 104
24, 104
14, 104
7, 104
1, 104
21, 104
33, 104
2, 104
26, 104
55, 104
36, 104
9, 104
6, 104
6, 104
4, 104
1, 104
6, 104
31, 104
5, 104
0, 104
42, 104
50, 104
4, 104
48, 104
2, 104
48, 104
14, 104
16, 104
52, 104
30, 104
0, 104
24, 104
22, 104
2, 104
84, 104
1, 104
43, 104
15, 104
4, 104
41, 104
10, 104
6, 104
4, 104
74, 104
7, 104
7, 104
7, 104
9, 104
48, 104
6, 104
10, 104
13, 104
6, 104
39, 104
3, 104
26, 104
5, 104
37, 104
12, 104
1, 104
14, 104
11, 104
8, 104
4, 104
13, 104
4, 104
3, 104
51, 104
15, 104
13, 104
1, 104
4, 104
16, 104
41, 104
11, 104
6, 104
3, 104
9, 104
1, 104
29, 104
14, 104
10, 104
4, 104
4, 104
34, 104
15, 104
3, 104
1, 104
13, 104
18, 104
35, 104
3, 104
20, 104
7, 104
19, 104
22, 104
8, 104
5, 104
23, 104
29, 104
45, 104
5, 104
29, 104
13, 104
34, 104
7, 104
16, 104
49, 104
2, 104
67, 104
33, 104
7, 104
2, 104
63, 104
16, 104
5, 104
9, 104
0, 104
2, 104
26, 104
20, 104
8, 104
8, 104
16, 104
35, 104
5, 104
14, 104
32, 104
16, 104
28, 104
7, 104
9, 104
7, 104
23, 104
62, 104
6, 104
5, 104
17, 104
20, 104
12, 104
2, 104
15, 104
10, 104
23, 104
37, 104
8, 104
13, 104
14, 104
14, 104
52, 104
3, 104
4, 104
13, 104
68, 104
19, 104
32, 104
10, 104
7, 104
29, 104
10, 104
34, 104
4, 104
5, 104
45, 104
7, 104
75, 104
6, 104
17, 104
4, 104
3, 104
14, 104
27, 104
17, 104
7, 104
13, 104
31, 104
12, 104
8, 104
3, 104
7, 104
3, 104
4, 104
5, 104
5, 104
7, 104
32, 104
0, 104
43, 104
0, 104
7, 104
8, 104
8, 104
23, 104
15, 104
24, 104
19, 104
3, 104
11, 104
21, 104
8, 104
4, 104
45, 104
5, 104
29, 104
5, 104
26, 104
45, 104
5, 104
6, 104
23, 104
51, 104
35, 104
33, 104
31, 104
25, 104
3, 104
11, 104
39, 104
52, 104
77, 104
23, 104
12, 104
25, 104
21, 104
5, 104
35, 104
16, 104
90, 104
53, 104
10, 104
3, 104
5, 104
49, 104
58, 104
7, 104
51, 104
15, 104
3, 104
43, 104
55, 104
8, 104
58, 104
11, 104
66, 104
20, 104
6, 104
98, 104
33, 104
11, 104
19, 104
18, 104
65, 104
46, 104
105, 105
15, 105
8, 105
62, 105
14, 105
35, 105
38, 105
112, 112
3, 112
16, 112
31, 112
30, 112
4, 112
1, 112
2, 112
1, 112
30, 112
7, 112
58, 112
20, 112
76, 112
8, 112
13, 112
8, 112
2, 112
17, 112
8, 112
46, 112
1, 112
23, 112
35, 112
45, 112
4, 112
1, 112
13, 112
32, 112
33, 112
35, 112
75, 112
82, 112
7, 112
11, 112
1, 112
8, 112
9, 112
32, 112
7, 112
54, 112
15, 112
5, 112
13, 112
3, 112
14, 112
10, 112
14, 112
15, 112
24, 112
22, 112
60, 112
21, 112
63, 112
7, 112
103, 112
10, 112
67, 112
3, 112
8, 112
68, 112
11, 112
3, 112
14, 112
54, 112
13, 112
28, 112
5, 112
12, 112
3, 112
7, 112
51, 112
10, 112
18, 112
6, 112
52, 112
33, 112
9, 112
0, 112
28, 112
20, 112
53, 112
18, 112
11, 112
5, 112
2, 112
9, 112
12, 112
37, 112
16, 112
3, 112
18, 112
19, 112
23, 112
13, 112
14, 112
2, 112
14, 112
28, 112
13, 112
37, 112
7, 112
11, 112
30, 112
22, 112
39, 112
13, 112
26, 112
3, 112
37, 112
10, 112
5, 112
6, 112
2, 112
77, 112
9, 112
11, 112
33, 112
5, 112
17, 112
0, 112
36, 112
39, 112
8, 112
4, 112
22, 112
37, 112
37, 112
6, 112
3, 112
1, 112
40, 112
15, 112
25, 112
30, 112
33, 112
23, 112
3, 112
1, 112
3, 112
54, 112
12, 112
1, 112
6, 112
33, 112
7, 112
68, 112
15, 112
14, 112
24, 112
15, 112
7, 112
38, 112
55, 112
11, 112
11, 112
13, 112
8, 112
3, 112
12, 112
3, 112
5, 112
43, 112
7, 112
3, 112
12, 112
25, 112
0, 112
21, 112
42, 112
4, 112
12, 112
34, 112
73, 112
32, 112
2, 112
1, 112
6, 112
11, 112
10, 112
4, 112
13, 112
11, 112
11, 112
7, 112
25, 112
59, 112
1, 112
13, 112
17, 112
14, 112
13, 112
37, 112
42, 112
5, 112
44, 112
23, 112
4, 112
29, 112
2, 112
19, 112
10, 112
5, 112
39, 112
13, 112
12, 112
27, 112
45, 112
8, 112
18, 112
4, 112
5, 112
0, 112
103, 112
4, 112
4, 112
38, 112
21, 112
11, 112
47, 112
7, 112
27, 112
18, 112
34, 112
30, 112
7, 112
20, 112
2, 112
4, 112
28, 112
50, 112
17, 112
16, 112
13, 112
8, 112
3, 112
61, 112
14, 112
2, 112
3, 112
3, 112
9, 112
8, 112
7, 112
5, 112
21, 112
5, 112
69, 112
100, 112
84, 112
3, 112
7, 112
47, 112
50, 112
26, 112
58, 112
44, 112
11, 112
48, 112
94, 112
2, 112
55, 112
19, 112
105, 112
7, 112
13, 112
15, 112
39, 112
6, 112
9, 112
10, 112
11, 112
5, 112
0, 112
4, 112
12, 112
58, 112
19, 112
7, 112
106, 112
83, 112
12, 112
1, 112
5, 112
5, 112
11, 112
48, 112
25, 112
64, 112
11, 112
4, 112
10, 112
31, 112
13, 112
18, 112
25, 112
25, 112
10, 112
4, 112
6, 112
1, 112
20, 112
11, 112
29, 112
16, 112
15, 112
26, 112
8, 112
8, 112
39, 112
61, 112
2, 112
25, 112
62, 112
27, 112
49, 112
26, 112
1, 112
19, 112
17, 112
29, 112
8, 112
3, 112
74, 112
22, 112
69, 112
10, 112
24, 112
33, 112
17, 112
93, 112
6, 112
6, 112
12, 112
50, 112
5, 112
2, 112
32, 112
76, 112
12, 112
7, 112
8, 112
35, 112
5, 112
29, 112
0, 112
1, 112
28, 112
10, 112
46, 112
58, 112
34, 112
11, 112
42, 112
22, 112
1, 112
10, 112
9, 112
3, 112
1, 112
74, 112
3, 112
25, 112
32, 112
16, 112
42, 112
9, 112
11, 112
33, 112
70, 112
10, 112
18, 112
0, 112
26, 112
1, 112
24, 112
16, 112
4, 112
18, 112
26, 112
1, 112
7, 112
17, 112
18, 112
6, 112
3, 112
2, 112
19, 112
10, 112
15, 112
25, 112
30, 112
9, 112
57, 112
26, 112
4, 112
2, 112
3, 112
10, 112
36, 112
9, 112
16, 112
9, 112
28, 112
2, 112
16, 112
79, 112
4, 112
42, 112
4, 112
18, 112
13, 112
15, 112
29, 112
79, 112
14, 112
11, 112
22, 112
1, 112
18, 112
32, 112
69, 112
10, 112
11, 112
22, 112
11, 112
23, 112
10, 112
67, 112
11, 112
32, 112
19, 112
38, 112
7, 112
11, 112
9, 112
41, 112
6, 112
3, 112
44, 112
44, 112
21, 112
42, 112
16, 112
12, 112
6, 112
16, 112
15, 112
36, 112
45, 112
47, 112
72, 112
94, 112
60, 112
15, 112
1, 112
58, 112
11, 112
71, 112
8, 112
12, 112
33, 112
104, 112
61, 112
45, 112
21, 112
59, 112
47, 112
7, 112
0, 112
43, 112
68, 112
39, 112
60, 112
79, 112
112, 112
3, 112
19, 112
11, 112
91, 112
19, 112
4, 112
36, 112
11, 112
21, 112
21, 112
25, 112
36, 112
111, 112
9, 112
3, 112
48, 112
52, 112
6, 112
101, 112
18, 112
2, 112
5, 112
15, 112
62, 112
17, 112
51, 112
1, 112
6, 112
10, 112
3, 112
10, 112
114, 114
38, 114
55, 114
65, 114
80, 114
0, 114
32, 114
5, 114
52, 114
9, 114
35, 114
92, 114
9, 114
34, 114
21, 114
53, 114
100, 114
80, 114
18, 114
17, 114
16, 114
45, 114
37, 114
24, 114
25, 114
1, 114
38, 114
36, 114
13, 114
24, 114
3, 114
7, 114
22, 114
3, 114
90, 114
6, 114
40, 114
26, 114
16, 114
51, 114
39, 114
17, 114
18, 114
23, 114
20, 114
13, 114
16, 114
12, 114
55, 114
27, 114
22, 114
8, 114
15, 114
105, 114
35, 114
14, 114
6, 114
40, 114
113, 114
13, 114
39, 114
35, 114
38, 114
2, 114
8, 114
10, 114
57, 114
3, 114
29, 114
32, 114
44, 114
99, 114
32, 114
64, 114
109, 114
29, 114
23, 114
26, 114
19, 114
46, 114
79, 114
99, 114
97, 114
10, 114
5, 114
75, 114
24, 114
25, 114
49, 114
103, 114
20, 114
26, 114
72, 114
110, 114
115, 115
45, 115
59, 115
85, 115
86, 115
28, 115
22, 115
66, 115
11, 115
112, 115
83, 115
6, 115
21, 115
25, 115
86, 115
52, 115
55, 115
61, 115
38, 115
11, 115
28, 115
3, 115
79, 115
75, 115
60, 115
0, 115
41, 115
24, 115
41, 115
18, 115
8, 115
14, 115
103, 115
37, 115
8, 115
52, 115
41, 115
8, 115
108, 115
34, 115
11, 115
13, 115
37, 115
34, 115
6, 115
76, 115
3, 115
101, 115
6, 115
29, 115
29, 115
101, 115
20, 115
2, 115
39, 115
41, 115
19, 115
1, 115
47, 115
31, 115
7, 115
10, 115
81, 115
26, 115
13, 115
102, 115
70, 115
93, 115
5, 115
104, 115
73, 115
65, 115
132, 132
61, 132
109, 132
12, 132
16, 132
32, 132
69, 132
30, 132
56, 132
12, 132
104, 132
11, 132
3, 132
62, 132
24, 132
92, 132
26, 132
12, 132
17, 132
39, 132
50, 132
8, 132
9, 132
33, 132
133, 133
100, 133
95, 133
118, 133
44, 133
111, 133
43, 133
26, 133
26, 133
106, 133
161, 161
111, 161
10, 161
18, 161
14, 161
48, 161
21, 161
43, 161
97, 161
108, 161
110, 161
101, 161
6, 161
5, 161
5, 161
10, 161
10, 161
11, 161
40, 161
5, 161
43, 161
1, 161
90, 161
88, 161
6, 161
76, 161
34, 161
46, 161
111, 161
15, 161
45, 161
110, 161
48, 161
31, 161
52, 161
18, 161
10, 161
7, 161
75, 161
106, 161
114, 161
28, 161
57, 161
37, 161
33, 161
20, 161
115, 161
39, 161
0, 161
4, 161
1, 161
67, 161
34, 161
29, 161
84, 161
2, 161
123, 161
9, 161
62, 161
0, 161
22, 161
139, 161
0, 161
68, 161
45, 161
32, 161
13, 161
0, 161
8, 161
12, 161
10, 161
15, 161
33, 161
26, 161
12, 161
2, 161
94, 161
1, 161
5, 161
8, 161
24, 161
36, 161
101, 161
21, 161
44, 161
5, 161
14, 161
0, 161
0, 161
16, 161
21, 161
5, 161
54, 161
60, 161
75, 161
9, 161
0, 161
110, 161
12, 161
11, 161
27, 161
37, 161
44, 161
47, 161
5, 161
0, 161
6, 161
30, 161
72, 161
18, 161
115, 161
44, 161
90, 161
36, 161
53, 161
13, 161
21, 161
23, 161
69, 161
69, 161
31, 161
38, 161
114, 161
38, 161
24, 161
114, 161
16, 161
101, 161
51, 161
27, 161
2, 161
23, 161
47, 161
18, 161
17, 161
21, 161
2, 161
7, 161
40, 161
11, 161
51, 161
12, 161
50, 161
79, 161
1, 161
20, 161
14, 161
8, 161
16, 161
39, 161
3, 161
4, 161
55, 161
29, 161
104, 161
94, 161
38, 161
5, 161
48, 161
114, 161
18, 161
13, 161
0, 161
100, 161
11, 161
94, 161
1, 161
32, 161
43, 161
47, 161
7, 161
15, 161
59, 161
25, 161
2, 161
45, 161
29, 161
16, 161
19, 161
63, 161
110, 161
2, 161
6, 161
89, 161
23, 161
58, 161
33, 161
15, 161
6, 161
35, 161
58, 161
105, 161
11, 161
107, 161
100, 161
109, 161
100, 161
67, 161
133, 161
63, 161
7, 161
51, 161
52, 161
22, 161
102, 161
112, 161
6, 161
32, 161
122, 161
2, 161
34, 161
101, 161
69, 161
19, 161
9, 161
33, 161
5, 161
17, 161
14, 161
31, 161
10, 161
23, 161
9, 161
13, 161
28, 161
21, 161
25, 161
39, 161
53, 161
41, 161
18, 161
49, 161
2, 161
28, 161
0, 161
116, 161
10, 161
10, 161
3, 161
72, 161
106, 161
6, 161
22, 161
5, 161
106, 161
69, 161
81, 161
2, 161
19, 161
37, 161
64, 161
56, 161
11, 161
7, 161
101, 161
7, 161
1, 161
54, 161
105, 161
85, 161
103, 161
17, 161
126, 161
17, 161
8, 161
0, 161
19, 161
7, 161
81, 161
69, 161
13, 161
16, 161
1, 161
110, 161
6, 161
20, 161
11, 161
15, 161
18, 161
75, 161
71, 161
9, 161
17, 161
18, 161
16, 161
12, 161
5, 161
15, 161
124, 161
35, 161
41, 161
6, 161
7, 161
44, 161
12, 161
87, 161
11, 161
104, 161
23, 161
48, 161
40, 161
92, 161
38, 161
5, 161
44, 161
77, 161
14, 161
60, 161
21, 161
