#Algorithm: SARSA, Speed: 1, Boost: 5, PM: False, Env size: (20, 20), Car size: (6, 5),
#Counter: 10000000, Nsteps: 1000000, Gamma: 1, LearnRate: 0.01, Eps: 0.5, Epsdecay: 0.9
1, 1
0, 1
0, 1
3, 3
0, 3
2, 3
0, 3
0, 3
0, 3
0, 3
2, 3
0, 3
3, 3
1, 3
1, 3
3, 3
3, 3
5, 5
1, 5
2, 5
3, 5
2, 5
0, 5
3, 5
4, 5
5, 5
5, 5
3, 5
3, 5
1, 5
2, 5
2, 5
3, 5
3, 5
2, 5
1, 5
3, 5
0, 5
18, 18
3, 18
0, 18
4, 18
0, 18
1, 18
2, 18
6, 18
0, 18
1, 18
6, 18
2, 18
2, 18
9, 18
5, 18
2, 18
3, 18
3, 18
2, 18
6, 18
1, 18
1, 18
4, 18
1, 18
0, 18
5, 18
3, 18
1, 18
0, 18
2, 18
3, 18
3, 18
2, 18
6, 18
8, 18
0, 18
0, 18
0, 18
1, 18
2, 18
14, 18
1, 18
35, 35
1, 35
2, 35
1, 35
1, 35
6, 35
2, 35
9, 35
1, 35
1, 35
1, 35
5, 35
2, 35
2, 35
18, 35
3, 35
1, 35
3, 35
19, 35
3, 35
1, 35
1, 35
0, 35
0, 35
1, 35
1, 35
1, 35
2, 35
4, 35
18, 35
3, 35
1, 35
4, 35
1, 35
0, 35
5, 35
2, 35
1, 35
0, 35
3, 35
0, 35
4, 35
2, 35
4, 35
2, 35
7, 35
3, 35
4, 35
9, 35
4, 35
3, 35
13, 35
2, 35
5, 35
3, 35
2, 35
13, 35
4, 35
1, 35
4, 35
1, 35
5, 35
4, 35
1, 35
2, 35
5, 35
2, 35
2, 35
1, 35
2, 35
0, 35
2, 35
5, 35
0, 35
6, 35
0, 35
0, 35
1, 35
4, 35
0, 35
0, 35
5, 35
1, 35
4, 35
1, 35
2, 35
1, 35
6, 35
5, 35
15, 35
2, 35
3, 35
5, 35
2, 35
5, 35
4, 35
6, 35
8, 35
4, 35
4, 35
5, 35
6, 35
5, 35
7, 35
4, 35
6, 35
8, 35
2, 35
1, 35
3, 35
1, 35
2, 35
1, 35
3, 35
3, 35
9, 35
2, 35
1, 35
8, 35
4, 35
2, 35
2, 35
16, 35
2, 35
9, 35
6, 35
2, 35
0, 35
0, 35
11, 35
2, 35
0, 35
9, 35
19, 35
3, 35
3, 35
3, 35
2, 35
8, 35
3, 35
12, 35
0, 35
11, 35
2, 35
4, 35
0, 35
4, 35
0, 35
19, 35
6, 35
6, 35
11, 35
2, 35
2, 35
10, 35
1, 35
27, 35
3, 35
7, 35
0, 35
1, 35
2, 35
4, 35
6, 35
1, 35
8, 35
10, 35
1, 35
8, 35
0, 35
4, 35
5, 35
1, 35
2, 35
0, 35
7, 35
3, 35
1, 35
1, 35
2, 35
1, 35
21, 35
5, 35
2, 35
6, 35
18, 35
2, 35
0, 35
1, 35
9, 35
6, 35
7, 35
0, 35
1, 35
6, 35
4, 35
3, 35
7, 35
6, 35
0, 35
0, 35
5, 35
0, 35
3, 35
5, 35
0, 35
1, 35
5, 35
7, 35
2, 35
16, 35
0, 35
3, 35
4, 35
29, 35
2, 35
0, 35
4, 35
6, 35
4, 35
1, 35
4, 35
2, 35
1, 35
5, 35
15, 35
2, 35
3, 35
1, 35
8, 35
1, 35
2, 35
0, 35
5, 35
13, 35
34, 35
2, 35
2, 35
10, 35
5, 35
29, 35
12, 35
4, 35
6, 35
0, 35
4, 35
8, 35
0, 35
3, 35
1, 35
21, 35
10, 35
10, 35
3, 35
6, 35
21, 35
6, 35
27, 35
3, 35
6, 35
3, 35
7, 35
38, 38
6, 38
4, 38
3, 38
2, 38
0, 38
8, 38
5, 38
4, 38
0, 38
13, 38
6, 38
5, 38
4, 38
1, 38
19, 38
1, 38
6, 38
8, 38
2, 38
4, 38
0, 38
11, 38
4, 38
12, 38
15, 38
8, 38
1, 38
2, 38
4, 38
4, 38
20, 38
32, 38
5, 38
5, 38
7, 38
7, 38
3, 38
15, 38
3, 38
1, 38
2, 38
0, 38
1, 38
4, 38
3, 38
5, 38
11, 38
6, 38
3, 38
6, 38
2, 38
3, 38
7, 38
17, 38
7, 38
6, 38
5, 38
12, 38
1, 38
0, 38
0, 38
15, 38
10, 38
3, 38
7, 38
12, 38
4, 38
4, 38
16, 38
2, 38
4, 38
7, 38
9, 38
10, 38
5, 38
3, 38
4, 38
3, 38
3, 38
12, 38
3, 38
5, 38
27, 38
2, 38
8, 38
2, 38
1, 38
1, 38
9, 38
5, 38
8, 38
4, 38
8, 38
9, 38
13, 38
3, 38
9, 38
9, 38
0, 38
26, 38
1, 38
17, 38
11, 38
14, 38
7, 38
3, 38
6, 38
16, 38
3, 38
4, 38
8, 38
2, 38
1, 38
2, 38
2, 38
4, 38
1, 38
3, 38
5, 38
0, 38
22, 38
10, 38
0, 38
0, 38
2, 38
3, 38
2, 38
22, 38
3, 38
3, 38
0, 38
3, 38
3, 38
18, 38
11, 38
2, 38
5, 38
2, 38
1, 38
5, 38
6, 38
11, 38
1, 38
1, 38
15, 38
3, 38
1, 38
16, 38
4, 38
4, 38
17, 38
1, 38
3, 38
8, 38
17, 38
7, 38
6, 38
7, 38
17, 38
1, 38
10, 38
18, 38
2, 38
10, 38
5, 38
22, 38
13, 38
13, 38
5, 38
3, 38
4, 38
5, 38
5, 38
19, 38
16, 38
11, 38
2, 38
2, 38
8, 38
11, 38
2, 38
3, 38
3, 38
16, 38
8, 38
17, 38
5, 38
5, 38
13, 38
4, 38
6, 38
4, 38
7, 38
15, 38
8, 38
2, 38
0, 38
10, 38
4, 38
17, 38
4, 38
2, 38
16, 38
6, 38
9, 38
3, 38
1, 38
1, 38
2, 38
0, 38
6, 38
14, 38
7, 38
3, 38
17, 38
4, 38
21, 38
0, 38
7, 38
7, 38
27, 38
11, 38
6, 38
5, 38
6, 38
23, 38
2, 38
13, 38
10, 38
36, 38
18, 38
7, 38
7, 38
3, 38
9, 38
2, 38
0, 38
5, 38
7, 38
7, 38
10, 38
0, 38
3, 38
23, 38
2, 38
5, 38
22, 38
18, 38
7, 38
14, 38
3, 38
27, 38
3, 38
17, 38
3, 38
7, 38
10, 38
3, 38
11, 38
0, 38
10, 38
5, 38
7, 38
7, 38
5, 38
7, 38
14, 38
4, 38
9, 38
7, 38
17, 38
4, 38
4, 38
8, 38
8, 38
2, 38
2, 38
13, 38
1, 38
4, 38
2, 38
10, 38
12, 38
13, 38
5, 38
0, 38
19, 38
5, 38
9, 38
5, 38
2, 38
0, 38
2, 38
6, 38
1, 38
6, 38
3, 38
19, 38
17, 38
18, 38
8, 38
12, 38
0, 38
6, 38
7, 38
2, 38
19, 38
11, 38
18, 38
12, 38
1, 38
28, 38
1, 38
0, 38
23, 38
11, 38
20, 38
5, 38
14, 38
11, 38
1, 38
14, 38
4, 38
1, 38
14, 38
7, 38
9, 38
5, 38
16, 38
0, 38
0, 38
7, 38
19, 38
6, 38
0, 38
0, 38
6, 38
3, 38
3, 38
5, 38
14, 38
1, 38
8, 38
0, 38
1, 38
5, 38
1, 38
0, 38
4, 38
31, 38
0, 38
2, 38
4, 38
10, 38
0, 38
4, 38
3, 38
3, 38
1, 38
6, 38
0, 38
0, 38
4, 38
0, 38
5, 38
2, 38
5, 38
4, 38
6, 38
0, 38
3, 38
6, 38
3, 38
8, 38
0, 38
0, 38
16, 38
0, 38
21, 38
1, 38
0, 38
27, 38
19, 38
0, 38
5, 38
32, 38
3, 38
0, 38
4, 38
0, 38
7, 38
5, 38
11, 38
6, 38
0, 38
0, 38
5, 38
3, 38
17, 38
5, 38
4, 38
2, 38
13, 38
11, 38
9, 38
0, 38
6, 38
26, 38
16, 38
5, 38
8, 38
10, 38
0, 38
2, 38
15, 38
11, 38
37, 38
19, 38
36, 38
1, 38
4, 38
10, 38
21, 38
5, 38
5, 38
11, 38
12, 38
30, 38
4, 38
6, 38
2, 38
8, 38
12, 38
3, 38
0, 38
4, 38
5, 38
0, 38
2, 38
20, 38
8, 38
8, 38
3, 38
0, 38
10, 38
7, 38
6, 38
0, 38
2, 38
3, 38
1, 38
2, 38
2, 38
10, 38
13, 38
3, 38
6, 38
3, 38
0, 38
1, 38
1, 38
4, 38
9, 38
20, 38
0, 38
0, 38
5, 38
4, 38
0, 38
15, 38
8, 38
1, 38
3, 38
32, 38
0, 38
1, 38
7, 38
2, 38
4, 38
0, 38
18, 38
5, 38
15, 38
3, 38
20, 38
3, 38
20, 38
18, 38
9, 38
9, 38
5, 38
0, 38
19, 38
4, 38
21, 38
7, 38
10, 38
21, 38
8, 38
9, 38
2, 38
0, 38
10, 38
4, 38
24, 38
10, 38
10, 38
2, 38
4, 38
6, 38
7, 38
9, 38
5, 38
20, 38
17, 38
0, 38
10, 38
8, 38
16, 38
29, 38
2, 38
1, 38
11, 38
0, 38
5, 38
2, 38
1, 38
4, 38
2, 38
1, 38
29, 38
1, 38
8, 38
4, 38
1, 38
40, 40
9, 40
17, 40
7, 40
10, 40
1, 40
7, 40
4, 40
3, 40
3, 40
3, 40
2, 40
10, 40
6, 40
12, 40
10, 40
13, 40
18, 40
43, 43
0, 43
8, 43
5, 43
40, 43
5, 43
19, 43
15, 43
7, 43
0, 43
27, 43
23, 43
4, 43
13, 43
0, 43
8, 43
1, 43
0, 43
14, 43
4, 43
0, 43
31, 43
35, 43
3, 43
13, 43
11, 43
4, 43
1, 43
9, 43
1, 43
9, 43
6, 43
8, 43
0, 43
3, 43
1, 43
24, 43
14, 43
10, 43
27, 43
11, 43
2, 43
4, 43
16, 43
4, 43
3, 43
3, 43
20, 43
8, 43
18, 43
6, 43
2, 43
4, 43
13, 43
2, 43
21, 43
18, 43
15, 43
25, 43
6, 43
27, 43
13, 43
20, 43
6, 43
10, 43
16, 43
21, 43
47, 47
3, 47
7, 47
27, 47
7, 47
3, 47
8, 47
22, 47
44, 47
26, 47
3, 47
22, 47
15, 47
13, 47
19, 47
14, 47
8, 47
34, 47
2, 47
4, 47
37, 47
3, 47
20, 47
13, 47
8, 47
2, 47
39, 47
8, 47
0, 47
29, 47
5, 47
3, 47
1, 47
9, 47
10, 47
43, 47
10, 47
0, 47
12, 47
6, 47
9, 47
16, 47
42, 47
0, 47
3, 47
5, 47
15, 47
4, 47
25, 47
7, 47
4, 47
3, 47
20, 47
5, 47
20, 47
3, 47
7, 47
5, 47
5, 47
6, 47
1, 47
13, 47
27, 47
28, 47
12, 47
55, 55
1, 55
4, 55
3, 55
15, 55
1, 55
2, 55
3, 55
1, 55
16, 55
9, 55
1, 55
9, 55
8, 55
19, 55
5, 55
1, 55
0, 55
5, 55
4, 55
1, 55
13, 55
0, 55
3, 55
7, 55
6, 55
0, 55
11, 55
0, 55
0, 55
1, 55
0, 55
13, 55
3, 55
7, 55
17, 55
23, 55
0, 55
28, 55
0, 55
13, 55
1, 55
1, 55
2, 55
13, 55
10, 55
9, 55
3, 55
4, 55
14, 55
46, 55
48, 55
7, 55
8, 55
5, 55
7, 55
10, 55
11, 55
9, 55
40, 55
11, 55
1, 55
7, 55
6, 55
11, 55
45, 55
17, 55
5, 55
10, 55
2, 55
0, 55
34, 55
12, 55
5, 55
1, 55
23, 55
7, 55
1, 55
19, 55
3, 55
3, 55
23, 55
27, 55
2, 55
21, 55
1, 55
26, 55
5, 55
6, 55
4, 55
15, 55
3, 55
27, 55
16, 55
35, 55
8, 55
7, 55
6, 55
13, 55
12, 55
3, 55
13, 55
23, 55
16, 55
6, 55
31, 55
1, 55
11, 55
12, 55
36, 55
10, 55
50, 55
2, 55
16, 55
12, 55
4, 55
40, 55
0, 55
3, 55
26, 55
18, 55
20, 55
23, 55
14, 55
13, 55
4, 55
13, 55
6, 55
4, 55
4, 55
6, 55
5, 55
23, 55
21, 55
13, 55
37, 55
19, 55
3, 55
3, 55
9, 55
5, 55
12, 55
7, 55
8, 55
14, 55
35, 55
21, 55
25, 55
12, 55
0, 55
6, 55
4, 55
6, 55
56, 56
4, 56
4, 56
4, 56
10, 56
22, 56
54, 56
7, 56
6, 56
3, 56
9, 56
15, 56
52, 56
12, 56
20, 56
11, 56
4, 56
7, 56
31, 56
6, 56
1, 56
27, 56
55, 56
17, 56
3, 56
2, 56
3, 56
6, 56
12, 56
8, 56
37, 56
6, 56
25, 56
2, 56
14, 56
13, 56
59, 59
7, 59
40, 59
16, 59
30, 59
28, 59
14, 59
6, 59
1, 59
3, 59
29, 59
26, 59
68, 68
4, 68
30, 68
7, 68
118, 118
119, 119
24, 119
67, 119
12, 119
13, 119
0, 119
6, 119
15, 119
1, 119
41, 119
1, 119
1, 119
2, 119
29, 119
0, 119
0, 119
27, 119
14, 119
12, 119
23, 119
4, 119
9, 119
5, 119
16, 119
29, 119
27, 119
1, 119
32, 119
24, 119
19, 119
12, 119
2, 119
39, 119
44, 119
10, 119
4, 119
5, 119
44, 119
8, 119
38, 119
18, 119
7, 119
24, 119
4, 119
8, 119
48, 119
13, 119
41, 119
11, 119
28, 119
21, 119
33, 119
13, 119
31, 119
23, 119
17, 119
2, 119
2, 119
189, 189
63, 189
5, 189
33, 189
9, 189
74, 189
123, 189
17, 189
45, 189
63, 189
21, 189
45, 189
108, 189
1, 189
99, 189
41, 189
304, 304
73, 304
0, 304
19, 304
46, 304
114, 304
1, 304
64, 304
26, 304
58, 304
50, 304
93, 304
200, 304
48, 304
116, 304
30, 304
44, 304
2, 304
39, 304
258, 304
8, 304
28, 304
100, 304
3, 304
55, 304
136, 304
25, 304
77, 304
7, 304
12, 304
284, 304
28, 304
24, 304
0, 304
220, 304
173, 304
5, 304
78, 304
54, 304
92, 304
34, 304
28, 304
147, 304
44, 304
36, 304
31, 304
42, 304
35, 304
138, 304
15, 304
99, 304
124, 304
30, 304
85, 304
7, 304
46, 304
31, 304
1, 304
4, 304
25, 304
21, 304
22, 304
19, 304
20, 304
55, 304
24, 304
38, 304
103, 304
52, 304
13, 304
7, 304
20, 304
4, 304
17, 304
28, 304
19, 304
107, 304
4, 304
66, 304
82, 304
49, 304
40, 304
30, 304
15, 304
17, 304
21, 304
4, 304
58, 304
20, 304
2, 304
22, 304
7, 304
15, 304
61, 304
5, 304
43, 304
9, 304
16, 304
54, 304
52, 304
33, 304
9, 304
216, 304
8, 304
119, 304
8, 304
27, 304
73, 304
5, 304
58, 304
86, 304
16, 304
112, 304
46, 304
2, 304
18, 304
38, 304
4, 304
43, 304
33, 304
87, 304
55, 304
11, 304
176, 304
69, 304
77, 304
18, 304
188, 304
70, 304
3, 304
66, 304
39, 304
186, 304
213, 304
21, 304
2, 304
12, 304
16, 304
27, 304
45, 304
205, 304
48, 304
16, 304
11, 304
19, 304
21, 304
25, 304
2, 304
21, 304
1, 304
61, 304
44, 304
38, 304
83, 304
20, 304
29, 304
53, 304
48, 304
6, 304
58, 304
22, 304
48, 304
35, 304
9, 304
76, 304
66, 304
132, 304
37, 304
135, 304
170, 304
4, 304
18, 304
18, 304
57, 304
11, 304
12, 304
12, 304
56, 304
11, 304
1, 304
19, 304
20, 304
234, 304
247, 304
137, 304
138, 304
5, 304
60, 304
27, 304
86, 304
12, 304
14, 304
108, 304
48, 304
116, 304
3, 304
48, 304
62, 304
24, 304
88, 304
2, 304
241, 304
62, 304
59, 304
4, 304
46, 304
54, 304
68, 304
144, 304
182, 304
35, 304
45, 304
35, 304
16, 304
143, 304
97, 304
173, 304
35, 304
30, 304
232, 304
30, 304
8, 304
96, 304
122, 304
75, 304
35, 304
58, 304
150, 304
2, 304
122, 304
14, 304
92, 304
138, 304
38, 304
30, 304
51, 304
92, 304
127, 304
6, 304
6, 304
89, 304
12, 304
73, 304
7, 304
79, 304
108, 304
23, 304
31, 304
18, 304
32, 304
64, 304
33, 304
19, 304
25, 304
37, 304
14, 304
38, 304
25, 304
24, 304
1, 304
64, 304
23, 304
13, 304
27, 304
50, 304
36, 304
21, 304
55, 304
50, 304
7, 304
16, 304
28, 304
18, 304
60, 304
12, 304
132, 304
167, 304
84, 304
138, 304
10, 304
0, 304
7, 304
10, 304
0, 304
39, 304
161, 304
21, 304
86, 304
3, 304
3, 304
67, 304
27, 304
56, 304
47, 304
47, 304
16, 304
57, 304
9, 304
2, 304
60, 304
94, 304
20, 304
90, 304
43, 304
36, 304
34, 304
29, 304
16, 304
38, 304
47, 304
26, 304
83, 304
48, 304
10, 304
3, 304
40, 304
8, 304
25, 304
3, 304
84, 304
135, 304
2, 304
27, 304
4, 304
48, 304
55, 304
40, 304
135, 304
7, 304
109, 304
3, 304
90, 304
3, 304
65, 304
49, 304
20, 304
37, 304
17, 304
29, 304
53, 304
265, 304
187, 304
0, 304
114, 304
11, 304
37, 304
15, 304
43, 304
9, 304
38, 304
65, 304
41, 304
28, 304
18, 304
18, 304
7, 304
106, 304
95, 304
116, 304
257, 304
109, 304
11, 304
88, 304
7, 304
47, 304
10, 304
59, 304
6, 304
7, 304
1, 304
11, 304
93, 304
27, 304
24, 304
70, 304
157, 304
112, 304
1, 304
55, 304
45, 304
7, 304
1, 304
92, 304
21, 304
3, 304
3, 304
41, 304
7, 304
23, 304
20, 304
96, 304
34, 304
562, 562
14, 562
99, 562
131, 562
109, 562
67, 562
38, 562
5, 562
10, 562
31, 562
30, 562
71, 562
106, 562
31, 562
43, 562
17, 562
9, 562
18, 562
24, 562
111, 562
79, 562
16, 562
56, 562
32, 562
116, 562
37, 562
67, 562
366, 562
13, 562
45, 562
34, 562
114, 562
129, 562
114, 562
112, 562
69, 562
1, 562
11, 562
3, 562
100, 562
8, 562
19, 562
19, 562
15, 562
3, 562
0, 562
1, 562
3, 562
87, 562
46, 562
2, 562
30, 562
17, 562
65, 562
186, 562
306, 562
125, 562
21, 562
52, 562
16, 562
22, 562
33, 562
3, 562
0, 562
50, 562
62, 562
44, 562
68, 562
3, 562
2, 562
17, 562
28, 562
16, 562
19, 562
1, 562
4, 562
89, 562
2, 562
6, 562
2, 562
0, 562
7, 562
12, 562
4, 562
0, 562
31, 562
6, 562
22, 562
94, 562
10, 562
69, 562
7, 562
5, 562
3, 562
22, 562
4, 562
28, 562
25, 562
7, 562
2, 562
0, 562
1, 562
66, 562
13, 562
1, 562
0, 562
9, 562
12, 562
26, 562
14, 562
16, 562
61, 562
0, 562
3, 562
1, 562
77, 562
23, 562
8, 562
18, 562
41, 562
2, 562
2, 562
41, 562
3, 562
3, 562
33, 562
3, 562
19, 562
44, 562
9, 562
14, 562
3, 562
6, 562
1, 562
8, 562
48, 562
42, 562
22, 562
15, 562
0, 562
15, 562
1, 562
8, 562
2, 562
8, 562
28, 562
8, 562
17, 562
24, 562
13, 562
3, 562
10, 562
1, 562
3, 562
12, 562
10, 562
4, 562
4, 562
9, 562
2, 562
1, 562
22, 562
11, 562
4, 562
7, 562
16, 562
29, 562
18, 562
8, 562
27, 562
37, 562
3, 562
21, 562
17, 562
17, 562
3, 562
7, 562
14, 562
12, 562
14, 562
13, 562
5, 562
3, 562
20, 562
6, 562
20, 562
6, 562
10, 562
6, 562
15, 562
78, 562
10, 562
26, 562
39, 562
52, 562
65, 562
33, 562
12, 562
10, 562
7, 562
22, 562
17, 562
41, 562
20, 562
11, 562
9, 562
37, 562
65, 562
3, 562
8, 562
68, 562
29, 562
14, 562
102, 562
50, 562
107, 562
99, 562
3, 562
131, 562
116, 562
133, 562
37, 562
37, 562
16, 562
0, 562
17, 562
5, 562
1, 562
24, 562
32, 562
18, 562
53, 562
61, 562
54, 562
7, 562
7, 562
117, 562
56, 562
98, 562
66, 562
5, 562
30, 562
11, 562
161, 562
15, 562
34, 562
21, 562
1, 562
42, 562
72, 562
62, 562
174, 562
28, 562
93, 562
29, 562
13, 562
101, 562
18, 562
10, 562
52, 562
10, 562
88, 562
189, 562
50, 562
123, 562
76, 562
41, 562
110, 562
61, 562
2, 562
205, 562
44, 562
259, 562
168, 562
11, 562
2, 562
35, 562
52, 562
23, 562
9, 562
113, 562
95, 562
69, 562
122, 562
43, 562
54, 562
84, 562
7, 562
13, 562
107, 562
30, 562
173, 562
18, 562
63, 562
11, 562
3, 562
32, 562
112, 562
170, 562
55, 562
64, 562
7, 562
24, 562
17, 562
14, 562
33, 562
39, 562
11, 562
25, 562
6, 562
10, 562
44, 562
6, 562
24, 562
1, 562
38, 562
71, 562
36, 562
44, 562
7, 562
51, 562
2, 562
48, 562
19, 562
47, 562
4, 562
108, 562
41, 562
11, 562
49, 562
21, 562
25, 562
28, 562
30, 562
351, 562
102, 562
142, 562
54, 562
81, 562
16, 562
148, 562
219, 562
9, 562
60, 562
21, 562
36, 562
11, 562
15, 562
138, 562
12, 562
92, 562
143, 562
22, 562
101, 562
21, 562
43, 562
1, 562
11, 562
32, 562
20, 562
13, 562
7, 562
8, 562
2, 562
31, 562
37, 562
0, 562
3, 562
48, 562
4, 562
256, 562
29, 562
43, 562
15, 562
34, 562
232, 562
43, 562
19, 562
136, 562
153, 562
