#Algorithm: SARSA, Speed: 1, Boost: 4, PM: False, Env size: (20, 20), Car size: (5, 4),
#Counter: 10000000, Nsteps: 1000000, Gamma: 1, LearnRate: 0.01, Eps: 0.5, Epsdecay: 0.9
0, 0
1, 1
0, 1
0, 1
3, 3
6, 6
0, 6
0, 6
15, 15
0, 15
0, 15
0, 15
3, 15
0, 15
0, 15
7, 15
0, 15
1, 15
6, 15
0, 15
4, 15
2, 15
2, 15
5, 15
4, 15
2, 15
4, 15
1, 15
1, 15
2, 15
2, 15
4, 15
3, 15
8, 15
0, 15
12, 15
5, 15
11, 15
1, 15
4, 15
2, 15
1, 15
2, 15
4, 15
3, 15
0, 15
0, 15
4, 15
7, 15
4, 15
2, 15
3, 15
4, 15
4, 15
2, 15
15, 15
7, 15
4, 15
2, 15
3, 15
3, 15
0, 15
0, 15
0, 15
1, 15
1, 15
1, 15
7, 15
6, 15
3, 15
2, 15
6, 15
0, 15
2, 15
1, 15
7, 15
3, 15
2, 15
2, 15
2, 15
10, 15
3, 15
1, 15
4, 15
1, 15
6, 15
1, 15
7, 15
4, 15
5, 15
3, 15
1, 15
1, 15
1, 15
5, 15
0, 15
5, 15
6, 15
3, 15
2, 15
9, 15
0, 15
0, 15
10, 15
2, 15
2, 15
1, 15
10, 15
0, 15
7, 15
0, 15
1, 15
0, 15
6, 15
2, 15
8, 15
1, 15
10, 15
15, 15
9, 15
0, 15
10, 15
4, 15
1, 15
1, 15
2, 15
17, 17
3, 17
8, 17
10, 17
9, 17
13, 17
11, 17
2, 17
8, 17
2, 17
9, 17
9, 17
14, 17
0, 17
1, 17
1, 17
1, 17
2, 17
9, 17
6, 17
3, 17
17, 17
15, 17
5, 17
5, 17
3, 17
4, 17
1, 17
20, 20
3, 20
32, 32
12, 32
1, 32
3, 32
5, 32
1, 32
6, 32
0, 32
3, 32
4, 32
5, 32
0, 32
0, 32
31, 32
30, 32
1, 32
11, 32
2, 32
1, 32
10, 32
0, 32
8, 32
3, 32
7, 32
2, 32
12, 32
6, 32
2, 32
6, 32
6, 32
8, 32
4, 32
11, 32
0, 32
7, 32
3, 32
0, 32
4, 32
1, 32
11, 32
6, 32
4, 32
3, 32
0, 32
0, 32
7, 32
1, 32
3, 32
4, 32
0, 32
3, 32
13, 32
4, 32
16, 32
6, 32
4, 32
14, 32
14, 32
19, 32
3, 32
5, 32
8, 32
3, 32
0, 32
2, 32
4, 32
7, 32
6, 32
23, 32
10, 32
18, 32
5, 32
19, 32
5, 32
2, 32
7, 32
2, 32
7, 32
0, 32
0, 32
1, 32
0, 32
1, 32
5, 32
4, 32
3, 32
2, 32
2, 32
15, 32
7, 32
20, 32
1, 32
2, 32
2, 32
5, 32
3, 32
3, 32
0, 32
2, 32
1, 32
1, 32
2, 32
3, 32
0, 32
1, 32
0, 32
13, 32
10, 32
7, 32
8, 32
10, 32
5, 32
7, 32
8, 32
13, 32
3, 32
0, 32
4, 32
10, 32
43, 43
0, 43
1, 43
0, 43
2, 43
5, 43
8, 43
3, 43
4, 43
11, 43
11, 43
4, 43
2, 43
10, 43
1, 43
12, 43
1, 43
2, 43
10, 43
5, 43
9, 43
9, 43
7, 43
14, 43
2, 43
2, 43
1, 43
25, 43
15, 43
37, 43
9, 43
8, 43
3, 43
1, 43
6, 43
25, 43
2, 43
6, 43
2, 43
1, 43
4, 43
0, 43
0, 43
8, 43
5, 43
5, 43
3, 43
3, 43
14, 43
17, 43
3, 43
9, 43
15, 43
0, 43
4, 43
44, 44
8, 44
0, 44
1, 44
32, 44
19, 44
16, 44
5, 44
5, 44
4, 44
5, 44
2, 44
27, 44
9, 44
1, 44
13, 44
3, 44
17, 44
7, 44
17, 44
1, 44
10, 44
6, 44
20, 44
5, 44
5, 44
12, 44
1, 44
8, 44
27, 44
5, 44
5, 44
1, 44
7, 44
2, 44
20, 44
2, 44
12, 44
8, 44
10, 44
7, 44
12, 44
0, 44
18, 44
17, 44
3, 44
0, 44
8, 44
8, 44
2, 44
10, 44
2, 44
0, 44
19, 44
4, 44
28, 44
0, 44
2, 44
12, 44
1, 44
3, 44
0, 44
12, 44
7, 44
0, 44
4, 44
0, 44
3, 44
22, 44
3, 44
7, 44
11, 44
11, 44
1, 44
9, 44
4, 44
60, 60
0, 60
5, 60
20, 60
3, 60
20, 60
1, 60
7, 60
3, 60
45, 60
19, 60
0, 60
12, 60
3, 60
3, 60
15, 60
2, 60
36, 60
3, 60
4, 60
9, 60
15, 60
27, 60
5, 60
2, 60
1, 60
10, 60
0, 60
11, 60
14, 60
3, 60
4, 60
8, 60
7, 60
9, 60
2, 60
22, 60
24, 60
21, 60
11, 60
12, 60
37, 60
31, 60
5, 60
20, 60
6, 60
9, 60
24, 60
9, 60
61, 61
16, 61
51, 61
1, 61
5, 61
10, 61
0, 61
6, 61
12, 61
1, 61
30, 61
18, 61
28, 61
6, 61
11, 61
8, 61
14, 61
8, 61
10, 61
6, 61
4, 61
5, 61
2, 61
5, 61
10, 61
4, 61
53, 61
11, 61
20, 61
4, 61
11, 61
0, 61
7, 61
3, 61
10, 61
1, 61
12, 61
16, 61
1, 61
10, 61
3, 61
5, 61
9, 61
2, 61
29, 61
4, 61
19, 61
19, 61
3, 61
7, 61
6, 61
8, 61
3, 61
5, 61
9, 61
6, 61
7, 61
7, 61
9, 61
1, 61
12, 61
4, 61
12, 61
11, 61
10, 61
9, 61
0, 61
11, 61
1, 61
16, 61
2, 61
9, 61
6, 61
2, 61
14, 61
18, 61
6, 61
3, 61
1, 61
31, 61
13, 61
4, 61
17, 61
4, 61
27, 61
8, 61
3, 61
6, 61
18, 61
28, 61
14, 61
3, 61
19, 61
6, 61
19, 61
4, 61
1, 61
28, 61
14, 61
3, 61
11, 61
10, 61
13, 61
4, 61
1, 61
9, 61
0, 61
11, 61
7, 61
2, 61
1, 61
4, 61
3, 61
1, 61
8, 61
27, 61
7, 61
23, 61
12, 61
2, 61
22, 61
4, 61
1, 61
28, 61
17, 61
19, 61
37, 61
1, 61
4, 61
1, 61
2, 61
13, 61
1, 61
35, 61
14, 61
15, 61
16, 61
4, 61
29, 61
2, 61
4, 61
4, 61
6, 61
4, 61
6, 61
32, 61
6, 61
1, 61
6, 61
0, 61
11, 61
14, 61
5, 61
35, 61
9, 61
18, 61
3, 61
11, 61
21, 61
18, 61
11, 61
5, 61
26, 61
4, 61
9, 61
8, 61
11, 61
6, 61
24, 61
7, 61
2, 61
30, 61
15, 61
32, 61
1, 61
2, 61
3, 61
16, 61
8, 61
0, 61
48, 61
14, 61
4, 61
6, 61
10, 61
19, 61
29, 61
1, 61
2, 61
11, 61
6, 61
33, 61
12, 61
11, 61
3, 61
5, 61
12, 61
11, 61
7, 61
8, 61
9, 61
8, 61
21, 61
4, 61
27, 61
8, 61
1, 61
13, 61
8, 61
1, 61
27, 61
15, 61
10, 61
5, 61
2, 61
0, 61
5, 61
0, 61
2, 61
14, 61
1, 61
14, 61
12, 61
2, 61
7, 61
4, 61
4, 61
1, 61
12, 61
9, 61
15, 61
6, 61
5, 61
16, 61
11, 61
12, 61
2, 61
7, 61
4, 61
5, 61
28, 61
8, 61
10, 61
1, 61
1, 61
4, 61
21, 61
6, 61
0, 61
19, 61
2, 61
12, 61
6, 61
5, 61
7, 61
11, 61
12, 61
11, 61
18, 61
2, 61
13, 61
60, 61
1, 61
13, 61
5, 61
23, 61
22, 61
0, 61
2, 61
24, 61
17, 61
2, 61
38, 61
18, 61
62, 62
2, 62
5, 62
43, 62
13, 62
38, 62
18, 62
3, 62
18, 62
4, 62
11, 62
15, 62
20, 62
3, 62
32, 62
8, 62
36, 62
3, 62
21, 62
2, 62
8, 62
13, 62
4, 62
1, 62
13, 62
9, 62
69, 69
22, 69
3, 69
19, 69
20, 69
30, 69
4, 69
19, 69
2, 69
17, 69
29, 69
16, 69
12, 69
18, 69
8, 69
10, 69
2, 69
5, 69
3, 69
22, 69
21, 69
55, 69
8, 69
2, 69
21, 69
6, 69
18, 69
14, 69
18, 69
1, 69
2, 69
17, 69
9, 69
6, 69
21, 69
18, 69
15, 69
4, 69
5, 69
5, 69
56, 69
2, 69
0, 69
10, 69
19, 69
28, 69
13, 69
4, 69
5, 69
14, 69
4, 69
19, 69
4, 69
72, 72
10, 72
22, 72
10, 72
8, 72
5, 72
39, 72
9, 72
1, 72
16, 72
24, 72
2, 72
4, 72
4, 72
34, 72
56, 72
11, 72
55, 72
10, 72
10, 72
4, 72
2, 72
5, 72
7, 72
7, 72
2, 72
76, 76
49, 76
2, 76
24, 76
95, 95
15, 95
8, 95
32, 95
41, 95
11, 95
4, 95
34, 95
45, 95
7, 95
2, 95
71, 95
27, 95
18, 95
10, 95
23, 95
21, 95
14, 95
14, 95
35, 95
16, 95
16, 95
23, 95
3, 95
1, 95
10, 95
1, 95
10, 95
24, 95
99, 99
34, 99
15, 99
0, 99
17, 99
17, 99
32, 99
11, 99
4, 99
14, 99
68, 99
4, 99
26, 99
31, 99
52, 99
2, 99
11, 99
6, 99
50, 99
24, 99
27, 99
31, 99
1, 99
32, 99
0, 99
102, 102
30, 102
78, 102
3, 102
8, 102
23, 102
11, 102
53, 102
26, 102
40, 102
11, 102
27, 102
63, 102
8, 102
40, 102
8, 102
70, 102
15, 102
31, 102
64, 102
14, 102
2, 102
11, 102
10, 102
10, 102
31, 102
27, 102
17, 102
68, 102
11, 102
36, 102
33, 102
13, 102
22, 102
17, 102
7, 102
54, 102
42, 102
55, 102
42, 102
3, 102
42, 102
25, 102
24, 102
36, 102
10, 102
42, 102
11, 102
3, 102
4, 102
4, 102
9, 102
0, 102
57, 102
1, 102
9, 102
20, 102
8, 102
39, 102
4, 102
0, 102
12, 102
35, 102
0, 102
44, 102
1, 102
20, 102
22, 102
34, 102
48, 102
6, 102
5, 102
23, 102
9, 102
9, 102
6, 102
0, 102
18, 102
3, 102
6, 102
119, 119
79, 119
115, 119
1, 119
26, 119
7, 119
27, 119
3, 119
3, 119
77, 119
61, 119
13, 119
4, 119
2, 119
11, 119
35, 119
9, 119
93, 119
137, 137
5, 137
42, 137
9, 137
23, 137
2, 137
16, 137
20, 137
5, 137
0, 137
6, 137
22, 137
21, 137
29, 137
2, 137
44, 137
103, 137
40, 137
49, 137
24, 137
5, 137
27, 137
51, 137
6, 137
40, 137
36, 137
42, 137
0, 137
57, 137
8, 137
3, 137
29, 137
27, 137
28, 137
14, 137
18, 137
10, 137
47, 137
36, 137
98, 137
23, 137
13, 137
32, 137
21, 137
15, 137
95, 137
39, 137
246, 246
26, 246
27, 246
30, 246
89, 246
133, 246
55, 246
82, 246
52, 246
8, 246
140, 246
39, 246
32, 246
12, 246
53, 246
152, 246
18, 246
29, 246
15, 246
229, 246
20, 246
29, 246
14, 246
126, 246
669, 669
1, 669
80, 669
151, 669
45, 669
124, 669
438, 669
91, 669
55, 669
85, 669
207, 669
5, 669
253, 669
43, 669
318, 669
254, 669
180, 669
116, 669
819, 819
166, 819
195, 819
210, 819
445, 819
163, 819
401, 819
438, 819
31, 819
423, 819
448, 819
88, 819
387, 819
721, 819
235, 819
358, 819
226, 819
84, 819
1259, 1259
422, 1259
511, 1259
377, 1259
393, 1259
5156, 5156
3377, 5156
2572, 5156
124, 5156
31, 5156
448, 5156
191, 5156
3153, 5156
1191, 5156
208, 5156
565, 5156
447, 5156
187, 5156
948, 5156
541, 5156
339, 5156
667, 5156
1904, 5156
452, 5156
148, 5156
105, 5156
