#Algorithm: SARSA, Speed: 1, Boost: 1, PM: False, Env size: (20, 20), Car size: (5, 4),
#Counter: 100, Nsteps: 1000000, Gamma: 1, LearnRate: 0.01, Eps: 0.5, Epsdecay: 0.9
0, 0
0, 0
11, 11
1, 11
0, 11
0, 11
0, 11
1, 11
0, 11
2, 11
0, 11
0, 11
1, 11
1, 11
0, 11
2, 11
0, 11
0, 11
0, 11
1, 11
0, 11
2, 11
0, 11
1, 11
1, 11
0, 11
0, 11
0, 11
0, 11
0, 11
0, 11
0, 11
1, 11
0, 11
0, 11
2, 11
1, 11
1, 11
0, 11
0, 11
0, 11
0, 11
0, 11
0, 11
2, 11
1, 11
0, 11
0, 11
0, 11
2, 11
0, 11
6, 11
2, 11
0, 11
0, 11
1, 11
0, 11
0, 11
0, 11
3, 11
0, 11
9, 11
3, 11
1, 11
4, 11
4, 11
3, 11
8, 11
4, 11
0, 11
8, 11
1, 11
0, 11
0, 11
3, 11
4, 11
1, 11
0, 11
1, 11
1, 11
3, 11
11, 11
0, 11
9, 11
1, 11
1, 11
4, 11
0, 11
0, 11
0, 11
5, 11
7, 11
2, 11
0, 11
1, 11
5, 11
1, 11
8, 11
3, 11
15, 15
2, 15
5, 15
2, 15
0, 15
14, 15
4, 15
25, 25
15, 25
23, 25
5, 25
0, 25
6, 25
1, 25
2, 25
3, 25
5, 25
1, 25
1, 25
13, 25
0, 25
29, 29
1, 29
7, 29
21, 29
10, 29
15, 29
1, 29
10, 29
1, 29
13, 29
0, 29
0, 29
19, 29
2, 29
3, 29
5, 29
5, 29
3, 29
12, 29
5, 29
19, 29
2, 29
13, 29
0, 29
8, 29
6, 29
23, 29
12, 29
13, 29
18, 29
4, 29
13, 29
20, 29
6, 29
14, 29
0, 29
11, 29
5, 29
15, 29
7, 29
8, 29
46, 46
1, 46
5, 46
14, 46
6, 46
30, 46
13, 46
27, 46
9, 46
11, 46
2, 46
2, 46
1, 46
17, 46
9, 46
9, 46
13, 46
18, 46
8, 46
13, 46
5, 46
0, 46
2, 46
13, 46
9, 46
44, 46
4, 46
21, 46
20, 46
4, 46
4, 46
5, 46
2, 46
8, 46
6, 46
10, 46
5, 46
25, 46
1, 46
0, 46
5, 46
0, 46
7, 46
15, 46
2, 46
10, 46
12, 46
3, 46
4, 46
20, 46
20, 46
17, 46
25, 46
6, 46
8, 46
16, 46
5, 46
10, 46
8, 46
12, 46
1, 46
15, 46
4, 46
16, 46
2, 46
3, 46
37, 46
26, 46
15, 46
39, 46
1, 46
6, 46
16, 46
18, 46
36, 46
0, 46
1, 46
24, 46
3, 46
16, 46
0, 46
0, 46
18, 46
4, 46
5, 46
17, 46
3, 46
14, 46
9, 46
8, 46
38, 46
5, 46
13, 46
1, 46
8, 46
20, 46
1, 46
2, 46
9, 46
13, 46
16, 46
4, 46
20, 46
0, 46
14, 46
2, 46
2, 46
13, 46
2, 46
0, 46
8, 46
7, 46
5, 46
4, 46
0, 46
1, 46
5, 46
0, 46
5, 46
8, 46
10, 46
22, 46
4, 46
0, 46
1, 46
3, 46
20, 46
2, 46
0, 46
11, 46
18, 46
3, 46
1, 46
10, 46
0, 46
0, 46
18, 46
1, 46
0, 46
1, 46
6, 46
1, 46
9, 46
1, 46
2, 46
17, 46
15, 46
16, 46
3, 46
0, 46
0, 46
0, 46
10, 46
3, 46
23, 46
10, 46
13, 46
25, 46
6, 46
9, 46
22, 46
4, 46
0, 46
0, 46
0, 46
5, 46
0, 46
0, 46
7, 46
0, 46
12, 46
9, 46
5, 46
18, 46
0, 46
2, 46
3, 46
8, 46
0, 46
8, 46
3, 46
1, 46
0, 46
0, 46
2, 46
8, 46
18, 46
2, 46
3, 46
5, 46
0, 46
3, 46
0, 46
0, 46
2, 46
23, 46
20, 46
9, 46
12, 46
10, 46
3, 46
10, 46
6, 46
12, 46
12, 46
5, 46
13, 46
2, 46
0, 46
0, 46
2, 46
2, 46
13, 46
2, 46
0, 46
8, 46
0, 46
4, 46
4, 46
3, 46
4, 46
0, 46
7, 46
0, 46
5, 46
0, 46
5, 46
4, 46
1, 46
1, 46
4, 46
2, 46
39, 46
14, 46
1, 46
7, 46
2, 46
7, 46
3, 46
3, 46
1, 46
3, 46
3, 46
6, 46
4, 46
4, 46
3, 46
4, 46
3, 46
3, 46
8, 46
4, 46
4, 46
1, 46
3, 46
2, 46
4, 46
20, 46
2, 46
2, 46
6, 46
3, 46
3, 46
1, 46
8, 46
1, 46
17, 46
1, 46
17, 46
10, 46
7, 46
9, 46
1, 46
3, 46
1, 46
2, 46
4, 46
8, 46
7, 46
2, 46
7, 46
5, 46
2, 46
7, 46
3, 46
1, 46
2, 46
3, 46
7, 46
17, 46
2, 46
5, 46
13, 46
4, 46
3, 46
8, 46
6, 46
4, 46
5, 46
7, 46
13, 46
2, 46
9, 46
6, 46
2, 46
8, 46
7, 46
1, 46
12, 46
3, 46
4, 46
4, 46
18, 46
7, 46
7, 46
9, 46
4, 46
1, 46
2, 46
2, 46
17, 46
11, 46
8, 46
4, 46
4, 46
1, 46
15, 46
2, 46
5, 46
2, 46
2, 46
6, 46
3, 46
1, 46
6, 46
6, 46
6, 46
1, 46
9, 46
3, 46
5, 46
4, 46
4, 46
4, 46
7, 46
3, 46
4, 46
3, 46
7, 46
3, 46
6, 46
5, 46
18, 46
1, 46
1, 46
4, 46
5, 46
1, 46
3, 46
3, 46
13, 46
2, 46
7, 46
5, 46
6, 46
3, 46
12, 46
3, 46
15, 46
10, 46
1, 46
3, 46
3, 46
2, 46
31, 46
3, 46
8, 46
4, 46
10, 46
2, 46
1, 46
9, 46
11, 46
2, 46
11, 46
4, 46
6, 46
2, 46
7, 46
3, 46
3, 46
2, 46
6, 46
2, 46
5, 46
2, 46
4, 46
3, 46
4, 46
6, 46
4, 46
2, 46
3, 46
4, 46
12, 46
6, 46
5, 46
4, 46
2, 46
17, 46
3, 46
4, 46
13, 46
1, 46
10, 46
4, 46
8, 46
13, 46
5, 46
1, 46
3, 46
1, 46
2, 46
8, 46
8, 46
5, 46
2, 46
4, 46
2, 46
7, 46
1, 46
5, 46
12, 46
3, 46
9, 46
7, 46
5, 46
3, 46
3, 46
5, 46
5, 46
13, 46
5, 46
5, 46
7, 46
4, 46
8, 46
11, 46
11, 46
2, 46
4, 46
5, 46
9, 46
8, 46
4, 46
7, 46
7, 46
6, 46
6, 46
3, 46
1, 46
4, 46
2, 46
5, 46
5, 46
2, 46
6, 46
7, 46
3, 46
13, 46
13, 46
1, 46
3, 46
2, 46
3, 46
15, 46
1, 46
3, 46
6, 46
11, 46
1, 46
3, 46
2, 46
1, 46
5, 46
2, 46
3, 46
10, 46
8, 46
3, 46
6, 46
3, 46
4, 46
6, 46
6, 46
1, 46
1, 46
5, 46
13, 46
6, 46
5, 46
5, 46
18, 46
2, 46
12, 46
5, 46
2, 46
11, 46
8, 46
12, 46
2, 46
2, 46
2, 46
2, 46
2, 46
1, 46
8, 46
1, 46
9, 46
9, 46
3, 46
2, 46
4, 46
10, 46
5, 46
7, 46
5, 46
3, 46
3, 46
2, 46
5, 46
4, 46
1, 46
4, 46
4, 46
23, 46
8, 46
10, 46
21, 46
1, 46
7, 46
1, 46
4, 46
3, 46
3, 46
10, 46
5, 46
10, 46
4, 46
2, 46
3, 46
16, 46
0, 46
5, 46
9, 46
7, 46
3, 46
6, 46
8, 46
5, 46
4, 46
7, 46
0, 46
11, 46
2, 46
1, 46
4, 46
4, 46
3, 46
4, 46
5, 46
3, 46
6, 46
5, 46
2, 46
13, 46
2, 46
8, 46
6, 46
3, 46
10, 46
12, 46
3, 46
2, 46
3, 46
12, 46
6, 46
8, 46
1, 46
7, 46
4, 46
2, 46
2, 46
7, 46
2, 46
12, 46
7, 46
2, 46
3, 46
5, 46
5, 46
7, 46
1, 46
1, 46
5, 46
4, 46
4, 46
6, 46
12, 46
2, 46
5, 46
7, 46
10, 46
2, 46
1, 46
6, 46
8, 46
7, 46
7, 46
3, 46
8, 46
9, 46
4, 46
10, 46
4, 46
6, 46
1, 46
3, 46
6, 46
7, 46
4, 46
4, 46
1, 46
4, 46
8, 46
3, 46
2, 46
4, 46
5, 46
5, 46
3, 46
14, 46
14, 46
1, 46
1, 46
13, 46
1, 46
4, 46
1, 46
2, 46
7, 46
1, 46
3, 46
2, 46
1, 46
11, 46
5, 46
8, 46
6, 46
5, 46
16, 46
4, 46
9, 46
2, 46
10, 46
6, 46
10, 46
1, 46
5, 46
2, 46
3, 46
9, 46
4, 46
4, 46
1, 46
2, 46
10, 46
2, 46
2, 46
6, 46
5, 46
2, 46
9, 46
9, 46
19, 46
7, 46
3, 46
4, 46
2, 46
3, 46
4, 46
5, 46
2, 46
2, 46
2, 46
2, 46
3, 46
4, 46
13, 46
10, 46
1, 46
4, 46
5, 46
2, 46
8, 46
13, 46
4, 46
3, 46
4, 46
6, 46
5, 46
1, 46
5, 46
1, 46
7, 46
3, 46
3, 46
1, 46
9, 46
3, 46
3, 46
2, 46
3, 46
6, 46
3, 46
6, 46
4, 46
3, 46
4, 46
7, 46
8, 46
4, 46
6, 46
5, 46
2, 46
3, 46
13, 46
4, 46
12, 46
4, 46
5, 46
5, 46
5, 46
6, 46
3, 46
12, 46
4, 46
8, 46
3, 46
5, 46
3, 46
6, 46
2, 46
4, 46
4, 46
3, 46
3, 46
7, 46
4, 46
2, 46
2, 46
0, 46
0, 46
8, 46
1, 46
2, 46
7, 46
0, 46
4, 46
3, 46
8, 46
3, 46
2, 46
5, 46
2, 46
3, 46
1, 46
11, 46
9, 46
2, 46
2, 46
2, 46
7, 46
0, 46
0, 46
4, 46
0, 46
4, 46
7, 46
5, 46
0, 46
0, 46
10, 46
1, 46
0, 46
1, 46
0, 46
3, 46
3, 46
6, 46
2, 46
8, 46
7, 46
4, 46
0, 46
5, 46
4, 46
3, 46
7, 46
1, 46
6, 46
7, 46
6, 46
12, 46
3, 46
5, 46
5, 46
1, 46
0, 46
0, 46
2, 46
0, 46
1, 46
4, 46
0, 46
2, 46
3, 46
2, 46
4, 46
3, 46
5, 46
3, 46
1, 46
1, 46
3, 46
1, 46
0, 46
4, 46
3, 46
4, 46
5, 46
2, 46
5, 46
1, 46
1, 46
2, 46
0, 46
4, 46
1, 46
2, 46
1, 46
13, 46
1, 46
0, 46
0, 46
9, 46
3, 46
8, 46
8, 46
8, 46
2, 46
4, 46
8, 46
1, 46
0, 46
2, 46
0, 46
0, 46
4, 46
2, 46
3, 46
1, 46
1, 46
1, 46
5, 46
4, 46
3, 46
3, 46
6, 46
10, 46
6, 46
8, 46
2, 46
7, 46
6, 46
17, 46
5, 46
5, 46
3, 46
3, 46
1, 46
7, 46
13, 46
23, 46
11, 46
3, 46
8, 46
1, 46
2, 46
12, 46
11, 46
5, 46
2, 46
1, 46
3, 46
1, 46
2, 46
13, 46
6, 46
6, 46
8, 46
6, 46
10, 46
10, 46
3, 46
4, 46
9, 46
2, 46
9, 46
4, 46
7, 46
2, 46
3, 46
6, 46
5, 46
8, 46
2, 46
8, 46
4, 46
3, 46
3, 46
5, 46
1, 46
3, 46
1, 46
6, 46
8, 46
3, 46
6, 46
8, 46
8, 46
4, 46
1, 46
8, 46
5, 46
1, 46
6, 46
7, 46
2, 46
16, 46
9, 46
2, 46
10, 46
7, 46
7, 46
1, 46
10, 46
5, 46
6, 46
1, 46
4, 46
9, 46
3, 46
4, 46
2, 46
1, 46
1, 46
4, 46
5, 46
2, 46
5, 46
6, 46
5, 46
7, 46
12, 46
4, 46
5, 46
12, 46
2, 46
10, 46
1, 46
7, 46
4, 46
9, 46
9, 46
4, 46
2, 46
2, 46
10, 46
2, 46
6, 46
7, 46
2, 46
11, 46
3, 46
4, 46
2, 46
4, 46
8, 46
1, 46
3, 46
8, 46
9, 46
2, 46
1, 46
3, 46
4, 46
3, 46
4, 46
4, 46
1, 46
2, 46
8, 46
5, 46
6, 46
7, 46
2, 46
2, 46
8, 46
3, 46
8, 46
1, 46
2, 46
3, 46
2, 46
2, 46
8, 46
3, 46
5, 46
9, 46
1, 46
2, 46
5, 46
9, 46
3, 46
5, 46
4, 46
6, 46
4, 46
8, 46
6, 46
4, 46
15, 46
13, 46
1, 46
10, 46
1, 46
4, 46
2, 46
2, 46
4, 46
2, 46
13, 46
15, 46
2, 46
8, 46
5, 46
1, 46
1, 46
4, 46
7, 46
5, 46
7, 46
2, 46
8, 46
13, 46
6, 46
4, 46
1, 46
3, 46
6, 46
2, 46
4, 46
2, 46
6, 46
2, 46
3, 46
7, 46
5, 46
2, 46
2, 46
2, 46
16, 46
8, 46
1, 46
11, 46
12, 46
2, 46
4, 46
4, 46
3, 46
6, 46
5, 46
3, 46
1, 46
6, 46
5, 46
10, 46
5, 46
2, 46
13, 46
13, 46
2, 46
11, 46
1, 46
8, 46
5, 46
5, 46
2, 46
1, 46
3, 46
5, 46
4, 46
3, 46
8, 46
6, 46
1, 46
1, 46
3, 46
1, 46
1, 46
4, 46
2, 46
5, 46
4, 46
4, 46
6, 46
2, 46
4, 46
3, 46
3, 46
6, 46
11, 46
6, 46
6, 46
3, 46
8, 46
6, 46
4, 46
11, 46
7, 46
1, 46
2, 46
3, 46
10, 46
1, 46
5, 46
11, 46
10, 46
2, 46
3, 46
7, 46
4, 46
9, 46
4, 46
5, 46
2, 46
2, 46
1, 46
4, 46
4, 46
11, 46
14, 46
8, 46
10, 46
5, 46
7, 46
9, 46
12, 46
13, 46
1, 46
4, 46
5, 46
1, 46
5, 46
3, 46
8, 46
6, 46
6, 46
7, 46
3, 46
1, 46
1, 46
5, 46
12, 46
1, 46
1, 46
9, 46
7, 46
1, 46
4, 46
3, 46
18, 46
6, 46
4, 46
6, 46
5, 46
4, 46
6, 46
11, 46
6, 46
1, 46
1, 46
5, 46
1, 46
4, 46
3, 46
5, 46
8, 46
3, 46
2, 46
5, 46
6, 46
4, 46
10, 46
5, 46
9, 46
4, 46
3, 46
4, 46
2, 46
7, 46
10, 46
13, 46
13, 46
15, 46
3, 46
12, 46
8, 46
3, 46
4, 46
1, 46
7, 46
3, 46
9, 46
1, 46
2, 46
16, 46
8, 46
12, 46
4, 46
3, 46
1, 46
7, 46
1, 46
2, 46
8, 46
5, 46
6, 46
1, 46
11, 46
4, 46
3, 46
3, 46
1, 46
3, 46
10, 46
13, 46
6, 46
13, 46
9, 46
4, 46
3, 46
12, 46
3, 46
7, 46
5, 46
5, 46
1, 46
3, 46
4, 46
1, 46
9, 46
5, 46
11, 46
5, 46
3, 46
2, 46
4, 46
3, 46
3, 46
3, 46
1, 46
6, 46
6, 46
1, 46
2, 46
4, 46
17, 46
8, 46
1, 46
5, 46
6, 46
7, 46
14, 46
5, 46
4, 46
5, 46
1, 46
3, 46
1, 46
4, 46
11, 46
11, 46
9, 46
2, 46
6, 46
2, 46
6, 46
1, 46
5, 46
13, 46
3, 46
4, 46
2, 46
6, 46
2, 46
1, 46
9, 46
5, 46
3, 46
6, 46
1, 46
12, 46
2, 46
9, 46
4, 46
17, 46
1, 46
1, 46
4, 46
9, 46
7, 46
3, 46
9, 46
2, 46
4, 46
9, 46
2, 46
5, 46
2, 46
13, 46
6, 46
14, 46
3, 46
3, 46
3, 46
7, 46
7, 46
2, 46
11, 46
2, 46
3, 46
2, 46
4, 46
18, 46
3, 46
2, 46
4, 46
1, 46
12, 46
6, 46
5, 46
32, 46
43, 46
16, 46
38, 46
14, 46
29, 46
43, 46
17, 46
19, 46
54, 54
26, 54
46, 54
33, 54
14, 54
47, 54
16, 54
23, 54
16, 54
5, 54
6, 54
8, 54
22, 54
11, 54
26, 54
22, 54
10, 54
14, 54
28, 54
25, 54
53, 54
11, 54
11, 54
11, 54
40, 54
7, 54
24, 54
29, 54
132, 132
16, 132
13, 132
10, 132
5, 132
19, 132
24, 132
15, 132
54, 132
9, 132
19, 132
83, 132
7, 132
11, 132
61, 132
66, 132
4, 132
17, 132
11, 132
54, 132
16, 132
9, 132
32, 132
24, 132
89, 132
52, 132
5, 132
3, 132
12, 132
78, 132
16, 132
19, 132
34, 132
29, 132
19, 132
22, 132
33, 132
21, 132
19, 132
6, 132
20, 132
11, 132
59, 132
22, 132
14, 132
14, 132
39, 132
48, 132
31, 132
13, 132
45, 132
17, 132
6, 132
36, 132
18, 132
37, 132
13, 132
84, 132
16, 132
37, 132
56, 132
83, 132
13, 132
16, 132
40, 132
33, 132
5, 132
62, 132
18, 132
12, 132
22, 132
18, 132
41, 132
36, 132
44, 132
10, 132
31, 132
11, 132
8, 132
35, 132
102, 132
46, 132
5, 132
22, 132
14, 132
27, 132
53, 132
13, 132
59, 132
11, 132
13, 132
21, 132
24, 132
34, 132
57, 132
52, 132
8, 132
10, 132
21, 132
5, 132
22, 132
41, 132
15, 132
16, 132
62, 132
22, 132
22, 132
19, 132
6, 132
16, 132
43, 132
36, 132
8, 132
42, 132
20, 132
97, 132
17, 132
9, 132
14, 132
39, 132
19, 132
6, 132
13, 132
47, 132
44, 132
9, 132
27, 132
59, 132
19, 132
46, 132
40, 132
24, 132
69, 132
11, 132
6, 132
36, 132
7, 132
6, 132
11, 132
53, 132
114, 132
18, 132
6, 132
38, 132
38, 132
8, 132
41, 132
14, 132
30, 132
10, 132
6, 132
32, 132
17, 132
26, 132
70, 132
14, 132
14, 132
15, 132
45, 132
29, 132
17, 132
25, 132
35, 132
35, 132
21, 132
10, 132
26, 132
44, 132
54, 132
48, 132
6, 132
73, 132
38, 132
10, 132
6, 132
31, 132
105, 132
36, 132
34, 132
32, 132
22, 132
68, 132
22, 132
6, 132
21, 132
53, 132
14, 132
20, 132
10, 132
2, 132
72, 132
39, 132
47, 132
9, 132
8, 132
26, 132
25, 132
11, 132
9, 132
32, 132
68, 132
83, 132
24, 132
16, 132
14, 132
19, 132
23, 132
28, 132
18, 132
23, 132
17, 132
20, 132
8, 132
32, 132
10, 132
75, 132
45, 132
46, 132
10, 132
59, 132
5, 132
25, 132
2, 132
3, 132
35, 132
18, 132
17, 132
9, 132
14, 132
65, 132
10, 132
29, 132
10, 132
10, 132
4, 132
10, 132
28, 132
18, 132
4, 132
12, 132
1, 132
18, 132
12, 132
14, 132
10, 132
15, 132
11, 132
6, 132
44, 132
11, 132
7, 132
29, 132
7, 132
48, 132
11, 132
17, 132
19, 132
26, 132
14, 132
10, 132
37, 132
2, 132
32, 132
32, 132
17, 132
13, 132
13, 132
12, 132
11, 132
81, 132
32, 132
88, 132
25, 132
25, 132
16, 132
31, 132
6, 132
15, 132
11, 132
75, 132
15, 132
23, 132
18, 132
56, 132
14, 132
46, 132
13, 132
17, 132
11, 132
14, 132
31, 132
43, 132
20, 132
26, 132
5, 132
12, 132
12, 132
31, 132
19, 132
25, 132
80, 132
65, 132
57, 132
19, 132
23, 132
23, 132
81, 132
19, 132
34, 132
58, 132
9, 132
16, 132
53, 132
56, 132
56, 132
15, 132
4, 132
17, 132
90, 132
63, 132
5, 132
5, 132
28, 132
45, 132
21, 132
36, 132
4, 132
44, 132
29, 132
49, 132
32, 132
19, 132
8, 132
10, 132
59, 132
7, 132
38, 132
56, 132
19, 132
48, 132
10, 132
26, 132
21, 132
19, 132
12, 132
12, 132
41, 132
19, 132
30, 132
18, 132
7, 132
31, 132
10, 132
13, 132
7, 132
48, 132
9, 132
54, 132
19, 132
38, 132
24, 132
11, 132
31, 132
40, 132
29, 132
6, 132
44, 132
20, 132
19, 132
9, 132
17, 132
39, 132
28, 132
21, 132
18, 132
29, 132
34, 132
22, 132
2, 132
8, 132
51, 132
17, 132
134, 134
25, 134
49, 134
40, 134
43, 134
114, 134
57, 134
69, 134
25, 134
14, 134
5, 134
44, 134
74, 134
79, 134
13, 134
10, 134
4, 134
56, 134
9, 134
82, 134
34, 134
46, 134
22, 134
43, 134
10, 134
19, 134
15, 134
15, 134
97, 134
66, 134
11, 134
22, 134
95, 134
22, 134
22, 134
24, 134
129, 134
51, 134
3, 134
61, 134
38, 134
31, 134
31, 134
20, 134
16, 134
19, 134
13, 134
25, 134
31, 134
15, 134
25, 134
4, 134
37, 134
28, 134
9, 134
50, 134
24, 134
15, 134
15, 134
75, 134
16, 134
34, 134
29, 134
8, 134
18, 134
6, 134
44, 134
15, 134
14, 134
42, 134
32, 134
23, 134
15, 134
17, 134
33, 134
34, 134
19, 134
78, 134
7, 134
59, 134
111, 134
35, 134
6, 134
29, 134
13, 134
17, 134
62, 134
13, 134
9, 134
33, 134
38, 134
19, 134
33, 134
9, 134
47, 134
16, 134
33, 134
57, 134
23, 134
24, 134
31, 134
12, 134
11, 134
21, 134
8, 134
12, 134
45, 134
4, 134
8, 134
25, 134
29, 134
43, 134
17, 134
19, 134
8, 134
30, 134
9, 134
30, 134
12, 134
8, 134
72, 134
22, 134
53, 134
11, 134
12, 134
69, 134
11, 134
10, 134
73, 134
33, 134
17, 134
61, 134
7, 134
30, 134
9, 134
15, 134
23, 134
10, 134
27, 134
66, 134
14, 134
27, 134
18, 134
33, 134
19, 134
12, 134
7, 134
16, 134
67, 134
14, 134
10, 134
8, 134
8, 134
13, 134
41, 134
10, 134
64, 134
9, 134
25, 134
13, 134
80, 134
5, 134
89, 134
13, 134
7, 134
25, 134
44, 134
12, 134
17, 134
37, 134
59, 134
36, 134
5, 134
18, 134
22, 134
4, 134
13, 134
8, 134
13, 134
22, 134
44, 134
35, 134
82, 134
45, 134
12, 134
16, 134
32, 134
11, 134
13, 134
60, 134
39, 134
16, 134
9, 134
55, 134
45, 134
8, 134
32, 134
32, 134
35, 134
29, 134
4, 134
13, 134
32, 134
11, 134
21, 134
24, 134
64, 134
34, 134
65, 134
5, 134
26, 134
8, 134
11, 134
62, 134
50, 134
7, 134
29, 134
33, 134
35, 134
11, 134
69, 134
17, 134
21, 134
64, 134
6, 134
16, 134
10, 134
5, 134
82, 134
62, 134
6, 134
22, 134
6, 134
8, 134
26, 134
33, 134
48, 134
34, 134
9, 134
31, 134
16, 134
18, 134
9, 134
56, 134
12, 134
55, 134
7, 134
32, 134
56, 134
19, 134
23, 134
26, 134
12, 134
46, 134
33, 134
19, 134
14, 134
18, 134
49, 134
11, 134
53, 134
35, 134
17, 134
17, 134
55, 134
17, 134
27, 134
3, 134
7, 134
131, 134
21, 134
26, 134
61, 134
21, 134
11, 134
22, 134
6, 134
93, 134
21, 134
61, 134
29, 134
10, 134
19, 134
64, 134
23, 134
22, 134
26, 134
4, 134
8, 134
77, 134
56, 134
40, 134
60, 134
6, 134
18, 134
23, 134
118, 134
32, 134
17, 134
26, 134
14, 134
12, 134
48, 134
6, 134
7, 134
8, 134
8, 134
65, 134
20, 134
17, 134
11, 134
17, 134
14, 134
17, 134
8, 134
7, 134
13, 134
17, 134
14, 134
17, 134
46, 134
18, 134
25, 134
32, 134
30, 134
12, 134
145, 145
40, 145
29, 145
36, 145
25, 145
7, 145
111, 145
37, 145
5, 145
4, 145
15, 145
9, 145
30, 145
117, 145
44, 145
25, 145
22, 145
10, 145
26, 145
70, 145
20, 145
34, 145
68, 145
48, 145
45, 145
19, 145
3, 145
86, 145
44, 145
56, 145
70, 145
102, 145
4, 145
6, 145
14, 145
57, 145
12, 145
29, 145
12, 145
14, 145
72, 145
3, 145
18, 145
47, 145
39, 145
4, 145
88, 145
9, 145
48, 145
64, 145
7, 145
9, 145
20, 145
65, 145
37, 145
77, 145
14, 145
7, 145
31, 145
20, 145
19, 145
56, 145
7, 145
83, 145
35, 145
33, 145
27, 145
49, 145
57, 145
62, 145
66, 145
39, 145
6, 145
8, 145
46, 145
35, 145
27, 145
34, 145
8, 145
26, 145
4, 145
15, 145
6, 145
64, 145
30, 145
96, 145
13, 145
15, 145
70, 145
17, 145
31, 145
4, 145
35, 145
62, 145
73, 145
100, 145
38, 145
9, 145
46, 145
7, 145
4, 145
21, 145
39, 145
64, 145
50, 145
8, 145
22, 145
5, 145
22, 145
36, 145
59, 145
16, 145
18, 145
23, 145
9, 145
14, 145
14, 145
10, 145
10, 145
5, 145
3, 145
14, 145
29, 145
25, 145
120, 145
39, 145
49, 145
43, 145
19, 145
10, 145
26, 145
17, 145
42, 145
11, 145
22, 145
26, 145
29, 145
25, 145
35, 145
51, 145
102, 145
8, 145
21, 145
20, 145
27, 145
29, 145
4, 145
46, 145
113, 145
100, 145
15, 145
77, 145
12, 145
38, 145
54, 145
44, 145
63, 145
19, 145
27, 145
22, 145
18, 145
35, 145
62, 145
43, 145
26, 145
28, 145
61, 145
6, 145
23, 145
8, 145
57, 145
52, 145
85, 145
30, 145
11, 145
12, 145
55, 145
9, 145
22, 145
17, 145
51, 145
17, 145
28, 145
85, 145
18, 145
75, 145
37, 145
45, 145
6, 145
20, 145
14, 145
10, 145
51, 145
17, 145
17, 145
6, 145
4, 145
111, 145
110, 145
32, 145
17, 145
13, 145
3, 145
50, 145
34, 145
33, 145
6, 145
47, 145
20, 145
19, 145
61, 145
8, 145
44, 145
33, 145
9, 145
45, 145
8, 145
23, 145
5, 145
41, 145
48, 145
26, 145
17, 145
43, 145
30, 145
8, 145
20, 145
22, 145
85, 145
23, 145
7, 145
10, 145
51, 145
71, 145
17, 145
13, 145
17, 145
49, 145
4, 145
79, 145
22, 145
7, 145
9, 145
5, 145
17, 145
6, 145
57, 145
78, 145
3, 145
2, 145
34, 145
8, 145
7, 145
34, 145
57, 145
22, 145
12, 145
9, 145
25, 145
35, 145
12, 145
12, 145
103, 145
92, 145
31, 145
18, 145
57, 145
21, 145
31, 145
19, 145
6, 145
37, 145
14, 145
12, 145
7, 145
34, 145
17, 145
14, 145
9, 145
30, 145
6, 145
15, 145
19, 145
34, 145
8, 145
14, 145
52, 145
87, 145
28, 145
46, 145
39, 145
12, 145
9, 145
15, 145
12, 145
10, 145
57, 145
16, 145
24, 145
27, 145
45, 145
9, 145
9, 145
22, 145
15, 145
114, 145
31, 145
4, 145
25, 145
51, 145
39, 145
7, 145
111, 145
32, 145
73, 145
7, 145
4, 145
58, 145
51, 145
69, 145
33, 145
37, 145
34, 145
16, 145
16, 145
50, 145
37, 145
16, 145
62, 145
12, 145
12, 145
12, 145
107, 145
116, 145
4, 145
19, 145
14, 145
11, 145
10, 145
17, 145
6, 145
16, 145
61, 145
14, 145
18, 145
33, 145
53, 145
35, 145
23, 145
75, 145
36, 145
11, 145
48, 145
6, 145
50, 145
37, 145
56, 145
8, 145
22, 145
7, 145
61, 145
6, 145
13, 145
166, 166
9, 166
72, 166
51, 166
3, 166
54, 166
11, 166
41, 166
11, 166
21, 166
11, 166
8, 166
74, 166
7, 166
10, 166
20, 166
10, 166
18, 166
13, 166
98, 166
17, 166
5, 166
17, 166
78, 166
33, 166
55, 166
69, 166
49, 166
19, 166
12, 166
24, 166
118, 166
40, 166
39, 166
47, 166
18, 166
47, 166
38, 166
60, 166
3, 166
65, 166
36, 166
6, 166
20, 166
8, 166
21, 166
22, 166
13, 166
4, 166
7, 166
24, 166
57, 166
12, 166
20, 166
8, 166
4, 166
63, 166
13, 166
16, 166
25, 166
4, 166
34, 166
26, 166
23, 166
12, 166
2, 166
38, 166
24, 166
46, 166
2, 166
12, 166
10, 166
18, 166
6, 166
21, 166
45, 166
26, 166
21, 166
16, 166
27, 166
40, 166
13, 166
20, 166
16, 166
19, 166
69, 166
21, 166
27, 166
12, 166
29, 166
9, 166
26, 166
23, 166
17, 166
11, 166
13, 166
12, 166
27, 166
3, 166
6, 166
39, 166
24, 166
4, 166
44, 166
22, 166
50, 166
48, 166
14, 166
19, 166
80, 166
11, 166
40, 166
24, 166
10, 166
13, 166
7, 166
7, 166
82, 166
36, 166
23, 166
13, 166
34, 166
21, 166
47, 166
3, 166
5, 166
29, 166
28, 166
32, 166
22, 166
45, 166
14, 166
28, 166
14, 166
16, 166
13, 166
27, 166
27, 166
22, 166
36, 166
22, 166
41, 166
30, 166
21, 166
7, 166
68, 166
17, 166
19, 166
52, 166
51, 166
21, 166
72, 166
114, 166
24, 166
27, 166
33, 166
43, 166
7, 166
30, 166
43, 166
8, 166
108, 166
15, 166
16, 166
31, 166
47, 166
10, 166
17, 166
44, 166
58, 166
11, 166
29, 166
5, 166
37, 166
11, 166
14, 166
11, 166
56, 166
20, 166
16, 166
3, 166
16, 166
22, 166
31, 166
27, 166
41, 166
83, 166
10, 166
35, 166
24, 166
36, 166
4, 166
132, 166
125, 166
17, 166
22, 166
17, 166
17, 166
53, 166
27, 166
28, 166
83, 166
24, 166
12, 166
30, 166
23, 166
25, 166
3, 166
152, 166
11, 166
22, 166
14, 166
42, 166
21, 166
33, 166
12, 166
65, 166
17, 166
49, 166
12, 166
27, 166
6, 166
47, 166
15, 166
8, 166
11, 166
9, 166
55, 166
37, 166
19, 166
16, 166
14, 166
33, 166
12, 166
9, 166
7, 166
58, 166
22, 166
9, 166
94, 166
7, 166
28, 166
17, 166
19, 166
65, 166
15, 166
15, 166
5, 166
10, 166
9, 166
10, 166
3, 166
9, 166
11, 166
28, 166
7, 166
18, 166
32, 166
19, 166
18, 166
6, 166
8, 166
16, 166
14, 166
