#Algorithm: SARSA, Speed: 1, Boost: 1, PM: False, Env size: (20, 20), Car size: (5, 4),
#Counter: 10000000, Nsteps: 1000000, Gamma: 1, LearnRate: 0.01, Eps: 0.5, Epsdecay: 0.9
1, 1
2, 2
3, 3
6, 6
9, 9
0, 9
3, 9
0, 9
0, 9
4, 9
4, 9
2, 9
3, 9
6, 9
14, 14
1, 14
8, 14
1, 14
1, 14
10, 14
4, 14
0, 14
4, 14
0, 14
0, 14
6, 14
3, 14
6, 14
7, 14
0, 14
0, 14
5, 14
1, 14
13, 14
32, 32
1, 32
3, 32
0, 32
3, 32
24, 32
17, 32
7, 32
4, 32
3, 32
8, 32
6, 32
0, 32
3, 32
0, 32
2, 32
0, 32
0, 32
10, 32
3, 32
20, 32
2, 32
2, 32
7, 32
8, 32
10, 32
6, 32
0, 32
5, 32
0, 32
7, 32
10, 32
10, 32
1, 32
17, 32
20, 32
1, 32
17, 32
0, 32
0, 32
3, 32
0, 32
0, 32
1, 32
3, 32
12, 32
16, 32
12, 32
6, 32
5, 32
1, 32
10, 32
8, 32
3, 32
1, 32
8, 32
2, 32
0, 32
8, 32
20, 32
19, 32
35, 35
10, 35
6, 35
9, 35
61, 61
11, 61
15, 61
7, 61
5, 61
57, 61
10, 61
15, 61
71, 71
17, 71
17, 71
17, 71
3, 71
24, 71
34, 71
19, 71
23, 71
9, 71
8, 71
4, 71
34, 71
14, 71
30, 71
31, 71
66, 71
11, 71
10, 71
12, 71
10, 71
20, 71
6, 71
12, 71
13, 71
28, 71
23, 71
22, 71
17, 71
8, 71
31, 71
4, 71
37, 71
25, 71
29, 71
24, 71
7, 71
41, 71
11, 71
6, 71
14, 71
14, 71
6, 71
10, 71
16, 71
31, 71
14, 71
27, 71
24, 71
11, 71
23, 71
22, 71
4, 71
79, 79
24, 79
19, 79
3, 79
45, 79
14, 79
11, 79
21, 79
43, 79
15, 79
33, 79
5, 79
5, 79
8, 79
7, 79
18, 79
19, 79
11, 79
33, 79
27, 79
12, 79
26, 79
27, 79
17, 79
10, 79
26, 79
27, 79
5, 79
18, 79
28, 79
6, 79
98, 98
14, 98
30, 98
22, 98
18, 98
31, 98
27, 98
4, 98
18, 98
11, 98
25, 98
12, 98
40, 98
13, 98
3, 98
13, 98
30, 98
11, 98
27, 98
16, 98
13, 98
12, 98
23, 98
25, 98
29, 98
11, 98
6, 98
31, 98
25, 98
21, 98
46, 98
2, 98
47, 98
17, 98
30, 98
9, 98
16, 98
11, 98
53, 98
9, 98
7, 98
17, 98
10, 98
34, 98
15, 98
6, 98
8, 98
16, 98
50, 98
5, 98
20, 98
25, 98
6, 98
14, 98
25, 98
15, 98
12, 98
31, 98
10, 98
24, 98
24, 98
11, 98
12, 98
34, 98
63, 98
17, 98
16, 98
65, 98
31, 98
20, 98
3, 98
15, 98
24, 98
25, 98
24, 98
54, 98
36, 98
9, 98
4, 98
62, 98
22, 98
5, 98
26, 98
10, 98
48, 98
16, 98
15, 98
40, 98
8, 98
7, 98
11, 98
31, 98
9, 98
7, 98
36, 98
19, 98
30, 98
10, 98
18, 98
15, 98
17, 98
78, 98
16, 98
9, 98
17, 98
8, 98
12, 98
41, 98
13, 98
16, 98
19, 98
5, 98
13, 98
21, 98
14, 98
8, 98
16, 98
55, 98
11, 98
14, 98
58, 98
22, 98
1, 98
20, 98
35, 98
4, 98
21, 98
16, 98
4, 98
36, 98
27, 98
12, 98
62, 98
34, 98
82, 98
7, 98
18, 98
5, 98
19, 98
15, 98
58, 98
28, 98
52, 98
30, 98
6, 98
5, 98
34, 98
18, 98
28, 98
6, 98
34, 98
8, 98
49, 98
21, 98
16, 98
35, 98
30, 98
17, 98
44, 98
41, 98
21, 98
22, 98
17, 98
15, 98
30, 98
9, 98
22, 98
4, 98
6, 98
17, 98
8, 98
19, 98
25, 98
39, 98
17, 98
11, 98
13, 98
39, 98
33, 98
9, 98
50, 98
9, 98
37, 98
24, 98
26, 98
30, 98
23, 98
4, 98
27, 98
34, 98
6, 98
10, 98
13, 98
16, 98
39, 98
64, 98
15, 98
7, 98
5, 98
10, 98
30, 98
51, 98
14, 98
13, 98
6, 98
23, 98
8, 98
20, 98
24, 98
12, 98
6, 98
5, 98
18, 98
9, 98
50, 98
46, 98
16, 98
19, 98
59, 98
9, 98
5, 98
12, 98
18, 98
6, 98
39, 98
59, 98
19, 98
22, 98
32, 98
14, 98
33, 98
9, 98
14, 98
13, 98
9, 98
10, 98
27, 98
30, 98
40, 98
6, 98
3, 98
12, 98
89, 98
84, 98
45, 98
21, 98
11, 98
9, 98
37, 98
15, 98
22, 98
20, 98
23, 98
7, 98
34, 98
14, 98
22, 98
20, 98
27, 98
38, 98
3, 98
52, 98
20, 98
13, 98
16, 98
36, 98
68, 98
23, 98
79, 98
3, 98
16, 98
28, 98
21, 98
27, 98
9, 98
16, 98
8, 98
37, 98
50, 98
34, 98
43, 98
53, 98
54, 98
25, 98
14, 98
28, 98
6, 98
8, 98
46, 98
26, 98
18, 98
28, 98
42, 98
14, 98
21, 98
43, 98
75, 98
21, 98
115, 115
21, 115
14, 115
3, 115
20, 115
15, 115
31, 115
13, 115
41, 115
15, 115
22, 115
9, 115
92, 115
16, 115
49, 115
42, 115
16, 115
21, 115
40, 115
38, 115
6, 115
38, 115
14, 115
24, 115
17, 115
24, 115
25, 115
48, 115
4, 115
40, 115
68, 115
2, 115
17, 115
8, 115
48, 115
34, 115
7, 115
30, 115
58, 115
44, 115
3, 115
41, 115
46, 115
30, 115
44, 115
40, 115
15, 115
17, 115
7, 115
62, 115
37, 115
17, 115
18, 115
20, 115
15, 115
10, 115
14, 115
22, 115
8, 115
24, 115
15, 115
6, 115
76, 115
6, 115
42, 115
13, 115
43, 115
18, 115
49, 115
21, 115
12, 115
21, 115
35, 115
3, 115
26, 115
36, 115
61, 115
7, 115
35, 115
6, 115
33, 115
24, 115
11, 115
13, 115
19, 115
23, 115
8, 115
12, 115
19, 115
16, 115
52, 115
9, 115
19, 115
11, 115
115, 115
2, 115
1, 115
58, 115
36, 115
31, 115
47, 115
10, 115
10, 115
35, 115
7, 115
22, 115
47, 115
85, 115
32, 115
14, 115
34, 115
13, 115
28, 115
15, 115
24, 115
24, 115
4, 115
11, 115
40, 115
10, 115
42, 115
29, 115
21, 115
30, 115
27, 115
31, 115
13, 115
30, 115
5, 115
15, 115
6, 115
6, 115
10, 115
11, 115
10, 115
18, 115
20, 115
37, 115
21, 115
11, 115
73, 115
9, 115
31, 115
19, 115
21, 115
16, 115
6, 115
15, 115
20, 115
13, 115
15, 115
24, 115
20, 115
14, 115
19, 115
13, 115
17, 115
18, 115
15, 115
48, 115
6, 115
16, 115
7, 115
14, 115
10, 115
3, 115
5, 115
24, 115
11, 115
9, 115
29, 115
11, 115
23, 115
6, 115
57, 115
64, 115
36, 115
16, 115
22, 115
17, 115
11, 115
22, 115
17, 115
23, 115
18, 115
18, 115
5, 115
33, 115
10, 115
36, 115
26, 115
15, 115
8, 115
12, 115
18, 115
11, 115
52, 115
6, 115
5, 115
29, 115
24, 115
25, 115
27, 115
15, 115
13, 115
13, 115
32, 115
31, 115
16, 115
8, 115
26, 115
71, 115
4, 115
4, 115
20, 115
74, 115
42, 115
5, 115
11, 115
20, 115
35, 115
22, 115
13, 115
41, 115
35, 115
22, 115
8, 115
5, 115
17, 115
10, 115
59, 115
5, 115
16, 115
20, 115
39, 115
8, 115
10, 115
2, 115
20, 115
48, 115
46, 115
21, 115
43, 115
19, 115
12, 115
13, 115
5, 115
14, 115
69, 115
36, 115
32, 115
24, 115
16, 115
23, 115
25, 115
35, 115
25, 115
13, 115
14, 115
7, 115
2, 115
23, 115
11, 115
25, 115
15, 115
1, 115
14, 115
11, 115
23, 115
26, 115
60, 115
14, 115
27, 115
6, 115
26, 115
27, 115
21, 115
16, 115
8, 115
27, 115
36, 115
14, 115
2, 115
17, 115
61, 115
30, 115
12, 115
35, 115
12, 115
22, 115
9, 115
17, 115
3, 115
14, 115
8, 115
28, 115
21, 115
11, 115
9, 115
18, 115
13, 115
6, 115
16, 115
82, 115
16, 115
38, 115
20, 115
8, 115
8, 115
12, 115
26, 115
5, 115
12, 115
26, 115
16, 115
12, 115
97, 115
110, 115
42, 115
32, 115
10, 115
11, 115
15, 115
29, 115
8, 115
69, 115
11, 115
45, 115
10, 115
27, 115
4, 115
53, 115
6, 115
22, 115
60, 115
24, 115
19, 115
85, 115
35, 115
20, 115
5, 115
2, 115
30, 115
10, 115
10, 115
24, 115
17, 115
33, 115
21, 115
9, 115
5, 115
6, 115
34, 115
12, 115
25, 115
13, 115
22, 115
39, 115
42, 115
6, 115
23, 115
13, 115
15, 115
4, 115
6, 115
11, 115
18, 115
29, 115
14, 115
39, 115
25, 115
13, 115
9, 115
36, 115
39, 115
20, 115
14, 115
11, 115
59, 115
28, 115
45, 115
47, 115
11, 115
6, 115
16, 115
24, 115
5, 115
4, 115
20, 115
26, 115
10, 115
8, 115
5, 115
15, 115
7, 115
21, 115
44, 115
10, 115
17, 115
25, 115
12, 115
17, 115
24, 115
8, 115
62, 115
11, 115
25, 115
10, 115
7, 115
30, 115
20, 115
33, 115
57, 115
80, 115
20, 115
12, 115
5, 115
35, 115
8, 115
7, 115
37, 115
8, 115
10, 115
47, 115
20, 115
26, 115
6, 115
34, 115
11, 115
22, 115
17, 115
20, 115
12, 115
73, 115
40, 115
41, 115
8, 115
65, 115
18, 115
15, 115
5, 115
26, 115
36, 115
14, 115
25, 115
9, 115
58, 115
44, 115
15, 115
34, 115
22, 115
11, 115
28, 115
8, 115
90, 115
40, 115
19, 115
52, 115
18, 115
5, 115
22, 115
10, 115
16, 115
3, 115
36, 115
51, 115
34, 115
54, 115
20, 115
4, 115
35, 115
63, 115
49, 115
54, 115
19, 115
10, 115
28, 115
8, 115
22, 115
8, 115
32, 115
74, 115
82, 115
12, 115
5, 115
39, 115
14, 115
43, 115
8, 115
9, 115
12, 115
11, 115
9, 115
32, 115
12, 115
14, 115
11, 115
5, 115
79, 115
20, 115
8, 115
39, 115
3, 115
34, 115
29, 115
34, 115
15, 115
10, 115
18, 115
49, 115
12, 115
3, 115
27, 115
8, 115
11, 115
29, 115
34, 115
7, 115
13, 115
25, 115
19, 115
5, 115
20, 115
15, 115
7, 115
14, 115
34, 115
26, 115
30, 115
7, 115
46, 115
17, 115
13, 115
19, 115
18, 115
19, 115
11, 115
14, 115
2, 115
11, 115
16, 115
10, 115
17, 115
17, 115
52, 115
66, 115
19, 115
8, 115
5, 115
13, 115
8, 115
8, 115
23, 115
17, 115
26, 115
27, 115
34, 115
11, 115
4, 115
23, 115
22, 115
11, 115
42, 115
18, 115
11, 115
36, 115
11, 115
5, 115
12, 115
8, 115
12, 115
12, 115
10, 115
7, 115
6, 115
11, 115
30, 115
66, 115
18, 115
39, 115
15, 115
36, 115
10, 115
43, 115
12, 115
11, 115
36, 115
7, 115
11, 115
38, 115
9, 115
19, 115
14, 115
15, 115
49, 115
9, 115
13, 115
6, 115
11, 115
41, 115
14, 115
20, 115
8, 115
7, 115
13, 115
3, 115
66, 115
18, 115
8, 115
33, 115
9, 115
8, 115
18, 115
29, 115
3, 115
11, 115
13, 115
3, 115
36, 115
6, 115
4, 115
5, 115
50, 115
11, 115
58, 115
37, 115
33, 115
29, 115
33, 115
47, 115
25, 115
19, 115
38, 115
40, 115
18, 115
12, 115
17, 115
10, 115
6, 115
8, 115
19, 115
6, 115
46, 115
7, 115
48, 115
20, 115
11, 115
24, 115
31, 115
4, 115
11, 115
43, 115
20, 115
24, 115
9, 115
15, 115
21, 115
57, 115
22, 115
5, 115
10, 115
6, 115
22, 115
35, 115
3, 115
11, 115
20, 115
8, 115
17, 115
34, 115
7, 115
8, 115
6, 115
7, 115
15, 115
2, 115
4, 115
13, 115
19, 115
22, 115
27, 115
29, 115
4, 115
19, 115
22, 115
22, 115
47, 115
59, 115
24, 115
15, 115
7, 115
21, 115
11, 115
25, 115
17, 115
5, 115
26, 115
34, 115
172, 172
16, 172
17, 172
8, 172
2, 172
6, 172
26, 172
19, 172
10, 172
10, 172
15, 172
23, 172
14, 172
26, 172
13, 172
18, 172
25, 172
47, 172
32, 172
3, 172
18, 172
24, 172
19, 172
5, 172
10, 172
23, 172
33, 172
18, 172
3, 172
27, 172
20, 172
20, 172
35, 172
16, 172
6, 172
9, 172
20, 172
3, 172
16, 172
23, 172
17, 172
42, 172
6, 172
20, 172
10, 172
20, 172
20, 172
28, 172
42, 172
24, 172
27, 172
19, 172
45, 172
16, 172
10, 172
9, 172
17, 172
48, 172
18, 172
2, 172
41, 172
17, 172
35, 172
27, 172
18, 172
74, 172
21, 172
31, 172
17, 172
8, 172
18, 172
14, 172
7, 172
34, 172
4, 172
8, 172
21, 172
4, 172
5, 172
13, 172
6, 172
46, 172
17, 172
13, 172
22, 172
12, 172
39, 172
16, 172
18, 172
44, 172
9, 172
21, 172
65, 172
7, 172
6, 172
35, 172
20, 172
4, 172
14, 172
27, 172
18, 172
18, 172
9, 172
4, 172
41, 172
43, 172
8, 172
51, 172
13, 172
16, 172
26, 172
40, 172
6, 172
38, 172
11, 172
6, 172
51, 172
3, 172
28, 172
13, 172
6, 172
12, 172
19, 172
5, 172
25, 172
11, 172
48, 172
31, 172
7, 172
21, 172
15, 172
27, 172
47, 172
25, 172
22, 172
32, 172
17, 172
47, 172
30, 172
10, 172
53, 172
29, 172
52, 172
20, 172
11, 172
10, 172
6, 172
51, 172
33, 172
6, 172
15, 172
27, 172
6, 172
8, 172
17, 172
12, 172
21, 172
3, 172
18, 172
38, 172
28, 172
59, 172
9, 172
9, 172
13, 172
48, 172
27, 172
21, 172
14, 172
9, 172
21, 172
41, 172
23, 172
21, 172
29, 172
22, 172
12, 172
22, 172
8, 172
36, 172
9, 172
60, 172
17, 172
10, 172
32, 172
24, 172
10, 172
11, 172
14, 172
24, 172
20, 172
58, 172
35, 172
31, 172
29, 172
6, 172
23, 172
38, 172
32, 172
15, 172
18, 172
43, 172
23, 172
5, 172
29, 172
60, 172
8, 172
9, 172
22, 172
2, 172
29, 172
47, 172
29, 172
15, 172
6, 172
18, 172
13, 172
29, 172
13, 172
26, 172
22, 172
22, 172
77, 172
14, 172
36, 172
7, 172
32, 172
17, 172
5, 172
41, 172
30, 172
17, 172
86, 172
15, 172
12, 172
23, 172
6, 172
30, 172
11, 172
9, 172
31, 172
9, 172
6, 172
13, 172
17, 172
21, 172
3, 172
19, 172
60, 172
4, 172
47, 172
26, 172
39, 172
96, 172
23, 172
95, 172
47, 172
7, 172
6, 172
16, 172
62, 172
41, 172
33, 172
23, 172
22, 172
11, 172
7, 172
9, 172
26, 172
31, 172
36, 172
57, 172
13, 172
24, 172
28, 172
15, 172
22, 172
22, 172
30, 172
9, 172
11, 172
27, 172
7, 172
11, 172
32, 172
6, 172
41, 172
14, 172
55, 172
5, 172
17, 172
19, 172
32, 172
21, 172
39, 172
9, 172
29, 172
30, 172
21, 172
28, 172
42, 172
41, 172
10, 172
9, 172
5, 172
7, 172
12, 172
14, 172
60, 172
11, 172
24, 172
25, 172
18, 172
42, 172
19, 172
28, 172
25, 172
13, 172
27, 172
25, 172
38, 172
43, 172
32, 172
17, 172
16, 172
14, 172
5, 172
43, 172
19, 172
18, 172
9, 172
26, 172
44, 172
13, 172
14, 172
32, 172
18, 172
40, 172
11, 172
6, 172
15, 172
6, 172
17, 172
31, 172
38, 172
22, 172
13, 172
11, 172
40, 172
50, 172
25, 172
41, 172
11, 172
20, 172
14, 172
7, 172
29, 172
21, 172
8, 172
5, 172
18, 172
72, 172
21, 172
17, 172
23, 172
17, 172
13, 172
2, 172
21, 172
9, 172
11, 172
6, 172
14, 172
20, 172
30, 172
34, 172
17, 172
11, 172
2, 172
14, 172
38, 172
5, 172
17, 172
10, 172
29, 172
14, 172
10, 172
26, 172
15, 172
21, 172
22, 172
35, 172
20, 172
10, 172
25, 172
24, 172
41, 172
4, 172
58, 172
9, 172
19, 172
69, 172
9, 172
35, 172
109, 172
12, 172
25, 172
12, 172
26, 172
6, 172
23, 172
17, 172
83, 172
31, 172
13, 172
6, 172
48, 172
22, 172
3, 172
15, 172
25, 172
15, 172
16, 172
30, 172
5, 172
3, 172
33, 172
19, 172
18, 172
35, 172
11, 172
20, 172
19, 172
5, 172
12, 172
12, 172
22, 172
24, 172
8, 172
24, 172
26, 172
21, 172
4, 172
18, 172
44, 172
44, 172
20, 172
13, 172
6, 172
21, 172
49, 172
7, 172
21, 172
12, 172
33, 172
28, 172
38, 172
28, 172
15, 172
17, 172
17, 172
4, 172
8, 172
10, 172
9, 172
6, 172
30, 172
5, 172
51, 172
54, 172
27, 172
46, 172
3, 172
3, 172
18, 172
19, 172
19, 172
9, 172
25, 172
27, 172
14, 172
32, 172
18, 172
9, 172
7, 172
25, 172
13, 172
18, 172
13, 172
14, 172
36, 172
50, 172
17, 172
85, 172
40, 172
66, 172
40, 172
61, 172
12, 172
18, 172
18, 172
58, 172
13, 172
17, 172
38, 172
15, 172
12, 172
2, 172
8, 172
23, 172
23, 172
22, 172
17, 172
47, 172
43, 172
21, 172
43, 172
20, 172
8, 172
4, 172
47, 172
19, 172
75, 172
12, 172
13, 172
89, 172
17, 172
8, 172
13, 172
11, 172
28, 172
15, 172
17, 172
3, 172
15, 172
16, 172
5, 172
27, 172
40, 172
8, 172
14, 172
21, 172
12, 172
7, 172
16, 172
39, 172
15, 172
77, 172
20, 172
52, 172
20, 172
15, 172
14, 172
11, 172
27, 172
56, 172
12, 172
62, 172
10, 172
11, 172
2, 172
9, 172
22, 172
3, 172
35, 172
16, 172
12, 172
45, 172
16, 172
40, 172
36, 172
16, 172
20, 172
12, 172
27, 172
6, 172
57, 172
16, 172
18, 172
16, 172
22, 172
6, 172
65, 172
34, 172
14, 172
18, 172
40, 172
47, 172
4, 172
44, 172
27, 172
8, 172
21, 172
41, 172
47, 172
29, 172
4, 172
30, 172
15, 172
12, 172
20, 172
20, 172
17, 172
18, 172
14, 172
37, 172
7, 172
51, 172
38, 172
5, 172
6, 172
20, 172
105, 172
156, 172
11, 172
10, 172
13, 172
10, 172
9, 172
13, 172
27, 172
38, 172
49, 172
21, 172
49, 172
43, 172
40, 172
30, 172
14, 172
27, 172
9, 172
27, 172
13, 172
54, 172
9, 172
24, 172
4, 172
17, 172
12, 172
57, 172
23, 172
2, 172
34, 172
7, 172
25, 172
30, 172
15, 172
82, 172
27, 172
25, 172
26, 172
16, 172
37, 172
14, 172
22, 172
26, 172
10, 172
11, 172
51, 172
20, 172
20, 172
27, 172
89, 172
13, 172
17, 172
41, 172
26, 172
22, 172
30, 172
24, 172
23, 172
13, 172
42, 172
29, 172
34, 172
20, 172
26, 172
7, 172
5, 172
12, 172
77, 172
10, 172
36, 172
29, 172
54, 172
26, 172
68, 172
21, 172
18, 172
41, 172
11, 172
13, 172
7, 172
32, 172
19, 172
8, 172
21, 172
40, 172
6, 172
23, 172
5, 172
29, 172
5, 172
10, 172
58, 172
84, 172
26, 172
21, 172
7, 172
10, 172
34, 172
37, 172
89, 172
5, 172
32, 172
15, 172
4, 172
9, 172
22, 172
45, 172
7, 172
47, 172
15, 172
6, 172
34, 172
5, 172
19, 172
8, 172
50, 172
32, 172
43, 172
13, 172
5, 172
25, 172
9, 172
23, 172
44, 172
15, 172
7, 172
46, 172
42, 172
27, 172
35, 172
27, 172
11, 172
37, 172
29, 172
4, 172
54, 172
34, 172
14, 172
10, 172
4, 172
36, 172
16, 172
12, 172
12, 172
27, 172
35, 172
5, 172
47, 172
76, 172
75, 172
9, 172
102, 172
47, 172
33, 172
22, 172
70, 172
74, 172
5, 172
62, 172
6, 172
44, 172
16, 172
25, 172
8, 172
15, 172
25, 172
34, 172
26, 172
42, 172
7, 172
22, 172
32, 172
22, 172
94, 172
21, 172
15, 172
23, 172
24, 172
6, 172
32, 172
37, 172
11, 172
50, 172
16, 172
7, 172
25, 172
60, 172
14, 172
29, 172
13, 172
48, 172
34, 172
4, 172
19, 172
27, 172
11, 172
35, 172
6, 172
21, 172
23, 172
35, 172
8, 172
17, 172
13, 172
8, 172
45, 172
3, 172
8, 172
24, 172
42, 172
30, 172
17, 172
23, 172
36, 172
17, 172
21, 172
25, 172
8, 172
17, 172
25, 172
4, 172
34, 172
16, 172
58, 172
11, 172
22, 172
5, 172
35, 172
21, 172
4, 172
10, 172
31, 172
70, 172
29, 172
22, 172
3, 172
3, 172
7, 172
50, 172
31, 172
36, 172
29, 172
103, 172
55, 172
20, 172
8, 172
32, 172
6, 172
40, 172
19, 172
14, 172
27, 172
44, 172
7, 172
9, 172
16, 172
9, 172
30, 172
26, 172
18, 172
24, 172
36, 172
26, 172
10, 172
11, 172
7, 172
40, 172
20, 172
30, 172
28, 172
11, 172
27, 172
12, 172
8, 172
8, 172
39, 172
31, 172
39, 172
25, 172
47, 172
10, 172
12, 172
32, 172
12, 172
68, 172
14, 172
23, 172
82, 172
36, 172
3, 172
7, 172
16, 172
13, 172
9, 172
38, 172
40, 172
51, 172
43, 172
13, 172
36, 172
19, 172
23, 172
12, 172
30, 172
26, 172
17, 172
22, 172
13, 172
50, 172
30, 172
19, 172
45, 172
5, 172
8, 172
13, 172
12, 172
19, 172
26, 172
10, 172
97, 172
52, 172
19, 172
13, 172
40, 172
18, 172
17, 172
14, 172
17, 172
8, 172
47, 172
23, 172
13, 172
10, 172
23, 172
26, 172
41, 172
19, 172
20, 172
57, 172
5, 172
27, 172
27, 172
48, 172
30, 172
9, 172
6, 172
102, 172
63, 172
13, 172
