#Algorithm: SARSA, Speed: 1, Boost: 3, PM: False, Env size: (20, 20), Car size: (3, 2),
#Counter: 100, Nsteps: 1000000, Gamma: 1, LearnRate: 0.01, Eps: 0.5, Epsdecay: 0.9
2, 2
2, 2
1, 2
3, 3
9, 9
27, 27
45, 45
9, 45
39, 45
98, 98
45, 98
205, 205
23, 205
58, 205
77, 205
21, 205
99, 205
187, 205
7, 205
150, 205
17, 205
82, 205
105, 205
144, 205
86, 205
146, 205
116, 205
51, 205
207, 207
175, 207
334, 334
202, 334
208, 334
53, 334
323, 334
163, 334
166, 334
203, 334
88, 334
126, 334
156, 334
81, 334
243, 334
72, 334
333, 334
772, 772
256, 772
254, 772
118, 772
778, 778
209, 778
223, 778
510, 778
210, 778
277, 778
271, 778
710, 778
1206, 1206
325, 1206
1152, 1206
169, 1206
24, 1206
761, 1206
1221, 1221
510, 1221
101, 1221
254, 1221
1077, 1221
252, 1221
1205, 1221
1332, 1332
1246, 1332
291, 1332
308, 1332
177, 1332
1208, 1332
240, 1332
244, 1332
206, 1332
218, 1332
1407, 1407
1352, 1407
1420, 1420
1402, 1420
1407, 1420
1417, 1420
1401, 1420
1444, 1444
1441, 1444
1412, 1444
1400, 1444
1408, 1444
1414, 1444
1406, 1444
1320, 1444
1339, 1444
1440, 1444
1441, 1444
1461, 1461
1253, 1461
1231, 1461
1206, 1461
1285, 1461
1472, 1472
1430, 1472
1420, 1472
1420, 1472
1254, 1472
1424, 1472
1415, 1472
1429, 1472
1400, 1472
1406, 1472
1423, 1472
1401, 1472
1410, 1472
1396, 1472
1436, 1472
1387, 1472
1422, 1472
1308, 1472
1371, 1472
1416, 1472
1404, 1472
1443, 1472
1439, 1472
1441, 1472
1402, 1472
1408, 1472
1405, 1472
1428, 1472
1405, 1472
1421, 1472
1447, 1472
1429, 1472
1415, 1472
1402, 1472
1411, 1472
1436, 1472
1401, 1472
1421, 1472
1407, 1472
1407, 1472
1421, 1472
1400, 1472
1413, 1472
1438, 1472
1417, 1472
1426, 1472
1402, 1472
1403, 1472
1413, 1472
1408, 1472
1414, 1472
1453, 1472
1400, 1472
1401, 1472
1429, 1472
1449, 1472
1402, 1472
1413, 1472
1416, 1472
1431, 1472
1409, 1472
1404, 1472
1473, 1473
1402, 1473
1432, 1473
1410, 1473
1402, 1473
1408, 1473
1411, 1473
1401, 1473
1401, 1473
1472, 1473
1408, 1473
1412, 1473
1402, 1473
1424, 1473
1408, 1473
1410, 1473
1412, 1473
1400, 1473
1420, 1473
1433, 1473
1410, 1473
1403, 1473
1430, 1473
1446, 1473
1411, 1473
1416, 1473
