#Algorithm: SARSA, Speed: 1, Boost: 5, PM: True, Env size: (20, 20), Car size: (6, 5),
#Counter: 100, Nsteps: 10000000, Gamma: 1, LearnRate: 0.01, Eps: 0.5, Epsdecay: 0.9
1, 1
4, 4
4, 4
1, 4
0, 4
0, 4
0, 4
0, 4
3, 4
9, 9
2, 9
0, 9
0, 9
7, 9
30, 30
1, 30
13, 30
9, 30
2, 30
0, 30
7, 30
7, 30
45, 45
17, 45
0, 45
7, 45
0, 45
7, 45
13, 45
7, 45
49, 49
1, 49
4, 49
8, 49
86, 86
19, 86
4, 86
0, 86
2, 86
1, 86
2, 86
55, 86
110, 110
33, 110
3, 110
10, 110
2, 110
14, 110
0, 110
125, 125
159, 159
204, 204
125, 204
124, 204
3, 204
9, 204
9, 204
117, 204
82, 204
206, 206
206, 206
196, 206
102, 206
116, 206
207, 207
198, 207
96, 207
144, 207
8, 207
1, 207
208, 208
115, 208
40, 208
1, 208
204, 208
103, 208
145, 208
106, 208
106, 208
209, 209
111, 209
203, 209
206, 209
205, 209
208, 209
201, 209
200, 209
202, 209
203, 209
200, 209
138, 209
207, 209
39, 209
26, 209
105, 209
201, 209
162, 209
141, 209
44, 209
84, 209
200, 209
200, 209
205, 209
203, 209
200, 209
174, 209
158, 209
183, 209
6, 209
4, 209
116, 209
142, 209
19, 209
11, 209
216, 216
220, 220
205, 220
205, 220
140, 220
185, 220
203, 220
201, 220
113, 220
200, 220
200, 220
207, 220
204, 220
102, 220
101, 220
123, 220
199, 220
204, 220
16, 220
200, 220
96, 220
0, 220
115, 220
6, 220
207, 220
23, 220
178, 220
120, 220
105, 220
180, 220
202, 220
206, 220
213, 220
180, 220
101, 220
205, 220
137, 220
205, 220
200, 220
176, 220
201, 220
200, 220
202, 220
154, 220
145, 220
170, 220
201, 220
201, 220
200, 220
129, 220
204, 220
202, 220
107, 220
149, 220
180, 220
41, 220
3, 220
201, 220
18, 220
1, 220
208, 220
21, 220
124, 220
212, 220
200, 220
51, 220
194, 220
203, 220
203, 220
179, 220
201, 220
202, 220
202, 220
204, 220
146, 220
202, 220
175, 220
203, 220
51, 220
8, 220
1, 220
201, 220
201, 220
70, 220
119, 220
212, 220
200, 220
149, 220
200, 220
62, 220
123, 220
0, 220
208, 220
46, 220
36, 220
0, 220
43, 220
127, 220
141, 220
205, 220
205, 220
113, 220
1, 220
183, 220
200, 220
219, 220
201, 220
143, 220
20, 220
13, 220
200, 220
200, 220
205, 220
186, 220
126, 220
206, 220
205, 220
216, 220
201, 220
200, 220
131, 220
125, 220
193, 220
14, 220
157, 220
33, 220
7, 220
123, 220
9, 220
201, 220
204, 220
198, 220
137, 220
37, 220
125, 220
205, 220
200, 220
200, 220
163, 220
116, 220
29, 220
130, 220
69, 220
203, 220
140, 220
34, 220
200, 220
200, 220
201, 220
133, 220
202, 220
205, 220
114, 220
184, 220
207, 220
95, 220
42, 220
3, 220
65, 220
2, 220
187, 220
201, 220
172, 220
200, 220
205, 220
200, 220
132, 220
208, 220
208, 220
162, 220
200, 220
127, 220
128, 220
136, 220
164, 220
203, 220
206, 220
202, 220
113, 220
151, 220
200, 220
196, 220
159, 220
34, 220
166, 220
27, 220
204, 220
205, 220
176, 220
41, 220
205, 220
6, 220
208, 220
95, 220
1, 220
21, 220
0, 220
31, 220
10, 220
212, 220
201, 220
33, 220
72, 220
23, 220
118, 220
146, 220
187, 220
15, 220
201, 220
201, 220
200, 220
174, 220
64, 220
19, 220
7, 220
4, 220
10, 220
201, 220
95, 220
121, 220
208, 220
167, 220
204, 220
121, 220
205, 220
37, 220
207, 220
30, 220
1, 220
202, 220
95, 220
35, 220
11, 220
216, 220
200, 220
149, 220
118, 220
128, 220
200, 220
201, 220
203, 220
209, 220
132, 220
80, 220
200, 220
200, 220
204, 220
131, 220
117, 220
115, 220
205, 220
175, 220
12, 220
200, 220
204, 220
69, 220
45, 220
1, 220
147, 220
13, 220
1, 220
0, 220
21, 220
111, 220
200, 220
182, 220
200, 220
108, 220
201, 220
180, 220
168, 220
216, 220
201, 220
202, 220
201, 220
217, 220
106, 220
208, 220
55, 220
202, 220
65, 220
0, 220
133, 220
0, 220
137, 220
0, 220
58, 220
131, 220
119, 220
146, 220
204, 220
171, 220
183, 220
123, 220
105, 220
200, 220
201, 220
205, 220
204, 220
22, 220
206, 220
113, 220
155, 220
200, 220
204, 220
203, 220
200, 220
200, 220
203, 220
204, 220
158, 220
201, 220
184, 220
203, 220
110, 220
221, 221
112, 221
0, 221
31, 221
154, 221
58, 221
5, 221
11, 221
153, 221
120, 221
200, 221
200, 221
203, 221
208, 221
205, 221
112, 221
173, 221
205, 221
67, 221
202, 221
6, 221
47, 221
34, 221
122, 221
206, 221
203, 221
201, 221
200, 221
201, 221
122, 221
200, 221
200, 221
164, 221
26, 221
196, 221
192, 221
0, 221
155, 221
74, 221
154, 221
205, 221
31, 221
0, 221
22, 221
82, 221
0, 221
140, 221
209, 221
120, 221
208, 221
202, 221
154, 221
203, 221
201, 221
124, 221
152, 221
202, 221
158, 221
100, 221
106, 221
101, 221
204, 221
213, 221
201, 221
200, 221
145, 221
4, 221
173, 221
204, 221
200, 221
200, 221
#Algorithm: SARSA, Speed: 1, Boost: 5, PM: True, Env size: (20, 20), Car size: (6, 5),
#Counter: 100, Nsteps: 10000000, Gamma: 1, LearnRate: 0.01, Eps: 0.5, Epsdecay: 0.9
2, 2
1, 2
1, 2
0, 2
2, 2
2, 2
0, 2
11, 11
1, 11
1, 11
0, 11
2, 11
39, 39
2, 39
2, 39
2, 39
0, 39
5, 39
0, 39
14, 39
23, 39
2, 39
24, 39
11, 39
2, 39
63, 63
0, 63
0, 63
4, 63
1, 63
13, 63
3, 63
65, 65
3, 65
1, 65
14, 65
12, 65
6, 65
0, 65
33, 65
34, 65
7, 65
1, 65
0, 65
48, 65
25, 65
0, 65
34, 65
150, 150
3, 150
20, 150
162, 162
100, 162
200, 200
139, 200
204, 204
138, 204
157, 204
201, 204
207, 207
104, 207
127, 207
102, 207
178, 207
200, 207
200, 207
50, 207
59, 207
23, 207
9, 207
62, 207
195, 207
104, 207
205, 207
215, 215
56, 215
200, 215
200, 215
123, 215
200, 215
126, 215
93, 215
152, 215
204, 215
30, 215
200, 215
203, 215
202, 215
200, 215
154, 215
12, 215
209, 215
120, 215
156, 215
112, 215
104, 215
203, 215
214, 215
154, 215
200, 215
200, 215
201, 215
202, 215
201, 215
200, 215
61, 215
96, 215
211, 215
156, 215
1, 215
157, 215
211, 215
118, 215
68, 215
68, 215
2, 215
202, 215
202, 215
200, 215
104, 215
25, 215
200, 215
207, 215
115, 215
201, 215
162, 215
205, 215
205, 215
205, 215
204, 215
200, 215
132, 215
195, 215
123, 215
40, 215
112, 215
200, 215
203, 215
141, 215
206, 215
14, 215
4, 215
40, 215
190, 215
5, 215
185, 215
46, 215
199, 215
182, 215
100, 215
205, 215
207, 215
200, 215
200, 215
197, 215
200, 215
105, 215
113, 215
200, 215
204, 215
163, 215
206, 215
201, 215
205, 215
203, 215
200, 215
133, 215
201, 215
214, 215
50, 215
101, 215
144, 215
201, 215
12, 215
0, 215
204, 215
4, 215
125, 215
5, 215
10, 215
40, 215
106, 215
202, 215
200, 215
134, 215
188, 215
147, 215
150, 215
167, 215
152, 215
201, 215
207, 215
209, 215
211, 215
200, 215
206, 215
212, 215
206, 215
200, 215
126, 215
213, 215
117, 215
201, 215
112, 215
2, 215
208, 215
204, 215
134, 215
182, 215
198, 215
104, 215
8, 215
200, 215
20, 215
166, 215
1, 215
198, 215
1, 215
208, 215
207, 215
203, 215
187, 215
139, 215
156, 215
158, 215
186, 215
184, 215
219, 219
175, 219
201, 219
203, 219
202, 219
206, 219
201, 219
204, 219
200, 219
190, 219
211, 219
113, 219
203, 219
200, 219
104, 219
24, 219
203, 219
157, 219
71, 219
27, 219
203, 219
160, 219
150, 219
202, 219
99, 219
209, 219
39, 219
1, 219
19, 219
136, 219
1, 219
29, 219
203, 219
5, 219
201, 219
206, 219
202, 219
200, 219
203, 219
122, 219
208, 219
200, 219
200, 219
185, 219
207, 219
136, 219
152, 219
173, 219
186, 219
213, 219
168, 219
109, 219
200, 219
200, 219
207, 219
200, 219
208, 219
23, 219
204, 219
109, 219
122, 219
124, 219
204, 219
204, 219
105, 219
204, 219
32, 219
0, 219
33, 219
0, 219
48, 219
36, 219
181, 219
5, 219
15, 219
180, 219
201, 219
203, 219
11, 219
14, 219
204, 219
25, 219
207, 219
204, 219
203, 219
175, 219
201, 219
144, 219
26, 219
101, 219
187, 219
155, 219
163, 219
200, 219
95, 219
182, 219
203, 219
1, 219
11, 219
138, 219
3, 219
57, 219
200, 219
186, 219
208, 219
146, 219
227, 227
205, 227
203, 227
105, 227
104, 227
200, 227
203, 227
169, 227
187, 227
143, 227
203, 227
201, 227
202, 227
202, 227
205, 227
207, 227
42, 227
67, 227
2, 227
28, 227
114, 227
206, 227
29, 227
2, 227
53, 227
209, 227
201, 227
127, 227
189, 227
119, 227
212, 227
202, 227
201, 227
200, 227
53, 227
18, 227
185, 227
174, 227
212, 227
207, 227
201, 227
164, 227
1, 227
197, 227
201, 227
203, 227
208, 227
200, 227
201, 227
11, 227
203, 227
151, 227
0, 227
32, 227
111, 227
203, 227
212, 227
204, 227
135, 227
184, 227
28, 227
25, 227
4, 227
6, 227
0, 227
31, 227
185, 227
100, 227
200, 227
203, 227
126, 227
215, 227
189, 227
11, 227
204, 227
224, 227
202, 227
165, 227
200, 227
142, 227
201, 227
200, 227
179, 227
119, 227
117, 227
201, 227
203, 227
158, 227
205, 227
200, 227
200, 227
41, 227
4, 227
0, 227
142, 227
181, 227
106, 227
4, 227
71, 227
0, 227
41, 227
167, 227
202, 227
202, 227
207, 227
112, 227
204, 227
38, 227
206, 227
216, 227
155, 227
200, 227
203, 227
203, 227
26, 227
121, 227
116, 227
126, 227
203, 227
203, 227
203, 227
207, 227
201, 227
59, 227
18, 227
200, 227
152, 227
29, 227
6, 227
110, 227
86, 227
66, 227
5, 227
203, 227
200, 227
131, 227
137, 227
203, 227
205, 227
201, 227
161, 227
200, 227
158, 227
151, 227
131, 227
209, 227
200, 227
200, 227
205, 227
192, 227
211, 227
41, 227
206, 227
35, 227
48, 227
106, 227
201, 227
164, 227
200, 227
193, 227
166, 227
207, 227
51, 227
1, 227
42, 227
4, 227
0, 227
#Algorithm: SARSA, Speed: 1, Boost: 5, PM: True, Env size: (20, 20), Car size: (6, 5),
#Counter: 100, Nsteps: 10000000, Gamma: 1, LearnRate: 0.01, Eps: 0.5, Epsdecay: 0.9
0, 0
0, 0
0, 0
0, 0
0, 0
0, 0
2, 2
0, 2
0, 2
1, 2
0, 2
2, 2
19, 19
0, 19
6, 19
3, 19
39, 39
0, 39
6, 39
5, 39
23, 39
10, 39
3, 39
2, 39
24, 39
17, 39
14, 39
2, 39
7, 39
1, 39
1, 39
4, 39
76, 76
1, 76
1, 76
2, 76
41, 76
0, 76
5, 76
12, 76
28, 76
3, 76
9, 76
10, 76
27, 76
3, 76
4, 76
9, 76
97, 97
5, 97
10, 97
1, 97
110, 110
62, 110
104, 110
105, 110
205, 205
208, 208
103, 208
102, 208
110, 208
103, 208
206, 208
211, 211
201, 211
169, 211
119, 211
100, 211
101, 211
204, 211
210, 211
10, 211
57, 211
0, 211
7, 211
196, 211
107, 211
1, 211
0, 211
201, 211
30, 211
214, 214
201, 214
154, 214
204, 214
120, 214
102, 214
200, 214
200, 214
154, 214
148, 214
71, 214
46, 214
104, 214
203, 214
207, 214
200, 214
205, 214
15, 214
5, 214
9, 214
202, 214
137, 214
137, 214
11, 214
6, 214
202, 214
211, 214
210, 214
134, 214
200, 214
183, 214
107, 214
134, 214
13, 214
3, 214
205, 214
202, 214
189, 214
45, 214
17, 214
203, 214
204, 214
217, 217
201, 217
200, 217
206, 217
111, 217
206, 217
63, 217
1, 217
3, 217
82, 217
1, 217
205, 217
204, 217
113, 217
189, 217
109, 217
103, 217
139, 217
202, 217
40, 217
204, 217
126, 217
203, 217
200, 217
119, 217
101, 217
107, 217
144, 217
213, 217
208, 217
211, 217
191, 217
205, 217
207, 217
200, 217
201, 217
200, 217
18, 217
2, 217
9, 217
200, 217
200, 217
163, 217
160, 217
2, 217
64, 217
165, 217
4, 217
58, 217
204, 217
204, 217
201, 217
212, 217
102, 217
100, 217
121, 217
200, 217
203, 217
202, 217
200, 217
28, 217
2, 217
9, 217
200, 217
201, 217
114, 217
196, 217
215, 217
206, 217
162, 217
108, 217
92, 217
200, 217
205, 217
26, 217
29, 217
0, 217
206, 217
81, 217
209, 217
22, 217
4, 217
38, 217
203, 217
163, 217
200, 217
204, 217
204, 217
114, 217
117, 217
102, 217
201, 217
205, 217
204, 217
200, 217
150, 217
192, 217
211, 217
207, 217
30, 217
124, 217
0, 217
18, 217
10, 217
201, 217
182, 217
201, 217
201, 217
203, 217
12, 217
131, 217
5, 217
113, 217
21, 217
183, 217
204, 217
46, 217
31, 217
2, 217
209, 217
202, 217
201, 217
204, 217
11, 217
4, 217
102, 217
105, 217
212, 217
204, 217
206, 217
200, 217
178, 217
6, 217
105, 217
127, 217
211, 217
200, 217
209, 217
143, 217
201, 217
145, 217
184, 217
215, 217
204, 217
7, 217
125, 217
36, 217
1, 217
34, 217
101, 217
4, 217
15, 217
1, 217
221, 221
1, 221
146, 221
204, 221
200, 221
133, 221
204, 221
169, 221
1, 221
12, 221
202, 221
6, 221
200, 221
200, 221
141, 221
203, 221
204, 221
172, 221
203, 221
155, 221
151, 221
47, 221
4, 221
63, 221
93, 221
4, 221
168, 221
8, 221
103, 221
115, 221
203, 221
201, 221
204, 221
206, 221
200, 221
203, 221
201, 221
185, 221
204, 221
34, 221
9, 221
48, 221
151, 221
201, 221
204, 221
203, 221
202, 221
204, 221
148, 221
213, 221
181, 221
214, 221
209, 221
205, 221
140, 221
2, 221
21, 221
0, 221
65, 221
4, 221
62, 221
111, 221
201, 221
200, 221
203, 221
200, 221
200, 221
210, 221
200, 221
110, 221
100, 221
102, 221
203, 221
138, 221
119, 221
172, 221
200, 221
110, 221
18, 221
26, 221
210, 221
118, 221
208, 221
202, 221
211, 221
201, 221
110, 221
200, 221
201, 221
188, 221
179, 221
207, 221
203, 221
29, 221
4, 221
1, 221
4, 221
0, 221
2, 221
165, 221
167, 221
172, 221
124, 221
179, 221
115, 221
102, 221
202, 221
202, 221
207, 221
202, 221
206, 221
123, 221
203, 221
26, 221
103, 221
182, 221
223, 223
209, 223
200, 223
138, 223
202, 223
111, 223
6, 223
3, 223
200, 223
218, 223
124, 223
200, 223
129, 223
19, 223
1, 223
114, 223
106, 223
214, 223
201, 223
167, 223
3, 223
43, 223
192, 223
5, 223
202, 223
213, 223
10, 223
174, 223
108, 223
112, 223
200, 223
184, 223
204, 223
174, 223
207, 223
148, 223
157, 223
213, 223
221, 223
203, 223
205, 223
208, 223
53, 223
13, 223
31, 223
202, 223
72, 223
201, 223
144, 223
2, 223
16, 223
1, 223
61, 223
1, 223
164, 223
152, 223
200, 223
203, 223
200, 223
201, 223
181, 223
3, 223
39, 223
24, 223
202, 223
214, 223
121, 223
184, 223
156, 223
8, 223
45, 223
201, 223
180, 223
213, 223
95, 223
5, 223
0, 223
99, 223
1, 223
0, 223
100, 223
207, 223
142, 223
24, 223
149, 223
219, 223
133, 223
209, 223
211, 223
145, 223
35, 223
202, 223
205, 223
84, 223
204, 223
156, 223
31, 223
29, 223
154, 223
200, 223
200, 223
121, 223
2, 223
132, 223
11, 223
96, 223
111, 223
59, 223
#Algorithm: SARSA, Speed: 1, Boost: 5, PM: True, Env size: (20, 20), Car size: (6, 5),
#Counter: 100, Nsteps: 10000000, Gamma: 1, LearnRate: 0.01, Eps: 0.5, Epsdecay: 0.9
0, 0
0, 0
0, 0
0, 0
1, 1
1, 1
2, 2
7, 7
3, 7
3, 7
3, 7
0, 7
9, 9
20, 20
1, 20
0, 20
9, 20
0, 20
0, 20
2, 20
0, 20
59, 59
6, 59
0, 59
2, 59
7, 59
5, 59
3, 59
1, 59
61, 61
7, 61
4, 61
9, 61
1, 61
2, 61
1, 61
24, 61
111, 111
10, 111
3, 111
0, 111
36, 111
2, 111
10, 111
0, 111
117, 117
9, 117
137, 137
147, 147
200, 200
200, 200
100, 200
101, 200
108, 200
103, 200
202, 202
124, 202
107, 202
113, 202
118, 202
201, 202
189, 202
110, 202
119, 202
213, 213
119, 213
123, 213
100, 213
73, 213
105, 213
205, 213
206, 213
200, 213
182, 213
114, 213
1, 213
9, 213
19, 213
4, 213
1, 213
5, 213
202, 213
202, 213
200, 213
203, 213
212, 213
201, 213
159, 213
24, 213
0, 213
103, 213
203, 213
201, 213
65, 213
152, 213
63, 213
3, 213
201, 213
200, 213
132, 213
206, 213
18, 213
10, 213
3, 213
200, 213
5, 213
205, 213
66, 213
11, 213
206, 213
206, 213
171, 213
183, 213
104, 213
145, 213
206, 213
202, 213
206, 213
160, 213
200, 213
206, 213
125, 213
200, 213
136, 213
129, 213
100, 213
202, 213
201, 213
130, 213
200, 213
205, 213
111, 213
54, 213
166, 213
84, 213
0, 213
205, 213
182, 213
0, 213
0, 213
207, 213
209, 213
129, 213
203, 213
198, 213
2, 213
100, 213
215, 215
203, 215
202, 215
207, 215
200, 215
200, 215
176, 215
202, 215
111, 215
200, 215
141, 215
164, 215
1, 215
100, 215
67, 215
206, 215
203, 215
6, 215
26, 215
0, 215
185, 215
187, 215
38, 215
97, 215
4, 215
1, 215
0, 215
3, 215
204, 215
21, 215
200, 215
182, 215
202, 215
196, 215
24, 215
5, 215
202, 215
204, 215
142, 215
208, 215
200, 215
148, 215
105, 215
104, 215
201, 215
204, 215
201, 215
156, 215
8, 215
124, 215
109, 215
1, 215
5, 215
101, 215
203, 215
40, 215
33, 215
3, 215
200, 215
159, 215
190, 215
200, 215
201, 215
151, 215
208, 215
200, 215
110, 215
204, 215
200, 215
19, 215
55, 215
33, 215
108, 215
115, 215
190, 215
206, 215
203, 215
159, 215
212, 215
200, 215
197, 215
90, 215
8, 215
209, 215
150, 215
142, 215
202, 215
202, 215
40, 215
30, 215
4, 215
172, 215
31, 215
1, 215
154, 215
196, 215
200, 215
200, 215
202, 215
200, 215
162, 215
201, 215
169, 215
203, 215
2, 215
3, 215
207, 215
201, 215
200, 215
107, 215
35, 215
0, 215
1, 215
203, 215
206, 215
211, 215
200, 215
159, 215
98, 215
140, 215
139, 215
6, 215
62, 215
208, 215
202, 215
197, 215
19, 215
2, 215
93, 215
201, 215
203, 215
185, 215
204, 215
200, 215
220, 220
135, 220
100, 220
164, 220
200, 220
203, 220
202, 220
206, 220
201, 220
202, 220
15, 220
3, 220
4, 220
204, 220
200, 220
60, 220
204, 220
202, 220
213, 220
200, 220
194, 220
103, 220
126, 220
102, 220
200, 220
202, 220
96, 220
200, 220
184, 220
206, 220
32, 220
0, 220
17, 220
142, 220
45, 220
0, 220
162, 220
206, 220
65, 220
201, 220
206, 220
202, 220
186, 220
109, 220
7, 220
15, 220
200, 220
231, 231
193, 231
201, 231
207, 231
200, 231
209, 231
201, 231
228, 231
129, 231
208, 231
173, 231
176, 231
29, 231
0, 231
3, 231
14, 231
0, 231
82, 231
195, 231
2, 231
12, 231
203, 231
207, 231
200, 231
198, 231
66, 231
6, 231
89, 231
113, 231
209, 231
201, 231
203, 231
155, 231
200, 231
200, 231
200, 231
130, 231
217, 231
190, 231
47, 231
200, 231
32, 231
17, 231
3, 231
48, 231
38, 231
0, 231
18, 231
210, 231
135, 231
2, 231
211, 231
4, 231
185, 231
4, 231
40, 231
83, 231
142, 231
207, 231
201, 231
91, 231
201, 231
219, 231
111, 231
212, 231
203, 231
205, 231
128, 231
3, 231
79, 231
171, 231
200, 231
203, 231
210, 231
117, 231
181, 231
21, 231
0, 231
39, 231
6, 231
43, 231
6, 231
104, 231
106, 231
126, 231
176, 231
201, 231
201, 231
201, 231
203, 231
30, 231
207, 231
118, 231
206, 231
218, 231
200, 231
201, 231
105, 231
10, 231
2, 231
206, 231
111, 231
107, 231
0, 231
44, 231
151, 231
83, 231
201, 231
44, 231
5, 231
0, 231
10, 231
22, 231
0, 231
201, 231
46, 231
20, 231
1, 231
205, 231
201, 231
203, 231
171, 231
1, 231
129, 231
203, 231
201, 231
7, 231
202, 231
211, 231
151, 231
219, 231
223, 231
125, 231
105, 231
25, 231
57, 231
200, 231
54, 231
7, 231
5, 231
8, 231
145, 231
41, 231
35, 231
39, 231
1, 231
27, 231
1, 231
206, 231
117, 231
207, 231
201, 231
200, 231
201, 231
208, 231
126, 231
201, 231
202, 231
105, 231
200, 231
203, 231
203, 231
190, 231
190, 231
171, 231
125, 231
155, 231
200, 231
200, 231
232, 232
170, 232
201, 232
#Algorithm: SARSA, Speed: 1, Boost: 5, PM: True, Env size: (20, 20), Car size: (6, 5),
#Counter: 100, Nsteps: 10000000, Gamma: 1, LearnRate: 0.01, Eps: 0.5, Epsdecay: 0.9
0, 0
0, 0
0, 0
0, 0
1, 1
15, 15
0, 15
2, 15
0, 15
4, 15
9, 15
3, 15
32, 32
1, 32
0, 32
13, 32
20, 32
1, 32
1, 32
3, 32
24, 32
5, 32
11, 32
3, 32
25, 32
0, 32
11, 32
12, 32
12, 32
24, 32
12, 32
6, 32
30, 32
1, 32
14, 32
21, 32
122, 122
8, 122
4, 122
4, 122
4, 122
1, 122
2, 122
15, 122
109, 122
36, 122
19, 122
113, 122
4, 122
3, 122
13, 122
2, 122
205, 205
200, 205
202, 205
138, 205
127, 205
110, 205
118, 205
123, 205
112, 205
104, 205
135, 205
201, 205
200, 205
200, 205
154, 205
110, 205
9, 205
111, 205
200, 205
205, 205
200, 205
119, 205
112, 205
112, 205
105, 205
48, 205
151, 205
35, 205
105, 205
206, 206
202, 206
200, 206
200, 206
206, 206
201, 206
203, 206
28, 206
188, 206
10, 206
1, 206
188, 206
201, 206
204, 206
163, 206
108, 206
202, 206
162, 206
205, 206
203, 206
200, 206
211, 211
209, 211
9, 211
136, 211
202, 211
156, 211
188, 211
65, 211
2, 211
196, 211
167, 211
203, 211
203, 211
15, 211
3, 211
141, 211
212, 212
98, 212
202, 212
203, 212
205, 212
201, 212
198, 212
184, 212
209, 212
203, 212
210, 212
206, 212
203, 212
200, 212
201, 212
206, 212
156, 212
134, 212
34, 212
0, 212
131, 212
114, 212
18, 212
20, 212
5, 212
131, 212
0, 212
54, 212
116, 212
100, 212
189, 212
202, 212
209, 212
203, 212
142, 212
204, 212
207, 212
123, 212
107, 212
201, 212
200, 212
122, 212
202, 212
205, 212
198, 212
202, 212
201, 212
122, 212
79, 212
137, 212
143, 212
105, 212
146, 212
176, 212
57, 212
201, 212
2, 212
181, 212
4, 212
200, 212
123, 212
4, 212
207, 212
211, 212
202, 212
3, 212
206, 212
151, 212
187, 212
201, 212
205, 212
200, 212
183, 212
200, 212
207, 212
205, 212
143, 212
26, 212
102, 212
2, 212
5, 212
17, 212
155, 212
203, 212
206, 212
185, 212
133, 212
18, 212
0, 212
5, 212
203, 212
6, 212
1, 212
1, 212
1, 212
203, 212
119, 212
201, 212
205, 212
48, 212
10, 212
1, 212
206, 212
206, 212
153, 212
202, 212
202, 212
183, 212
148, 212
200, 212
203, 212
173, 212
203, 212
178, 212
201, 212
201, 212
182, 212
40, 212
118, 212
13, 212
11, 212
21, 212
140, 212
1, 212
55, 212
203, 212
152, 212
232, 232
201, 232
162, 232
200, 232
201, 232
204, 232
205, 232
203, 232
220, 232
150, 232
155, 232
155, 232
203, 232
111, 232
21, 232
158, 232
207, 232
104, 232
141, 232
205, 232
206, 232
0, 232
19, 232
14, 232
201, 232
9, 232
202, 232
174, 232
76, 232
0, 232
133, 232
33, 232
9, 232
73, 232
201, 232
212, 232
209, 232
127, 232
113, 232
200, 232
206, 232
201, 232
146, 232
202, 232
50, 232
3, 232
140, 232
151, 232
202, 232
205, 232
183, 232
202, 232
202, 232
207, 232
164, 232
208, 232
201, 232
201, 232
206, 232
178, 232
18, 232
10, 232
3, 232
161, 232
3, 232
7, 232
19, 232
0, 232
67, 232
204, 232
31, 232
202, 232
206, 232
187, 232
114, 232
203, 232
180, 232
48, 232
6, 232
177, 232
204, 232
116, 232
200, 232
207, 232
201, 232
201, 232
202, 232
201, 232
208, 232
202, 232
77, 232
136, 232
8, 232
152, 232
0, 232
19, 232
200, 232
9, 232
1, 232
3, 232
204, 232
156, 232
201, 232
203, 232
202, 232
47, 232
208, 232
110, 232
131, 232
110, 232
203, 232
184, 232
202, 232
157, 232
202, 232
202, 232
205, 232
203, 232
202, 232
128, 232
201, 232
212, 232
138, 232
32, 232
114, 232
0, 232
16, 232
69, 232
1, 232
121, 232
125, 232
137, 232
111, 232
100, 232
207, 232
201, 232
207, 232
209, 232
200, 232
107, 232
135, 232
9, 232
116, 232
201, 232
171, 232
204, 232
209, 232
206, 232
224, 232
203, 232
206, 232
205, 232
202, 232
6, 232
207, 232
201, 232
200, 232
176, 232
113, 232
103, 232
25, 232
200, 232
170, 232
12, 232
46, 232
2, 232
26, 232
87, 232
0, 232
74, 232
193, 232
196, 232
209, 232
205, 232
19, 232
202, 232
203, 232
200, 232
122, 232
153, 232
201, 232
201, 232
202, 232
212, 232
178, 232
203, 232
202, 232
208, 232
201, 232
132, 232
144, 232
98, 232
112, 232
189, 232
200, 232
15, 232
0, 232
201, 232
51, 232
16, 232
28, 232
0, 232
6, 232
205, 232
13, 232
202, 232
129, 232
70, 232
200, 232
202, 232
181, 232
166, 232
200, 232
174, 232
203, 232
204, 232
200, 232
200, 232
108, 232
80, 232
211, 232
209, 232
140, 232
34, 232
2, 232
132, 232
3, 232
1, 232
139, 232
115, 232
201, 232
76, 232
8, 232
142, 232
35, 232
0, 232
63, 232
215, 232
204, 232
205, 232
124, 232
209, 232
200, 232
202, 232
206, 232
201, 232
203, 232
23, 232
2, 232
138, 232
102, 232
110, 232
111, 232
200, 232
200, 232
