#Algorithm: SARSA, Speed: 1, Boost: 5, PM: True, Env size: (20, 20), Car size: (6, 5),
#Counter: 10000000, Nsteps: 10000000, Gamma: 1, LearnRate: 0.01, Eps: 0.5, Epsdecay: 0.9
0, 0
0, 0
0, 0
3, 3
1, 3
4, 4
4, 4
4, 4
4, 4
5, 5
40, 40
2, 40
17, 40
0, 40
0, 40
0, 40
0, 40
1, 40
55, 55
0, 55
2, 55
8, 55
5, 55
2, 55
1, 55
4, 55
115, 115
2, 115
4, 115
5, 115
1, 115
0, 115
2, 115
2, 115
107, 115
9, 115
0, 115
2, 115
131, 131
2, 131
18, 131
29, 131
19, 131
18, 131
2001, 2001
2001, 2001
2001, 2001
2001, 2001
2001, 2001
2001, 2001
2001, 2001
2001, 2001
2001, 2001
2001, 2001
2001, 2001
2001, 2001
2001, 2001
2001, 2001
2001, 2001
2001, 2001
2001, 2001
2001, 2001
2001, 2001
2001, 2001
2001, 2001
2001, 2001
2001, 2001
2001, 2001
2001, 2001
2001, 2001
2001, 2001
2001, 2001
2001, 2001
2001, 2001
2001, 2001
2001, 2001
2001, 2001
2001, 2001
2001, 2001
2001, 2001
2001, 2001
2001, 2001
2001, 2001
2001, 2001
2001, 2001
2001, 2001
2001, 2001
2001, 2001
2001, 2001
2001, 2001
2001, 2001
2001, 2001
2001, 2001
2001, 2001
2001, 2001
2001, 2001
2001, 2001
2001, 2001
2001, 2001
2001, 2001
#Algorithm: SARSA, Speed: 1, Boost: 5, PM: True, Env size: (20, 20), Car size: (6, 5),
#Counter: 10000000, Nsteps: 10000000, Gamma: 1, LearnRate: 0.01, Eps: 0.5, Epsdecay: 0.9
1, 1
0, 1
0, 1
4, 4
0, 4
1, 4
0, 4
2, 4
10, 10
2, 10
14, 14
7, 14
17, 17
1, 17
5, 17
11, 17
1, 17
6, 17
1, 17
7, 17
60, 60
4, 60
5, 60
0, 60
2, 60
0, 60
3, 60
11, 60
94, 94
3, 94
4, 94
0, 94
0, 94
0, 94
0, 94
2, 94
88, 94
7, 94
2, 94
1, 94
4, 94
4, 94
0, 94
20, 94
144, 144
18, 144
15, 144
2001, 2001
2001, 2001
2001, 2001
2001, 2001
2001, 2001
2001, 2001
2001, 2001
2001, 2001
2001, 2001
2001, 2001
2001, 2001
2001, 2001
2001, 2001
2001, 2001
2001, 2001
2001, 2001
2001, 2001
2001, 2001
2001, 2001
2001, 2001
2001, 2001
2001, 2001
2001, 2001
2001, 2001
2001, 2001
2001, 2001
2001, 2001
2001, 2001
2001, 2001
2001, 2001
2001, 2001
2001, 2001
2001, 2001
2001, 2001
2001, 2001
2001, 2001
2001, 2001
2001, 2001
2001, 2001
2001, 2001
2001, 2001
2001, 2001
2001, 2001
2001, 2001
2001, 2001
2001, 2001
2001, 2001
2001, 2001
2001, 2001
2001, 2001
2001, 2001
2001, 2001
2001, 2001
#Algorithm: SARSA, Speed: 1, Boost: 5, PM: True, Env size: (20, 20), Car size: (6, 5),
#Counter: 10000000, Nsteps: 10000000, Gamma: 1, LearnRate: 0.01, Eps: 0.5, Epsdecay: 0.9
1, 1
0, 1
0, 1
1, 1
5, 5
0, 5
0, 5
0, 5
4, 5
1, 5
6, 6
4, 6
47, 47
7, 47
0, 47
2, 47
19, 47
9, 47
0, 47
1, 47
34, 47
11, 47
0, 47
1, 47
4, 47
15, 47
3, 47
17, 47
77, 77
3, 77
6, 77
19, 77
4, 77
50, 77
19, 77
24, 77
17, 77
19, 77
49, 77
0, 77
157, 157
2, 157
5, 157
2, 157
10, 157
91, 157
2001, 2001
2001, 2001
2001, 2001
2001, 2001
2001, 2001
2001, 2001
2001, 2001
2001, 2001
2001, 2001
2001, 2001
2001, 2001
2001, 2001
2001, 2001
2001, 2001
2001, 2001
2001, 2001
2001, 2001
2001, 2001
2001, 2001
2001, 2001
2001, 2001
2001, 2001
2001, 2001
2001, 2001
2001, 2001
2001, 2001
2001, 2001
2001, 2001
2001, 2001
2001, 2001
2001, 2001
2001, 2001
2001, 2001
2001, 2001
2001, 2001
2001, 2001
2001, 2001
2001, 2001
2001, 2001
2001, 2001
2001, 2001
2001, 2001
2001, 2001
2001, 2001
2001, 2001
2001, 2001
2001, 2001
2001, 2001
2001, 2001
2001, 2001
2001, 2001
2001, 2001
2001, 2001
2001, 2001
#Algorithm: SARSA, Speed: 1, Boost: 5, PM: True, Env size: (20, 20), Car size: (6, 5),
#Counter: 10000000, Nsteps: 10000000, Gamma: 1, LearnRate: 0.01, Eps: 0.5, Epsdecay: 0.9
3, 3
4, 4
1, 4
2, 4
1, 4
0, 4
1, 4
0, 4
0, 4
6, 6
1, 6
0, 6
11, 11
0, 11
21, 21
2, 21
13, 21
1, 21
2, 21
0, 21
1, 21
16, 21
42, 42
5, 42
0, 42
1, 42
5, 42
3, 42
8, 42
3, 42
20, 42
37, 42
4, 42
47, 47
7, 47
1, 47
2, 47
19, 47
29, 47
6, 47
1, 47
36, 47
56, 56
14, 56
3, 56
5, 56
8, 56
23, 56
16, 56
183, 183
123, 183
41, 183
2001, 2001
2001, 2001
2001, 2001
2001, 2001
2001, 2001
2001, 2001
2001, 2001
2001, 2001
2001, 2001
2001, 2001
2001, 2001
2001, 2001
2001, 2001
2001, 2001
2001, 2001
2001, 2001
2001, 2001
2001, 2001
2001, 2001
2001, 2001
2001, 2001
2001, 2001
2001, 2001
2001, 2001
2001, 2001
2001, 2001
2001, 2001
2001, 2001
2001, 2001
2001, 2001
2001, 2001
2001, 2001
2001, 2001
2001, 2001
2001, 2001
2001, 2001
2001, 2001
2001, 2001
2001, 2001
2001, 2001
2001, 2001
2001, 2001
2001, 2001
2001, 2001
2001, 2001
2001, 2001
2001, 2001
2001, 2001
#Algorithm: SARSA, Speed: 1, Boost: 5, PM: True, Env size: (20, 20), Car size: (6, 5),
#Counter: 10000000, Nsteps: 10000000, Gamma: 1, LearnRate: 0.01, Eps: 0.5, Epsdecay: 0.9
0, 0
0, 0
0, 0
2, 2
0, 2
2, 2
4, 4
3, 4
2, 4
6, 6
8, 8
20, 20
3, 20
1, 20
0, 20
2, 20
2, 20
0, 20
55, 55
1, 55
0, 55
1, 55
4, 55
0, 55
3, 55
26, 55
35, 55
1, 55
35, 55
24, 55
15, 55
5, 55
10, 55
4, 55
12, 55
0, 55
3, 55
1, 55
91, 91
6, 91
6, 91
13, 91
10, 91
30, 91
0, 91
0, 91
99, 99
89, 99
16, 99
1, 99
12, 99
5, 99
0, 99
67, 99
2001, 2001
2001, 2001
2001, 2001
2001, 2001
2001, 2001
2001, 2001
2001, 2001
2001, 2001
2001, 2001
2001, 2001
2001, 2001
2001, 2001
2001, 2001
2001, 2001
2001, 2001
2001, 2001
2001, 2001
2001, 2001
2001, 2001
2001, 2001
2001, 2001
2001, 2001
2001, 2001
2001, 2001
2001, 2001
2001, 2001
2001, 2001
2001, 2001
2001, 2001
2001, 2001
2001, 2001
2001, 2001
2001, 2001
2001, 2001
2001, 2001
2001, 2001
2001, 2001
2001, 2001
2001, 2001
2001, 2001
2001, 2001
2001, 2001
2001, 2001
2001, 2001
2001, 2001
2001, 2001
