#Algorithm: SARSA, Speed: 1, Boost: 1, PM: True, Env size: (20, 20), Car size: (5, 4),
#Counter: 100, Nsteps: 10000000, Gamma: 1, LearnRate: 0.01, Eps: 0.5, Epsdecay: 0.9
3, 3
10, 10
0, 10
1, 10
2, 10
0, 10
2, 10
3, 10
0, 10
1, 10
2, 10
2, 10
0, 10
1, 10
1, 10
3, 10
0, 10
2, 10
0, 10
3, 10
0, 10
4, 10
2, 10
0, 10
0, 10
0, 10
4, 10
3, 10
4, 10
5, 10
3, 10
0, 10
0, 10
4, 10
7, 10
1, 10
3, 10
1, 10
1, 10
5, 10
2, 10
0, 10
1, 10
5, 10
1, 10
0, 10
5, 10
2, 10
2, 10
0, 10
0, 10
4, 10
0, 10
9, 10
2, 10
0, 10
2, 10
8, 10
5, 10
0, 10
0, 10
1, 10
2, 10
9, 10
7, 10
4, 10
14, 14
5, 14
0, 14
3, 14
11, 14
4, 14
15, 15
5, 15
6, 15
2, 15
41, 41
10, 41
6, 41
6, 41
10, 41
0, 41
3, 41
14, 41
13, 41
11, 41
1, 41
10, 41
0, 41
13, 41
7, 41
4, 41
4, 41
3, 41
5, 41
2, 41
2, 41
2, 41
6, 41
39, 41
3, 41
37, 41
7, 41
6, 41
6, 41
4, 41
12, 41
1, 41
1, 41
1, 41
1, 41
4, 41
3, 41
1, 41
9, 41
4, 41
2, 41
0, 41
8, 41
7, 41
5, 41
1, 41
105, 105
17, 105
2, 105
13, 105
2, 105
44, 105
10, 105
6, 105
1, 105
4, 105
1, 105
25, 105
0, 105
22, 105
2, 105
0, 105
18, 105
49, 105
103, 105
15, 105
1, 105
4, 105
3, 105
16, 105
28, 105
46, 105
108, 108
0, 108
20, 108
1, 108
55, 108
83, 108
119, 119
26, 119
11, 119
108, 119
13, 119
14, 119
1, 119
12, 119
22, 119
9, 119
2, 119
20, 119
10, 119
9, 119
3, 119
6, 119
326, 326
305, 326
304, 326
310, 326
307, 326
309, 326
317, 326
302, 326
320, 326
336, 336
336, 336
303, 336
311, 336
300, 336
306, 336
301, 336
302, 336
302, 336
308, 336
309, 336
335, 336
317, 336
307, 336
309, 336
333, 336
307, 336
303, 336
303, 336
303, 336
327, 336
317, 336
300, 336
322, 336
305, 336
317, 336
366, 366
319, 366
300, 366
310, 366
315, 366
304, 366
310, 366
305, 366
336, 366
354, 366
303, 366
320, 366
305, 366
306, 366
312, 366
320, 366
313, 366
306, 366
307, 366
309, 366
365, 366
302, 366
307, 366
303, 366
301, 366
312, 366
393, 393
307, 393
304, 393
326, 393
321, 393
361, 393
307, 393
301, 393
311, 393
301, 393
319, 393
305, 393
310, 393
312, 393
319, 393
309, 393
302, 393
306, 393
360, 393
304, 393
300, 393
300, 393
328, 393
304, 393
303, 393
313, 393
302, 393
306, 393
316, 393
323, 393
308, 393
325, 393
303, 393
354, 393
306, 393
313, 393
302, 393
310, 393
306, 393
352, 393
338, 393
354, 393
308, 393
300, 393
319, 393
348, 393
306, 393
317, 393
343, 393
316, 393
318, 393
319, 393
311, 393
324, 393
325, 393
301, 393
306, 393
407, 407
336, 407
319, 407
303, 407
326, 407
320, 407
310, 407
308, 407
308, 407
303, 407
325, 407
303, 407
311, 407
316, 407
300, 407
309, 407
302, 407
303, 407
323, 407
317, 407
327, 407
301, 407
354, 407
318, 407
317, 407
301, 407
303, 407
308, 407
307, 407
302, 407
302, 407
322, 407
325, 407
322, 407
306, 407
314, 407
313, 407
323, 407
301, 407
301, 407
300, 407
303, 407
302, 407
309, 407
303, 407
308, 407
332, 407
309, 407
349, 407
300, 407
306, 407
350, 407
332, 407
313, 407
338, 407
389, 407
300, 407
302, 407
317, 407
317, 407
353, 407
306, 407
301, 407
302, 407
302, 407
302, 407
303, 407
314, 407
300, 407
327, 407
301, 407
311, 407
305, 407
300, 407
327, 407
304, 407
300, 407
326, 407
303, 407
303, 407
363, 407
319, 407
303, 407
318, 407
303, 407
316, 407
331, 407
311, 407
312, 407
366, 407
307, 407
307, 407
305, 407
304, 407
317, 407
326, 407
318, 407
312, 407
300, 407
309, 407
303, 407
308, 407
322, 407
365, 407
300, 407
301, 407
308, 407
308, 407
321, 407
332, 407
333, 407
310, 407
345, 407
368, 407
309, 407
318, 407
302, 407
304, 407
318, 407
313, 407
302, 407
325, 407
309, 407
307, 407
314, 407
305, 407
320, 407
317, 407
344, 407
301, 407
300, 407
309, 407
329, 407
312, 407
324, 407
323, 407
318, 407
304, 407
307, 407
321, 407
302, 407
354, 407
333, 407
300, 407
308, 407
328, 407
311, 407
310, 407
313, 407
309, 407
301, 407
301, 407
357, 407
310, 407
355, 407
320, 407
303, 407
304, 407
316, 407
303, 407
301, 407
300, 407
304, 407
301, 407
314, 407
311, 407
327, 407
304, 407
327, 407
322, 407
327, 407
315, 407
309, 407
301, 407
311, 407
303, 407
303, 407
319, 407
313, 407
343, 407
303, 407
313, 407
309, 407
317, 407
300, 407
302, 407
306, 407
302, 407
342, 407
309, 407
310, 407
309, 407
313, 407
302, 407
302, 407
322, 407
378, 407
313, 407
313, 407
304, 407
303, 407
322, 407
300, 407
313, 407
339, 407
309, 407
312, 407
303, 407
300, 407
305, 407
301, 407
320, 407
322, 407
346, 407
302, 407
309, 407
300, 407
313, 407
319, 407
302, 407
300, 407
301, 407
308, 407
321, 407
304, 407
324, 407
300, 407
305, 407
383, 407
326, 407
319, 407
330, 407
301, 407
317, 407
302, 407
305, 407
305, 407
304, 407
300, 407
303, 407
302, 407
324, 407
320, 407
305, 407
331, 407
301, 407
334, 407
312, 407
303, 407
326, 407
357, 407
303, 407
312, 407
346, 407
371, 407
315, 407
309, 407
318, 407
343, 407
313, 407
308, 407
309, 407
303, 407
307, 407
347, 407
304, 407
303, 407
300, 407
305, 407
301, 407
324, 407
317, 407
323, 407
305, 407
307, 407
300, 407
324, 407
320, 407
348, 407
325, 407
320, 407
308, 407
345, 407
303, 407
301, 407
315, 407
310, 407
318, 407
309, 407
306, 407
320, 407
328, 407
311, 407
325, 407
305, 407
317, 407
303, 407
302, 407
301, 407
350, 407
316, 407
300, 407
329, 407
309, 407
329, 407
310, 407
303, 407
354, 407
321, 407
330, 407
310, 407
316, 407
306, 407
325, 407
314, 407
303, 407
316, 407
301, 407
308, 407
313, 407
302, 407
308, 407
314, 407
326, 407
316, 407
307, 407
332, 407
314, 407
301, 407
311, 407
305, 407
305, 407
305, 407
324, 407
308, 407
304, 407
315, 407
304, 407
335, 407
308, 407
342, 407
300, 407
301, 407
301, 407
300, 407
368, 407
324, 407
360, 407
300, 407
300, 407
315, 407
344, 407
321, 407
406, 407
304, 407
303, 407
312, 407
321, 407
310, 407
327, 407
302, 407
330, 407
300, 407
304, 407
307, 407
306, 407
328, 407
304, 407
311, 407
310, 407
300, 407
307, 407
300, 407
330, 407
304, 407
308, 407
307, 407
329, 407
319, 407
324, 407
303, 407
310, 407
320, 407
304, 407
316, 407
308, 407
305, 407
311, 407
304, 407
310, 407
305, 407
300, 407
395, 407
346, 407
340, 407
316, 407
315, 407
337, 407
344, 407
309, 407
336, 407
332, 407
305, 407
303, 407
300, 407
319, 407
310, 407
318, 407
334, 407
334, 407
400, 407
303, 407
336, 407
309, 407
319, 407
315, 407
301, 407
310, 407
359, 407
314, 407
307, 407
308, 407
330, 407
323, 407
302, 407
317, 407
310, 407
302, 407
305, 407
310, 407
302, 407
317, 407
341, 407
331, 407
318, 407
302, 407
304, 407
319, 407
311, 407
310, 407
325, 407
300, 407
301, 407
308, 407
314, 407
336, 407
336, 407
301, 407
300, 407
311, 407
302, 407
357, 407
334, 407
319, 407
308, 407
313, 407
337, 407
301, 407
301, 407
301, 407
361, 407
336, 407
306, 407
309, 407
335, 407
318, 407
322, 407
304, 407
306, 407
309, 407
323, 407
323, 407
304, 407
306, 407
307, 407
362, 407
310, 407
302, 407
310, 407
301, 407
314, 407
306, 407
351, 407
349, 407
320, 407
303, 407
332, 407
323, 407
321, 407
317, 407
397, 407
322, 407
323, 407
327, 407
335, 407
310, 407
322, 407
315, 407
403, 407
320, 407
305, 407
324, 407
305, 407
305, 407
323, 407
309, 407
352, 407
308, 407
315, 407
312, 407
304, 407
303, 407
309, 407
344, 407
373, 407
302, 407
309, 407
333, 407
305, 407
336, 407
303, 407
303, 407
354, 407
337, 407
311, 407
308, 407
309, 407
300, 407
342, 407
317, 407
300, 407
303, 407
309, 407
310, 407
307, 407
308, 407
309, 407
312, 407
343, 407
303, 407
323, 407
303, 407
303, 407
305, 407
301, 407
338, 407
398, 407
324, 407
302, 407
307, 407
303, 407
328, 407
425, 425
301, 425
355, 425
313, 425
303, 425
319, 425
363, 425
332, 425
313, 425
373, 425
307, 425
315, 425
308, 425
309, 425
320, 425
301, 425
324, 425
313, 425
308, 425
310, 425
310, 425
317, 425
312, 425
346, 425
341, 425
303, 425
313, 425
361, 425
311, 425
304, 425
301, 425
325, 425
313, 425
313, 425
325, 425
300, 425
385, 425
314, 425
304, 425
302, 425
300, 425
308, 425
322, 425
316, 425
322, 425
316, 425
322, 425
301, 425
304, 425
332, 425
320, 425
304, 425
322, 425
308, 425
350, 425
382, 425
307, 425
309, 425
302, 425
304, 425
333, 425
336, 425
304, 425
310, 425
342, 425
338, 425
305, 425
333, 425
301, 425
304, 425
311, 425
309, 425
300, 425
312, 425
302, 425
301, 425
324, 425
301, 425
313, 425
310, 425
304, 425
304, 425
315, 425
328, 425
303, 425
328, 425
326, 425
303, 425
322, 425
314, 425
300, 425
310, 425
301, 425
308, 425
308, 425
305, 425
302, 425
300, 425
311, 425
318, 425
302, 425
300, 425
303, 425
341, 425
305, 425
309, 425
304, 425
306, 425
344, 425
302, 425
349, 425
300, 425
325, 425
309, 425
312, 425
305, 425
341, 425
307, 425
307, 425
326, 425
306, 425
316, 425
300, 425
331, 425
336, 425
326, 425
302, 425
323, 425
333, 425
318, 425
310, 425
308, 425
306, 425
331, 425
302, 425
317, 425
312, 425
310, 425
330, 425
322, 425
319, 425
308, 425
335, 425
309, 425
305, 425
304, 425
300, 425
302, 425
306, 425
311, 425
332, 425
320, 425
307, 425
300, 425
315, 425
366, 425
346, 425
307, 425
303, 425
313, 425
#Algorithm: SARSA, Speed: 1, Boost: 1, PM: True, Env size: (20, 20), Car size: (5, 4),
#Counter: 100, Nsteps: 10000000, Gamma: 1, LearnRate: 0.01, Eps: 0.5, Epsdecay: 0.9
0, 0
0, 0
0, 0
3, 3
5, 5
0, 5
4, 5
3, 5
1, 5
0, 5
0, 5
4, 5
1, 5
0, 5
2, 5
2, 5
4, 5
0, 5
1, 5
1, 5
2, 5
0, 5
1, 5
0, 5
0, 5
3, 5
0, 5
3, 5
1, 5
1, 5
0, 5
0, 5
17, 17
6, 17
2, 17
7, 17
0, 17
2, 17
5, 17
1, 17
0, 17
10, 17
3, 17
9, 17
2, 17
1, 17
3, 17
1, 17
4, 17
0, 17
3, 17
3, 17
1, 17
1, 17
3, 17
1, 17
2, 17
0, 17
5, 17
0, 17
1, 17
0, 17
1, 17
7, 17
1, 17
2, 17
3, 17
1, 17
11, 17
11, 17
7, 17
20, 20
3, 20
2, 20
3, 20
1, 20
0, 20
2, 20
3, 20
1, 20
2, 20
13, 20
2, 20
0, 20
11, 20
4, 20
2, 20
5, 20
0, 20
2, 20
0, 20
0, 20
1, 20
1, 20
9, 20
4, 20
1, 20
3, 20
26, 26
0, 26
5, 26
5, 26
2, 26
1, 26
1, 26
1, 26
3, 26
3, 26
3, 26
1, 26
5, 26
0, 26
1, 26
1, 26
3, 26
3, 26
0, 26
1, 26
2, 26
5, 26
1, 26
4, 26
0, 26
0, 26
0, 26
0, 26
6, 26
0, 26
2, 26
2, 26
2, 26
0, 26
7, 26
0, 26
2, 26
2, 26
10, 26
1, 26
4, 26
1, 26
0, 26
11, 26
1, 26
4, 26
3, 26
17, 26
78, 78
4, 78
1, 78
5, 78
2, 78
7, 78
13, 78
8, 78
92, 92
57, 92
104, 104
1, 104
3, 104
0, 104
0, 104
13, 104
0, 104
8, 104
9, 104
0, 104
25, 104
6, 104
24, 104
3, 104
5, 104
8, 104
5, 104
210, 210
316, 316
309, 316
314, 316
302, 316
348, 348
317, 348
327, 348
317, 348
300, 348
300, 348
302, 348
309, 348
317, 348
300, 348
363, 363
305, 363
308, 363
317, 363
314, 363
311, 363
331, 363
319, 363
308, 363
306, 363
305, 363
308, 363
318, 363
313, 363
318, 363
302, 363
311, 363
301, 363
306, 363
303, 363
347, 363
334, 363
316, 363
320, 363
312, 363
332, 363
307, 363
301, 363
302, 363
309, 363
336, 363
366, 366
331, 366
301, 366
303, 366
328, 366
338, 366
304, 366
300, 366
302, 366
301, 366
304, 366
313, 366
316, 366
303, 366
307, 366
307, 366
303, 366
304, 366
301, 366
323, 366
305, 366
325, 366
316, 366
302, 366
307, 366
306, 366
329, 366
306, 366
302, 366
300, 366
312, 366
309, 366
339, 366
313, 366
303, 366
300, 366
303, 366
327, 366
308, 366
337, 366
301, 366
310, 366
373, 373
317, 373
301, 373
300, 373
311, 373
395, 395
326, 395
308, 395
302, 395
301, 395
304, 395
309, 395
314, 395
310, 395
306, 395
309, 395
301, 395
304, 395
317, 395
311, 395
305, 395
318, 395
317, 395
303, 395
322, 395
300, 395
388, 395
344, 395
304, 395
347, 395
307, 395
341, 395
305, 395
345, 395
305, 395
308, 395
318, 395
303, 395
306, 395
300, 395
320, 395
320, 395
304, 395
304, 395
313, 395
341, 395
303, 395
333, 395
303, 395
306, 395
309, 395
303, 395
315, 395
306, 395
304, 395
300, 395
305, 395
351, 395
301, 395
310, 395
304, 395
301, 395
310, 395
306, 395
306, 395
340, 395
305, 395
307, 395
334, 395
309, 395
321, 395
327, 395
324, 395
303, 395
304, 395
322, 395
327, 395
326, 395
315, 395
300, 395
307, 395
327, 395
304, 395
309, 395
303, 395
300, 395
303, 395
354, 395
351, 395
304, 395
311, 395
312, 395
305, 395
307, 395
320, 395
313, 395
317, 395
305, 395
318, 395
306, 395
327, 395
302, 395
301, 395
303, 395
300, 395
384, 395
304, 395
322, 395
317, 395
303, 395
316, 395
337, 395
308, 395
364, 395
300, 395
331, 395
321, 395
304, 395
303, 395
301, 395
303, 395
301, 395
306, 395
321, 395
301, 395
305, 395
323, 395
324, 395
303, 395
313, 395
309, 395
300, 395
317, 395
310, 395
345, 395
302, 395
310, 395
315, 395
319, 395
306, 395
303, 395
301, 395
309, 395
311, 395
308, 395
334, 395
356, 395
332, 395
302, 395
303, 395
302, 395
303, 395
306, 395
303, 395
310, 395
313, 395
303, 395
300, 395
314, 395
321, 395
307, 395
305, 395
327, 395
368, 395
303, 395
307, 395
339, 395
331, 395
323, 395
315, 395
308, 395
349, 395
324, 395
303, 395
307, 395
317, 395
351, 395
346, 395
310, 395
361, 395
303, 395
374, 395
300, 395
321, 395
309, 395
312, 395
327, 395
300, 395
300, 395
329, 395
357, 395
300, 395
315, 395
309, 395
302, 395
307, 395
304, 395
302, 395
310, 395
305, 395
323, 395
318, 395
310, 395
310, 395
314, 395
315, 395
347, 395
307, 395
317, 395
306, 395
306, 395
357, 395
333, 395
345, 395
300, 395
322, 395
324, 395
342, 395
310, 395
308, 395
301, 395
324, 395
300, 395
328, 395
307, 395
302, 395
301, 395
350, 395
304, 395
305, 395
320, 395
309, 395
317, 395
344, 395
342, 395
302, 395
311, 395
303, 395
301, 395
345, 395
321, 395
302, 395
300, 395
300, 395
303, 395
300, 395
314, 395
302, 395
300, 395
322, 395
301, 395
300, 395
303, 395
363, 395
348, 395
308, 395
303, 395
305, 395
306, 395
302, 395
330, 395
305, 395
352, 395
307, 395
343, 395
327, 395
312, 395
312, 395
324, 395
330, 395
311, 395
314, 395
365, 395
321, 395
324, 395
323, 395
311, 395
320, 395
315, 395
312, 395
312, 395
308, 395
305, 395
303, 395
312, 395
305, 395
304, 395
321, 395
315, 395
337, 395
312, 395
303, 395
311, 395
301, 395
344, 395
329, 395
311, 395
301, 395
301, 395
318, 395
315, 395
353, 395
310, 395
303, 395
330, 395
338, 395
310, 395
309, 395
332, 395
306, 395
303, 395
304, 395
308, 395
305, 395
301, 395
312, 395
303, 395
336, 395
319, 395
323, 395
302, 395
305, 395
301, 395
300, 395
300, 395
364, 395
304, 395
306, 395
313, 395
316, 395
314, 395
322, 395
300, 395
336, 395
309, 395
300, 395
312, 395
325, 395
321, 395
306, 395
300, 395
325, 395
311, 395
302, 395
311, 395
306, 395
305, 395
302, 395
317, 395
305, 395
318, 395
304, 395
322, 395
302, 395
304, 395
310, 395
307, 395
307, 395
321, 395
331, 395
319, 395
317, 395
353, 395
307, 395
316, 395
311, 395
304, 395
318, 395
326, 395
320, 395
318, 395
372, 395
309, 395
320, 395
322, 395
318, 395
311, 395
309, 395
302, 395
302, 395
303, 395
302, 395
352, 395
309, 395
304, 395
303, 395
322, 395
329, 395
311, 395
314, 395
318, 395
319, 395
312, 395
300, 395
303, 395
300, 395
305, 395
312, 395
341, 395
309, 395
323, 395
321, 395
360, 395
323, 395
316, 395
353, 395
318, 395
320, 395
346, 395
301, 395
301, 395
344, 395
306, 395
310, 395
301, 395
313, 395
316, 395
318, 395
311, 395
321, 395
300, 395
300, 395
311, 395
305, 395
336, 395
310, 395
311, 395
322, 395
343, 395
333, 395
328, 395
412, 412
305, 412
302, 412
315, 412
351, 412
384, 412
303, 412
301, 412
302, 412
325, 412
329, 412
316, 412
306, 412
306, 412
352, 412
300, 412
323, 412
355, 412
329, 412
318, 412
316, 412
355, 412
309, 412
322, 412
304, 412
333, 412
303, 412
367, 412
304, 412
332, 412
322, 412
301, 412
302, 412
338, 412
302, 412
308, 412
313, 412
301, 412
303, 412
313, 412
306, 412
311, 412
316, 412
320, 412
301, 412
313, 412
306, 412
307, 412
302, 412
338, 412
312, 412
352, 412
329, 412
337, 412
308, 412
309, 412
326, 412
331, 412
363, 412
301, 412
313, 412
340, 412
304, 412
307, 412
327, 412
303, 412
307, 412
302, 412
320, 412
318, 412
342, 412
321, 412
320, 412
348, 412
300, 412
366, 412
311, 412
307, 412
333, 412
315, 412
328, 412
317, 412
311, 412
304, 412
312, 412
312, 412
337, 412
308, 412
326, 412
313, 412
328, 412
328, 412
307, 412
302, 412
343, 412
308, 412
307, 412
303, 412
313, 412
307, 412
331, 412
312, 412
306, 412
305, 412
304, 412
306, 412
310, 412
339, 412
317, 412
300, 412
329, 412
315, 412
327, 412
322, 412
300, 412
301, 412
303, 412
301, 412
414, 414
315, 414
302, 414
339, 414
330, 414
304, 414
311, 414
330, 414
324, 414
310, 414
304, 414
300, 414
307, 414
351, 414
322, 414
329, 414
302, 414
319, 414
310, 414
339, 414
328, 414
304, 414
344, 414
354, 414
304, 414
375, 414
316, 414
320, 414
312, 414
314, 414
306, 414
382, 414
317, 414
320, 414
300, 414
309, 414
329, 414
308, 414
328, 414
323, 414
303, 414
320, 414
377, 414
304, 414
312, 414
312, 414
300, 414
343, 414
312, 414
313, 414
336, 414
326, 414
331, 414
340, 414
305, 414
301, 414
320, 414
323, 414
306, 414
319, 414
313, 414
367, 414
331, 414
371, 414
320, 414
321, 414
314, 414
326, 414
317, 414
338, 414
300, 414
302, 414
345, 414
332, 414
319, 414
326, 414
330, 414
304, 414
366, 414
120, 414
107, 414
117, 414
100, 414
102, 414
100, 414
120, 414
120, 414
112, 414
102, 414
116, 414
104, 414
103, 414
126, 414
120, 414
121, 414
112, 414
102, 414
114, 414
126, 414
104, 414
111, 414
106, 414
112, 414
104, 414
105, 414
106, 414
107, 414
105, 414
120, 414
107, 414
105, 414
149, 414
108, 414
114, 414
113, 414
102, 414
103, 414
112, 414
100, 414
101, 414
110, 414
103, 414
108, 414
101, 414
102, 414
100, 414
113, 414
108, 414
102, 414
119, 414
109, 414
101, 414
104, 414
100, 414
104, 414
107, 414
104, 414
102, 414
108, 414
120, 414
101, 414
113, 414
105, 414
117, 414
101, 414
113, 414
105, 414
124, 414
102, 414
100, 414
105, 414
103, 414
115, 414
106, 414
108, 414
110, 414
102, 414
101, 414
113, 414
101, 414
144, 414
101, 414
107, 414
102, 414
103, 414
114, 414
101, 414
109, 414
100, 414
105, 414
102, 414
116, 414
100, 414
109, 414
128, 414
100, 414
122, 414
101, 414
112, 414
108, 414
107, 414
105, 414
101, 414
103, 414
108, 414
101, 414
109, 414
104, 414
100, 414
105, 414
#Algorithm: SARSA, Speed: 1, Boost: 1, PM: True, Env size: (20, 20), Car size: (5, 4),
#Counter: 100, Nsteps: 10000000, Gamma: 1, LearnRate: 0.01, Eps: 0.5, Epsdecay: 0.9
1, 1
3, 3
0, 3
1, 3
0, 3
1, 3
1, 3
0, 3
2, 3
2, 3
4, 4
3, 4
6, 6
1, 6
0, 6
7, 7
3, 7
2, 7
1, 7
0, 7
1, 7
2, 7
2, 7
12, 12
2, 12
2, 12
2, 12
1, 12
1, 12
9, 12
3, 12
4, 12
2, 12
1, 12
2, 12
3, 12
0, 12
7, 12
2, 12
18, 18
10, 18
1, 18
3, 18
0, 18
0, 18
2, 18
0, 18
9, 18
2, 18
1, 18
8, 18
2, 18
1, 18
0, 18
1, 18
13, 18
0, 18
14, 18
12, 18
10, 18
13, 18
20, 20
15, 20
2, 20
9, 20
0, 20
2, 20
0, 20
1, 20
2, 20
14, 20
16, 20
73, 73
7, 73
1, 73
22, 73
1, 73
29, 73
38, 73
4, 73
43, 73
1, 73
0, 73
6, 73
2, 73
16, 73
3, 73
13, 73
4, 73
0, 73
10, 73
24, 73
12, 73
10, 73
17, 73
11, 73
7, 73
0, 73
0, 73
6, 73
11, 73
6, 73
0, 73
3, 73
9, 73
0, 73
0, 73
2, 73
2, 73
2, 73
7, 73
5, 73
5, 73
0, 73
9, 73
2, 73
1, 73
0, 73
1, 73
8, 73
10, 73
0, 73
11, 73
28, 73
112, 112
122, 122
4, 122
1, 122
2, 122
0, 122
11, 122
58, 122
100, 122
101, 122
4, 122
6, 122
8, 122
5, 122
0, 122
43, 122
42, 122
118, 122
18, 122
5, 122
36, 122
4, 122
0, 122
8, 122
16, 122
1, 122
2, 122
8, 122
16, 122
1, 122
2, 122
9, 122
18, 122
1, 122
2, 122
2, 122
7, 122
13, 122
2, 122
1, 122
0, 122
11, 122
0, 122
4, 122
4, 122
7, 122
3, 122
23, 122
7, 122
4, 122
21, 122
103, 122
4, 122
0, 122
12, 122
3, 122
17, 122
2, 122
100, 122
104, 122
128, 128
100, 128
101, 128
100, 128
100, 128
100, 128
102, 128
111, 128
118, 128
108, 128
116, 128
102, 128
100, 128
101, 128
101, 128
124, 128
103, 128
110, 128
105, 128
104, 128
108, 128
105, 128
104, 128
100, 128
109, 128
104, 128
154, 154
101, 154
105, 154
105, 154
103, 154
102, 154
108, 154
110, 154
102, 154
100, 154
100, 154
107, 154
119, 154
108, 154
100, 154
105, 154
109, 154
111, 154
129, 154
110, 154
114, 154
100, 154
112, 154
103, 154
120, 154
105, 154
108, 154
101, 154
122, 154
102, 154
110, 154
100, 154
109, 154
104, 154
121, 154
109, 154
106, 154
110, 154
101, 154
106, 154
136, 154
123, 154
105, 154
100, 154
123, 154
106, 154
119, 154
107, 154
112, 154
103, 154
103, 154
126, 154
100, 154
101, 154
108, 154
123, 154
108, 154
104, 154
100, 154
124, 154
108, 154
102, 154
105, 154
100, 154
103, 154
114, 154
109, 154
100, 154
101, 154
103, 154
101, 154
101, 154
100, 154
105, 154
104, 154
109, 154
109, 154
100, 154
121, 154
102, 154
103, 154
101, 154
100, 154
101, 154
106, 154
102, 154
102, 154
108, 154
117, 154
124, 154
122, 154
105, 154
102, 154
101, 154
112, 154
105, 154
104, 154
100, 154
112, 154
101, 154
124, 154
113, 154
103, 154
102, 154
114, 154
105, 154
101, 154
103, 154
101, 154
110, 154
100, 154
101, 154
101, 154
103, 154
104, 154
106, 154
113, 154
103, 154
101, 154
105, 154
104, 154
104, 154
111, 154
103, 154
121, 154
102, 154
154, 154
109, 154
102, 154
108, 154
105, 154
120, 154
103, 154
101, 154
103, 154
100, 154
135, 154
108, 154
111, 154
103, 154
122, 154
101, 154
133, 154
148, 154
104, 154
106, 154
100, 154
111, 154
104, 154
101, 154
100, 154
117, 154
113, 154
109, 154
101, 154
111, 154
103, 154
100, 154
137, 154
113, 154
140, 154
114, 154
106, 154
119, 154
110, 154
110, 154
110, 154
101, 154
149, 154
103, 154
100, 154
175, 175
107, 175
101, 175
103, 175
100, 175
105, 175
104, 175
135, 175
107, 175
106, 175
106, 175
103, 175
106, 175
106, 175
103, 175
117, 175
105, 175
100, 175
102, 175
130, 175
112, 175
147, 175
108, 175
129, 175
122, 175
109, 175
103, 175
139, 175
102, 175
107, 175
102, 175
105, 175
101, 175
101, 175
103, 175
105, 175
111, 175
115, 175
100, 175
102, 175
102, 175
131, 175
124, 175
107, 175
124, 175
102, 175
100, 175
101, 175
109, 175
106, 175
104, 175
105, 175
108, 175
100, 175
102, 175
114, 175
122, 175
104, 175
106, 175
106, 175
108, 175
116, 175
110, 175
110, 175
101, 175
103, 175
100, 175
103, 175
101, 175
102, 175
106, 175
112, 175
105, 175
110, 175
109, 175
105, 175
101, 175
101, 175
102, 175
107, 175
137, 175
129, 175
102, 175
110, 175
100, 175
105, 175
101, 175
115, 175
105, 175
109, 175
101, 175
133, 175
116, 175
104, 175
128, 175
100, 175
102, 175
103, 175
107, 175
106, 175
101, 175
121, 175
109, 175
106, 175
101, 175
103, 175
102, 175
109, 175
101, 175
105, 175
103, 175
110, 175
134, 175
103, 175
132, 175
101, 175
104, 175
107, 175
104, 175
100, 175
102, 175
121, 175
104, 175
121, 175
107, 175
118, 175
100, 175
104, 175
100, 175
104, 175
100, 175
118, 175
101, 175
102, 175
101, 175
114, 175
104, 175
102, 175
102, 175
106, 175
106, 175
106, 175
101, 175
120, 175
106, 175
100, 175
104, 175
104, 175
116, 175
103, 175
138, 175
110, 175
107, 175
104, 175
106, 175
108, 175
103, 175
106, 175
107, 175
115, 175
110, 175
102, 175
107, 175
113, 175
110, 175
109, 175
105, 175
102, 175
135, 175
115, 175
133, 175
124, 175
100, 175
108, 175
100, 175
101, 175
106, 175
100, 175
104, 175
105, 175
104, 175
100, 175
105, 175
106, 175
102, 175
104, 175
110, 175
150, 175
129, 175
106, 175
102, 175
108, 175
113, 175
108, 175
100, 175
112, 175
110, 175
109, 175
107, 175
112, 175
130, 175
112, 175
100, 175
120, 175
106, 175
120, 175
141, 175
129, 175
150, 175
122, 175
114, 175
120, 175
108, 175
100, 175
109, 175
102, 175
100, 175
111, 175
115, 175
105, 175
101, 175
101, 175
116, 175
113, 175
103, 175
117, 175
100, 175
100, 175
108, 175
101, 175
117, 175
101, 175
102, 175
104, 175
100, 175
107, 175
103, 175
105, 175
120, 175
103, 175
140, 175
118, 175
109, 175
103, 175
100, 175
113, 175
110, 175
108, 175
115, 175
112, 175
104, 175
103, 175
108, 175
157, 175
111, 175
116, 175
100, 175
103, 175
104, 175
102, 175
124, 175
101, 175
102, 175
100, 175
102, 175
111, 175
105, 175
112, 175
101, 175
104, 175
127, 175
119, 175
106, 175
120, 175
115, 175
131, 175
141, 175
105, 175
143, 175
123, 175
114, 175
114, 175
115, 175
108, 175
103, 175
101, 175
121, 175
106, 175
133, 175
103, 175
108, 175
103, 175
107, 175
113, 175
100, 175
108, 175
104, 175
109, 175
102, 175
103, 175
102, 175
111, 175
108, 175
109, 175
105, 175
111, 175
100, 175
102, 175
109, 175
115, 175
103, 175
139, 175
102, 175
100, 175
112, 175
118, 175
107, 175
101, 175
101, 175
111, 175
103, 175
109, 175
112, 175
102, 175
124, 175
115, 175
110, 175
116, 175
102, 175
108, 175
100, 175
134, 175
100, 175
104, 175
146, 175
118, 175
115, 175
132, 175
115, 175
118, 175
102, 175
111, 175
127, 175
125, 175
115, 175
106, 175
102, 175
101, 175
102, 175
104, 175
108, 175
110, 175
103, 175
101, 175
115, 175
132, 175
103, 175
110, 175
116, 175
103, 175
102, 175
100, 175
106, 175
116, 175
107, 175
126, 175
108, 175
118, 175
123, 175
107, 175
114, 175
102, 175
104, 175
107, 175
115, 175
108, 175
121, 175
11, 175
4, 175
0, 175
102, 175
104, 175
112, 175
103, 175
102, 175
107, 175
113, 175
108, 175
108, 175
120, 175
111, 175
109, 175
109, 175
119, 175
143, 175
100, 175
100, 175
100, 175
119, 175
145, 175
101, 175
113, 175
108, 175
101, 175
117, 175
104, 175
102, 175
103, 175
136, 175
101, 175
100, 175
112, 175
105, 175
136, 175
100, 175
100, 175
112, 175
102, 175
114, 175
102, 175
101, 175
101, 175
108, 175
148, 175
106, 175
100, 175
104, 175
108, 175
110, 175
101, 175
137, 175
101, 175
113, 175
109, 175
105, 175
106, 175
105, 175
115, 175
104, 175
138, 175
107, 175
102, 175
103, 175
115, 175
100, 175
123, 175
103, 175
101, 175
136, 175
104, 175
102, 175
105, 175
108, 175
100, 175
103, 175
100, 175
103, 175
107, 175
100, 175
106, 175
102, 175
112, 175
102, 175
100, 175
104, 175
103, 175
103, 175
110, 175
102, 175
100, 175
130, 175
103, 175
103, 175
106, 175
104, 175
100, 175
132, 175
101, 175
104, 175
106, 175
100, 175
102, 175
100, 175
116, 175
101, 175
103, 175
100, 175
105, 175
107, 175
128, 175
132, 175
112, 175
104, 175
103, 175
101, 175
102, 175
102, 175
115, 175
106, 175
101, 175
105, 175
101, 175
111, 175
127, 175
101, 175
101, 175
104, 175
106, 175
125, 175
107, 175
103, 175
100, 175
102, 175
107, 175
108, 175
107, 175
109, 175
104, 175
102, 175
102, 175
100, 175
110, 175
105, 175
118, 175
111, 175
108, 175
124, 175
163, 175
101, 175
102, 175
101, 175
100, 175
105, 175
147, 175
128, 175
100, 175
111, 175
111, 175
101, 175
104, 175
100, 175
117, 175
125, 175
100, 175
124, 175
105, 175
115, 175
104, 175
102, 175
100, 175
118, 175
109, 175
102, 175
111, 175
104, 175
103, 175
100, 175
101, 175
105, 175
104, 175
106, 175
100, 175
114, 175
103, 175
100, 175
111, 175
100, 175
114, 175
101, 175
110, 175
118, 175
115, 175
103, 175
102, 175
101, 175
102, 175
101, 175
117, 175
111, 175
106, 175
107, 175
102, 175
118, 175
109, 175
105, 175
101, 175
105, 175
104, 175
101, 175
128, 175
112, 175
107, 175
105, 175
115, 175
108, 175
108, 175
104, 175
106, 175
110, 175
100, 175
107, 175
107, 175
114, 175
113, 175
102, 175
114, 175
102, 175
107, 175
164, 175
100, 175
114, 175
127, 175
106, 175
120, 175
105, 175
106, 175
106, 175
102, 175
121, 175
#Algorithm: SARSA, Speed: 1, Boost: 1, PM: True, Env size: (20, 20), Car size: (5, 4),
#Counter: 100, Nsteps: 10000000, Gamma: 1, LearnRate: 0.01, Eps: 0.5, Epsdecay: 0.9
2, 2
0, 2
1, 2
1, 2
0, 2
2, 2
0, 2
1, 2
0, 2
0, 2
3, 3
5, 5
1, 5
0, 5
6, 6
0, 6
1, 6
0, 6
1, 6
1, 6
2, 6
6, 6
0, 6
0, 6
3, 6
0, 6
0, 6
3, 6
1, 6
0, 6
5, 6
0, 6
3, 6
1, 6
2, 6
0, 6
1, 6
2, 6
4, 6
4, 6
1, 6
2, 6
0, 6
7, 7
1, 7
3, 7
9, 9
1, 9
9, 9
3, 9
0, 9
5, 9
0, 9
2, 9
5, 9
0, 9
10, 10
9, 10
7, 10
9, 10
8, 10
3, 10
1, 10
0, 10
6, 10
2, 10
3, 10
0, 10
1, 10
6, 10
3, 10
0, 10
9, 10
4, 10
31, 31
5, 31
10, 31
5, 31
9, 31
1, 31
9, 31
1, 31
16, 31
0, 31
0, 31
7, 31
16, 31
21, 31
2, 31
9, 31
9, 31
3, 31
5, 31
7, 31
2, 31
2, 31
5, 31
5, 31
3, 31
4, 31
2, 31
4, 31
1, 31
6, 31
26, 31
0, 31
2, 31
5, 31
29, 31
3, 31
15, 31
2, 31
0, 31
0, 31
6, 31
9, 31
110, 110
3, 110
10, 110
2, 110
5, 110
3, 110
0, 110
14, 110
3, 110
1, 110
3, 110
2, 110
4, 110
1, 110
12, 110
1, 110
0, 110
6, 110
1, 110
3, 110
3, 110
19, 110
33, 110
10, 110
9, 110
12, 110
26, 110
99, 110
102, 110
108, 110
3, 110
3, 110
14, 110
1, 110
9, 110
20, 110
5, 110
19, 110
5, 110
0, 110
8, 110
3, 110
3, 110
13, 110
4, 110
105, 110
16, 110
3, 110
1, 110
7, 110
3, 110
3, 110
3, 110
12, 110
1, 110
5, 110
10, 110
200, 200
221, 221
325, 325
303, 325
301, 325
330, 330
312, 330
348, 348
303, 348
303, 348
315, 348
305, 348
302, 348
303, 348
303, 348
305, 348
302, 348
306, 348
323, 348
304, 348
304, 348
315, 348
303, 348
300, 348
300, 348
302, 348
328, 348
317, 348
306, 348
307, 348
300, 348
312, 348
332, 348
305, 348
300, 348
306, 348
301, 348
302, 348
303, 348
303, 348
300, 348
300, 348
305, 348
341, 348
300, 348
301, 348
320, 348
311, 348
322, 348
312, 348
307, 348
315, 348
356, 356
319, 356
337, 356
306, 356
300, 356
336, 356
318, 356
301, 356
306, 356
372, 372
340, 372
306, 372
311, 372
325, 372
313, 372
311, 372
306, 372
344, 372
327, 372
300, 372
318, 372
327, 372
302, 372
317, 372
309, 372
301, 372
304, 372
303, 372
306, 372
312, 372
304, 372
304, 372
310, 372
311, 372
305, 372
311, 372
304, 372
301, 372
333, 372
301, 372
352, 372
302, 372
319, 372
324, 372
300, 372
302, 372
320, 372
307, 372
338, 372
301, 372
308, 372
336, 372
330, 372
387, 387
345, 387
314, 387
300, 387
342, 387
319, 387
316, 387
307, 387
301, 387
380, 387
324, 387
300, 387
302, 387
301, 387
316, 387
309, 387
303, 387
320, 387
317, 387
302, 387
316, 387
302, 387
301, 387
313, 387
304, 387
322, 387
304, 387
306, 387
305, 387
309, 387
307, 387
309, 387
304, 387
302, 387
307, 387
311, 387
300, 387
340, 387
333, 387
308, 387
309, 387
316, 387
303, 387
302, 387
313, 387
318, 387
305, 387
311, 387
300, 387
331, 387
304, 387
316, 387
301, 387
300, 387
331, 387
338, 387
330, 387
311, 387
323, 387
301, 387
312, 387
328, 387
329, 387
300, 387
329, 387
300, 387
319, 387
302, 387
301, 387
308, 387
332, 387
321, 387
321, 387
315, 387
301, 387
323, 387
320, 387
304, 387
332, 387
316, 387
304, 387
309, 387
339, 387
317, 387
364, 387
304, 387
305, 387
308, 387
305, 387
302, 387
303, 387
305, 387
312, 387
321, 387
332, 387
304, 387
324, 387
340, 387
316, 387
311, 387
308, 387
327, 387
307, 387
304, 387
313, 387
301, 387
304, 387
319, 387
303, 387
303, 387
325, 387
304, 387
325, 387
301, 387
301, 387
305, 387
356, 387
311, 387
314, 387
327, 387
322, 387
312, 387
306, 387
312, 387
312, 387
306, 387
333, 387
307, 387
317, 387
319, 387
307, 387
307, 387
327, 387
319, 387
309, 387
306, 387
322, 387
301, 387
310, 387
321, 387
306, 387
302, 387
304, 387
316, 387
348, 387
375, 387
302, 387
307, 387
300, 387
301, 387
302, 387
304, 387
310, 387
302, 387
302, 387
306, 387
321, 387
325, 387
301, 387
304, 387
304, 387
318, 387
313, 387
304, 387
306, 387
300, 387
303, 387
304, 387
303, 387
312, 387
331, 387
306, 387
330, 387
369, 387
394, 394
309, 394
305, 394
344, 394
328, 394
319, 394
308, 394
328, 394
303, 394
303, 394
337, 394
347, 394
312, 394
327, 394
319, 394
328, 394
310, 394
327, 394
352, 394
305, 394
300, 394
301, 394
313, 394
300, 394
314, 394
301, 394
303, 394
317, 394
305, 394
303, 394
313, 394
333, 394
313, 394
311, 394
303, 394
304, 394
319, 394
308, 394
301, 394
328, 394
302, 394
301, 394
328, 394
309, 394
304, 394
304, 394
302, 394
300, 394
306, 394
307, 394
326, 394
331, 394
301, 394
354, 394
355, 394
300, 394
331, 394
335, 394
303, 394
308, 394
302, 394
311, 394
332, 394
315, 394
306, 394
301, 394
328, 394
320, 394
303, 394
303, 394
311, 394
313, 394
317, 394
325, 394
335, 394
309, 394
334, 394
326, 394
346, 394
316, 394
308, 394
301, 394
320, 394
339, 394
314, 394
306, 394
310, 394
312, 394
341, 394
338, 394
307, 394
323, 394
311, 394
308, 394
314, 394
301, 394
315, 394
315, 394
316, 394
349, 394
301, 394
322, 394
306, 394
314, 394
314, 394
305, 394
302, 394
301, 394
306, 394
307, 394
301, 394
306, 394
324, 394
323, 394
304, 394
349, 394
311, 394
306, 394
300, 394
310, 394
317, 394
316, 394
307, 394
337, 394
309, 394
307, 394
347, 394
321, 394
304, 394
308, 394
309, 394
317, 394
331, 394
317, 394
320, 394
302, 394
300, 394
303, 394
310, 394
306, 394
301, 394
337, 394
303, 394
303, 394
334, 394
304, 394
319, 394
309, 394
322, 394
330, 394
305, 394
305, 394
308, 394
357, 394
311, 394
303, 394
304, 394
302, 394
303, 394
301, 394
307, 394
354, 394
300, 394
307, 394
310, 394
304, 394
300, 394
355, 394
325, 394
303, 394
305, 394
312, 394
314, 394
303, 394
307, 394
309, 394
324, 394
301, 394
301, 394
309, 394
314, 394
300, 394
302, 394
311, 394
320, 394
314, 394
313, 394
310, 394
362, 394
303, 394
304, 394
311, 394
307, 394
301, 394
324, 394
317, 394
371, 394
335, 394
304, 394
383, 394
306, 394
315, 394
304, 394
308, 394
338, 394
342, 394
312, 394
302, 394
320, 394
300, 394
306, 394
310, 394
365, 394
300, 394
300, 394
306, 394
300, 394
303, 394
355, 394
301, 394
317, 394
321, 394
305, 394
305, 394
328, 394
301, 394
347, 394
391, 394
304, 394
310, 394
338, 394
304, 394
303, 394
325, 394
304, 394
301, 394
314, 394
325, 394
355, 394
337, 394
303, 394
308, 394
304, 394
310, 394
308, 394
330, 394
367, 394
320, 394
320, 394
304, 394
305, 394
379, 394
316, 394
334, 394
306, 394
327, 394
346, 394
308, 394
353, 394
303, 394
309, 394
307, 394
300, 394
300, 394
350, 394
301, 394
311, 394
336, 394
363, 394
318, 394
316, 394
386, 394
314, 394
300, 394
303, 394
313, 394
317, 394
335, 394
310, 394
339, 394
309, 394
303, 394
304, 394
320, 394
310, 394
357, 394
305, 394
342, 394
331, 394
338, 394
316, 394
302, 394
315, 394
396, 396
333, 396
317, 396
312, 396
300, 396
339, 396
303, 396
333, 396
307, 396
324, 396
306, 396
313, 396
345, 396
310, 396
330, 396
304, 396
321, 396
301, 396
303, 396
302, 396
301, 396
318, 396
318, 396
312, 396
302, 396
399, 399
335, 399
329, 399
323, 399
302, 399
320, 399
359, 399
330, 399
315, 399
305, 399
302, 399
323, 399
317, 399
307, 399
324, 399
316, 399
315, 399
334, 399
306, 399
319, 399
310, 399
329, 399
316, 399
328, 399
340, 399
312, 399
342, 399
335, 399
301, 399
305, 399
323, 399
362, 399
307, 399
319, 399
313, 399
302, 399
315, 399
306, 399
324, 399
314, 399
314, 399
307, 399
340, 399
313, 399
302, 399
302, 399
300, 399
300, 399
300, 399
306, 399
303, 399
303, 399
325, 399
384, 399
308, 399
301, 399
312, 399
350, 399
317, 399
335, 399
426, 426
328, 426
315, 426
325, 426
302, 426
321, 426
300, 426
321, 426
317, 426
332, 426
316, 426
303, 426
301, 426
311, 426
308, 426
306, 426
312, 426
315, 426
311, 426
312, 426
302, 426
348, 426
327, 426
303, 426
312, 426
302, 426
315, 426
318, 426
312, 426
304, 426
311, 426
335, 426
325, 426
343, 426
315, 426
308, 426
302, 426
320, 426
346, 426
300, 426
315, 426
392, 426
310, 426
321, 426
320, 426
300, 426
311, 426
320, 426
309, 426
311, 426
317, 426
320, 426
306, 426
311, 426
327, 426
319, 426
340, 426
316, 426
339, 426
346, 426
300, 426
332, 426
323, 426
327, 426
333, 426
301, 426
324, 426
322, 426
342, 426
322, 426
397, 426
6, 426
101, 426
113, 426
176, 426
130, 426
145, 426
100, 426
182, 426
102, 426
100, 426
107, 426
105, 426
126, 426
121, 426
101, 426
107, 426
101, 426
103, 426
102, 426
111, 426
100, 426
126, 426
104, 426
105, 426
104, 426
109, 426
109, 426
136, 426
103, 426
128, 426
114, 426
107, 426
125, 426
113, 426
101, 426
101, 426
105, 426
109, 426
103, 426
101, 426
104, 426
105, 426
114, 426
122, 426
108, 426
107, 426
100, 426
104, 426
111, 426
114, 426
123, 426
100, 426
112, 426
100, 426
108, 426
116, 426
100, 426
104, 426
111, 426
110, 426
100, 426
105, 426
100, 426
105, 426
116, 426
113, 426
103, 426
117, 426
102, 426
100, 426
110, 426
100, 426
103, 426
106, 426
111, 426
107, 426
103, 426
110, 426
110, 426
104, 426
109, 426
115, 426
103, 426
111, 426
103, 426
102, 426
108, 426
102, 426
105, 426
122, 426
119, 426
104, 426
120, 426
106, 426
111, 426
101, 426
102, 426
105, 426
104, 426
#Algorithm: SARSA, Speed: 1, Boost: 1, PM: True, Env size: (20, 20), Car size: (5, 4),
#Counter: 100, Nsteps: 10000000, Gamma: 1, LearnRate: 0.01, Eps: 0.5, Epsdecay: 0.9
0, 0
7, 7
1, 7
0, 7
1, 7
0, 7
0, 7
0, 7
10, 10
0, 10
3, 10
9, 10
6, 10
0, 10
6, 10
0, 10
1, 10
1, 10
3, 10
0, 10
0, 10
0, 10
4, 10
0, 10
5, 10
4, 10
2, 10
3, 10
0, 10
0, 10
0, 10
3, 10
0, 10
0, 10
3, 10
1, 10
0, 10
3, 10
0, 10
1, 10
0, 10
9, 10
0, 10
0, 10
15, 15
2, 15
4, 15
0, 15
8, 15
11, 15
3, 15
1, 15
0, 15
15, 15
10, 15
1, 15
0, 15
5, 15
9, 15
0, 15
2, 15
1, 15
3, 15
3, 15
2, 15
7, 15
2, 15
11, 15
0, 15
0, 15
2, 15
1, 15
0, 15
1, 15
1, 15
1, 15
4, 15
22, 22
0, 22
0, 22
2, 22
1, 22
13, 22
11, 22
9, 22
2, 22
13, 22
7, 22
0, 22
0, 22
17, 22
7, 22
0, 22
4, 22
3, 22
5, 22
0, 22
1, 22
0, 22
1, 22
3, 22
10, 22
11, 22
0, 22
3, 22
4, 22
2, 22
0, 22
55, 55
8, 55
28, 55
10, 55
4, 55
2, 55
0, 55
18, 55
2, 55
3, 55
0, 55
4, 55
1, 55
0, 55
2, 55
4, 55
103, 103
25, 103
14, 103
1, 103
7, 103
9, 103
7, 103
0, 103
13, 103
3, 103
52, 103
10, 103
15, 103
105, 105
5, 105
7, 105
30, 105
3, 105
3, 105
3, 105
0, 105
8, 105
18, 105
1, 105
8, 105
2, 105
9, 105
17, 105
17, 105
8, 105
29, 105
1, 105
5, 105
21, 105
22, 105
92, 105
21, 105
21, 105
102, 105
100, 105
129, 129
105, 129
109, 129
103, 129
102, 129
108, 129
108, 129
113, 129
101, 129
103, 129
101, 129
104, 129
105, 129
110, 129
107, 129
115, 129
123, 129
117, 129
106, 129
107, 129
102, 129
100, 129
118, 129
100, 129
101, 129
116, 129
116, 129
100, 129
116, 129
111, 129
105, 129
100, 129
128, 129
104, 129
104, 129
103, 129
106, 129
109, 129
114, 129
105, 129
105, 129
101, 129
100, 129
106, 129
101, 129
108, 129
113, 129
119, 129
114, 129
100, 129
103, 129
111, 129
105, 129
109, 129
102, 129
103, 129
102, 129
127, 129
158, 158
106, 158
107, 158
100, 158
114, 158
101, 158
101, 158
118, 158
105, 158
103, 158
106, 158
132, 158
102, 158
105, 158
112, 158
107, 158
111, 158
114, 158
101, 158
101, 158
113, 158
101, 158
101, 158
118, 158
101, 158
138, 158
103, 158
107, 158
104, 158
109, 158
122, 158
110, 158
106, 158
107, 158
102, 158
113, 158
114, 158
106, 158
103, 158
124, 158
103, 158
142, 158
110, 158
113, 158
117, 158
100, 158
102, 158
110, 158
137, 158
100, 158
119, 158
101, 158
100, 158
100, 158
103, 158
117, 158
111, 158
113, 158
113, 158
104, 158
123, 158
103, 158
101, 158
105, 158
107, 158
120, 158
103, 158
103, 158
104, 158
103, 158
100, 158
112, 158
107, 158
100, 158
108, 158
124, 158
109, 158
105, 158
106, 158
119, 158
104, 158
131, 158
103, 158
110, 158
102, 158
100, 158
102, 158
103, 158
103, 158
100, 158
100, 158
101, 158
101, 158
117, 158
101, 158
107, 158
104, 158
101, 158
106, 158
101, 158
101, 158
111, 158
100, 158
113, 158
111, 158
107, 158
102, 158
116, 158
104, 158
111, 158
104, 158
148, 158
107, 158
100, 158
112, 158
100, 158
110, 158
100, 158
110, 158
100, 158
102, 158
112, 158
141, 158
100, 158
150, 158
141, 158
108, 158
101, 158
104, 158
101, 158
118, 158
107, 158
146, 158
103, 158
104, 158
118, 158
105, 158
137, 158
103, 158
106, 158
136, 158
126, 158
114, 158
129, 158
100, 158
124, 158
104, 158
110, 158
116, 158
108, 158
107, 158
110, 158
100, 158
125, 158
105, 158
102, 158
102, 158
107, 158
102, 158
109, 158
100, 158
111, 158
105, 158
118, 158
140, 158
102, 158
101, 158
101, 158
106, 158
108, 158
115, 158
114, 158
146, 158
102, 158
102, 158
172, 172
155, 172
104, 172
102, 172
115, 172
102, 172
107, 172
104, 172
101, 172
139, 172
114, 172
108, 172
113, 172
132, 172
119, 172
107, 172
138, 172
106, 172
122, 172
106, 172
123, 172
106, 172
105, 172
100, 172
112, 172
110, 172
110, 172
105, 172
102, 172
105, 172
122, 172
111, 172
101, 172
103, 172
101, 172
105, 172
113, 172
128, 172
123, 172
111, 172
104, 172
110, 172
101, 172
100, 172
107, 172
107, 172
114, 172
108, 172
109, 172
102, 172
125, 172
105, 172
102, 172
127, 172
100, 172
110, 172
107, 172
118, 172
104, 172
101, 172
105, 172
105, 172
100, 172
115, 172
113, 172
113, 172
109, 172
100, 172
101, 172
121, 172
106, 172
101, 172
121, 172
116, 172
100, 172
108, 172
100, 172
111, 172
113, 172
107, 172
111, 172
100, 172
102, 172
108, 172
107, 172
103, 172
106, 172
115, 172
128, 172
102, 172
101, 172
122, 172
113, 172
104, 172
103, 172
149, 172
100, 172
104, 172
107, 172
100, 172
101, 172
105, 172
106, 172
109, 172
112, 172
103, 172
129, 172
104, 172
118, 172
105, 172
103, 172
116, 172
104, 172
109, 172
106, 172
100, 172
102, 172
102, 172
107, 172
102, 172
100, 172
101, 172
105, 172
106, 172
112, 172
105, 172
115, 172
104, 172
101, 172
110, 172
103, 172
100, 172
115, 172
104, 172
110, 172
102, 172
100, 172
101, 172
109, 172
108, 172
102, 172
104, 172
110, 172
139, 172
113, 172
105, 172
104, 172
100, 172
104, 172
105, 172
114, 172
120, 172
102, 172
113, 172
100, 172
117, 172
110, 172
102, 172
104, 172
117, 172
106, 172
109, 172
111, 172
113, 172
104, 172
102, 172
112, 172
100, 172
106, 172
112, 172
102, 172
102, 172
103, 172
102, 172
112, 172
112, 172
101, 172
123, 172
119, 172
105, 172
113, 172
137, 172
109, 172
116, 172
121, 172
107, 172
123, 172
110, 172
103, 172
101, 172
100, 172
101, 172
101, 172
101, 172
118, 172
106, 172
109, 172
117, 172
117, 172
103, 172
108, 172
100, 172
128, 172
104, 172
122, 172
106, 172
108, 172
107, 172
115, 172
102, 172
123, 172
101, 172
106, 172
100, 172
109, 172
109, 172
104, 172
102, 172
108, 172
122, 172
134, 172
101, 172
115, 172
122, 172
110, 172
177, 177
104, 177
100, 177
113, 177
104, 177
105, 177
100, 177
106, 177
104, 177
127, 177
109, 177
102, 177
104, 177
103, 177
107, 177
100, 177
117, 177
101, 177
109, 177
106, 177
113, 177
107, 177
100, 177
103, 177
103, 177
100, 177
125, 177
104, 177
120, 177
160, 177
109, 177
109, 177
105, 177
105, 177
112, 177
100, 177
119, 177
103, 177
111, 177
102, 177
101, 177
105, 177
107, 177
111, 177
132, 177
125, 177
102, 177
169, 177
114, 177
128, 177
109, 177
106, 177
108, 177
117, 177
100, 177
108, 177
101, 177
102, 177
112, 177
105, 177
102, 177
120, 177
127, 177
100, 177
113, 177
102, 177
100, 177
111, 177
101, 177
101, 177
103, 177
121, 177
108, 177
105, 177
104, 177
102, 177
112, 177
102, 177
105, 177
120, 177
109, 177
139, 177
101, 177
104, 177
103, 177
101, 177
101, 177
101, 177
105, 177
104, 177
102, 177
131, 177
102, 177
107, 177
104, 177
109, 177
112, 177
111, 177
111, 177
103, 177
124, 177
113, 177
105, 177
127, 177
119, 177
17, 177
10, 177
2, 177
7, 177
119, 177
100, 177
103, 177
119, 177
100, 177
112, 177
102, 177
106, 177
124, 177
104, 177
103, 177
101, 177
114, 177
114, 177
103, 177
101, 177
110, 177
108, 177
120, 177
104, 177
107, 177
107, 177
100, 177
125, 177
126, 177
103, 177
114, 177
111, 177
119, 177
116, 177
100, 177
107, 177
113, 177
104, 177
101, 177
123, 177
101, 177
136, 177
105, 177
107, 177
101, 177
110, 177
112, 177
101, 177
104, 177
100, 177
102, 177
108, 177
114, 177
102, 177
123, 177
119, 177
110, 177
114, 177
104, 177
109, 177
102, 177
100, 177
101, 177
107, 177
102, 177
119, 177
115, 177
122, 177
101, 177
108, 177
105, 177
106, 177
100, 177
124, 177
104, 177
108, 177
101, 177
105, 177
110, 177
105, 177
104, 177
103, 177
110, 177
112, 177
118, 177
122, 177
121, 177
101, 177
108, 177
133, 177
101, 177
110, 177
105, 177
103, 177
100, 177
108, 177
114, 177
120, 177
111, 177
112, 177
103, 177
159, 177
102, 177
110, 177
103, 177
114, 177
117, 177
110, 177
104, 177
100, 177
113, 177
102, 177
101, 177
100, 177
100, 177
121, 177
109, 177
102, 177
116, 177
106, 177
100, 177
111, 177
126, 177
104, 177
100, 177
107, 177
108, 177
127, 177
120, 177
104, 177
102, 177
116, 177
103, 177
104, 177
115, 177
105, 177
105, 177
107, 177
109, 177
104, 177
106, 177
112, 177
133, 177
106, 177
102, 177
102, 177
152, 177
116, 177
109, 177
159, 177
113, 177
101, 177
107, 177
112, 177
106, 177
112, 177
103, 177
108, 177
110, 177
109, 177
102, 177
104, 177
101, 177
107, 177
150, 177
155, 177
111, 177
127, 177
101, 177
108, 177
103, 177
110, 177
105, 177
112, 177
118, 177
111, 177
137, 177
120, 177
111, 177
100, 177
107, 177
115, 177
101, 177
112, 177
100, 177
124, 177
103, 177
104, 177
112, 177
113, 177
115, 177
100, 177
134, 177
103, 177
104, 177
118, 177
103, 177
128, 177
111, 177
102, 177
106, 177
121, 177
101, 177
104, 177
104, 177
123, 177
111, 177
100, 177
112, 177
113, 177
110, 177
100, 177
111, 177
120, 177
100, 177
152, 177
102, 177
106, 177
117, 177
107, 177
100, 177
123, 177
129, 177
154, 177
137, 177
101, 177
135, 177
124, 177
136, 177
125, 177
105, 177
128, 177
112, 177
114, 177
106, 177
103, 177
102, 177
107, 177
102, 177
104, 177
105, 177
100, 177
153, 177
111, 177
114, 177
104, 177
106, 177
102, 177
127, 177
102, 177
104, 177
101, 177
133, 177
101, 177
111, 177
117, 177
106, 177
109, 177
122, 177
100, 177
100, 177
101, 177
110, 177
108, 177
103, 177
109, 177
103, 177
100, 177
136, 177
115, 177
112, 177
134, 177
101, 177
