#Algorithm: SARSA, Speed: 1, Boost: 3, PM: True, Env size: (20, 20), Car size: (3, 2),
#Counter: 100, Nsteps: 10000000, Gamma: 1, LearnRate: 0.01, Eps: 0.5, Epsdecay: 0.9
0, 0
2, 2
12, 12
35, 35
23, 35
47, 47
12, 47
26, 47
202, 202
1210, 1210
1202, 1210
1401, 1401
700, 1401
109, 1401
26, 1401
112, 1401
213, 1401
1444, 1444
1403, 1444
1400, 1444
1426, 1444
1422, 1444
1470, 1470
1407, 1470
1454, 1470
1427, 1470
1431, 1470
1406, 1470
1407, 1470
1401, 1470
1415, 1470
1401, 1470
1418, 1470
1420, 1470
1420, 1470
1558, 1558
1407, 1558
1408, 1558
1421, 1558
1461, 1558
1409, 1558
1413, 1558
1466, 1558
1400, 1558
1413, 1558
1429, 1558
1413, 1558
1446, 1558
1425, 1558
1411, 1558
1414, 1558
1450, 1558
1470, 1558
1462, 1558
1409, 1558
1437, 1558
1417, 1558
1443, 1558
1400, 1558
1407, 1558
1481, 1558
1450, 1558
1415, 1558
1413, 1558
1443, 1558
1407, 1558
1427, 1558
1403, 1558
1456, 1558
1400, 1558
1401, 1558
1446, 1558
1442, 1558
1409, 1558
1439, 1558
1418, 1558
1419, 1558
1400, 1558
1402, 1558
1424, 1558
1401, 1558
1441, 1558
1477, 1558
1419, 1558
1402, 1558
1422, 1558
1414, 1558
1435, 1558
1405, 1558
1408, 1558
1433, 1558
1416, 1558
1402, 1558
1405, 1558
1402, 1558
1446, 1558
1409, 1558
1405, 1558
1400, 1558
1400, 1558
1402, 1558
1432, 1558
1432, 1558
1406, 1558
1434, 1558
1519, 1558
1402, 1558
1409, 1558
1404, 1558
1436, 1558
1403, 1558
1407, 1558
1400, 1558
1406, 1558
1449, 1558
1416, 1558
1468, 1558
1428, 1558
1416, 1558
1460, 1558
1400, 1558
1408, 1558
1400, 1558
1417, 1558
1418, 1558
1405, 1558
1412, 1558
1409, 1558
1428, 1558
1411, 1558
1419, 1558
1421, 1558
1509, 1558
1497, 1558
1407, 1558
1432, 1558
1414, 1558
1403, 1558
1402, 1558
1425, 1558
1461, 1558
1432, 1558
1415, 1558
1410, 1558
1414, 1558
1406, 1558
1400, 1558
1407, 1558
1417, 1558
1418, 1558
1408, 1558
1413, 1558
1407, 1558
1433, 1558
1522, 1558
1419, 1558
1442, 1558
1422, 1558
1412, 1558
1404, 1558
1409, 1558
1445, 1558
1409, 1558
1413, 1558
1409, 1558
1426, 1558
1405, 1558
1413, 1558
1401, 1558
1401, 1558
1441, 1558
1426, 1558
1415, 1558
1416, 1558
1419, 1558
1412, 1558
1408, 1558
1425, 1558
1416, 1558
1430, 1558
1415, 1558
1409, 1558
1420, 1558
1407, 1558
1473, 1558
1419, 1558
1471, 1558
1431, 1558
1417, 1558
1422, 1558
1406, 1558
1418, 1558
1401, 1558
1411, 1558
1423, 1558
1417, 1558
1447, 1558
1418, 1558
1405, 1558
1401, 1558
#Algorithm: SARSA, Speed: 1, Boost: 3, PM: True, Env size: (20, 20), Car size: (3, 2),
#Counter: 100, Nsteps: 10000000, Gamma: 1, LearnRate: 0.01, Eps: 0.5, Epsdecay: 0.9
2, 2
3, 3
3, 3
72, 72
8, 72
15, 72
17, 72
21, 72
228, 228
1410, 1410
728, 1410
189, 1410
3, 1410
107, 1410
224, 1410
1229, 1410
1407, 1410
1416, 1416
1417, 1417
1440, 1440
1407, 1440
1404, 1440
1415, 1440
1402, 1440
1449, 1449
1406, 1449
1409, 1449
1468, 1468
1426, 1468
1404, 1468
1405, 1468
1407, 1468
1404, 1468
1456, 1468
1412, 1468
1400, 1468
1400, 1468
1416, 1468
1413, 1468
1405, 1468
1493, 1493
1422, 1493
1422, 1493
1424, 1493
1402, 1493
1405, 1493
1424, 1493
1409, 1493
1423, 1493
1404, 1493
1415, 1493
1476, 1493
1403, 1493
1414, 1493
1409, 1493
1406, 1493
1407, 1493
1406, 1493
1451, 1493
1406, 1493
1420, 1493
1443, 1493
1402, 1493
1404, 1493
1407, 1493
1435, 1493
1402, 1493
1404, 1493
1442, 1493
1505, 1505
1411, 1505
1400, 1505
1411, 1505
1419, 1505
1409, 1505
1400, 1505
1407, 1505
1446, 1505
1401, 1505
1423, 1505
1406, 1505
1401, 1505
1406, 1505
1404, 1505
1421, 1505
1415, 1505
1499, 1505
1435, 1505
1408, 1505
1401, 1505
1400, 1505
1413, 1505
1412, 1505
1413, 1505
1415, 1505
1410, 1505
1410, 1505
1404, 1505
1408, 1505
1440, 1505
1452, 1505
1418, 1505
1439, 1505
1417, 1505
1404, 1505
1419, 1505
1450, 1505
1431, 1505
1426, 1505
1420, 1505
1437, 1505
1449, 1505
1413, 1505
1404, 1505
1402, 1505
1447, 1505
1442, 1505
1462, 1505
1404, 1505
1420, 1505
1435, 1505
1442, 1505
1403, 1505
1421, 1505
1409, 1505
1424, 1505
1411, 1505
1464, 1505
1419, 1505
1404, 1505
1403, 1505
1435, 1505
1409, 1505
1406, 1505
1411, 1505
1428, 1505
1401, 1505
1409, 1505
1414, 1505
1405, 1505
1479, 1505
1404, 1505
1400, 1505
1402, 1505
1412, 1505
1422, 1505
1411, 1505
1410, 1505
1411, 1505
1409, 1505
1402, 1505
1410, 1505
1453, 1505
1417, 1505
1408, 1505
1414, 1505
1435, 1505
1450, 1505
1401, 1505
1418, 1505
1411, 1505
1408, 1505
1409, 1505
1415, 1505
1419, 1505
1413, 1505
1431, 1505
1402, 1505
1426, 1505
1414, 1505
1453, 1505
1407, 1505
1451, 1505
1400, 1505
1418, 1505
1425, 1505
1457, 1505
1405, 1505
1403, 1505
1463, 1505
1436, 1505
1445, 1505
1416, 1505
1417, 1505
1402, 1505
1402, 1505
1400, 1505
1450, 1505
1436, 1505
1439, 1505
1433, 1505
1406, 1505
1409, 1505
1427, 1505
1415, 1505
1402, 1505
1400, 1505
1406, 1505
1441, 1505
1434, 1505
#Algorithm: SARSA, Speed: 1, Boost: 3, PM: True, Env size: (20, 20), Car size: (3, 2),
#Counter: 100, Nsteps: 10000000, Gamma: 1, LearnRate: 0.01, Eps: 0.5, Epsdecay: 0.9
11, 11
2, 11
14, 14
8, 14
1, 14
6, 14
102, 102
52, 102
205, 205
1410, 1410
703, 1410
80, 1410
1, 1410
114, 1410
201, 1410
1416, 1416
707, 1416
1433, 1433
1478, 1478
1416, 1478
1410, 1478
1462, 1478
1403, 1478
1429, 1478
1420, 1478
1403, 1478
1476, 1478
1425, 1478
1411, 1478
1448, 1478
1402, 1478
1438, 1478
1432, 1478
1453, 1478
1400, 1478
1401, 1478
1404, 1478
1406, 1478
1401, 1478
1402, 1478
1407, 1478
1413, 1478
1409, 1478
1419, 1478
1429, 1478
1455, 1478
1420, 1478
1406, 1478
1415, 1478
1405, 1478
1412, 1478
1406, 1478
1405, 1478
1403, 1478
1402, 1478
1400, 1478
1408, 1478
1415, 1478
1430, 1478
1400, 1478
1403, 1478
1402, 1478
1414, 1478
1447, 1478
1407, 1478
1406, 1478
1433, 1478
1412, 1478
1469, 1478
1407, 1478
1426, 1478
1406, 1478
1414, 1478
1438, 1478
1413, 1478
1408, 1478
1408, 1478
1420, 1478
1404, 1478
1403, 1478
1444, 1478
1432, 1478
1401, 1478
1411, 1478
1401, 1478
1401, 1478
1417, 1478
1428, 1478
1422, 1478
1408, 1478
1401, 1478
1406, 1478
1408, 1478
1415, 1478
1408, 1478
1403, 1478
1420, 1478
1418, 1478
1408, 1478
1479, 1479
1402, 1479
1400, 1479
1404, 1479
1404, 1479
1405, 1479
1414, 1479
1421, 1479
1401, 1479
1453, 1479
1406, 1479
1418, 1479
1417, 1479
1414, 1479
1432, 1479
1402, 1479
1405, 1479
1400, 1479
1412, 1479
1408, 1479
1400, 1479
1403, 1479
1426, 1479
1408, 1479
1403, 1479
1457, 1479
1437, 1479
1427, 1479
1401, 1479
1402, 1479
1465, 1479
1429, 1479
1431, 1479
1464, 1479
1441, 1479
1420, 1479
1430, 1479
1420, 1479
1408, 1479
1434, 1479
1406, 1479
1410, 1479
1481, 1481
1404, 1481
1403, 1481
1454, 1481
1402, 1481
1404, 1481
1417, 1481
1424, 1481
1436, 1481
1419, 1481
1425, 1481
1411, 1481
1402, 1481
1441, 1481
1409, 1481
1403, 1481
1412, 1481
1430, 1481
1425, 1481
1425, 1481
1411, 1481
1402, 1481
1422, 1481
1403, 1481
1401, 1481
1449, 1481
1423, 1481
1401, 1481
1402, 1481
1413, 1481
1404, 1481
1409, 1481
1409, 1481
1404, 1481
1412, 1481
1419, 1481
1403, 1481
1410, 1481
1425, 1481
1405, 1481
1403, 1481
1404, 1481
1400, 1481
1416, 1481
1439, 1481
1420, 1481
1417, 1481
1408, 1481
1405, 1481
1421, 1481
1417, 1481
1451, 1481
1434, 1481
1403, 1481
1406, 1481
1401, 1481
1400, 1481
1482, 1482
1404, 1482
#Algorithm: SARSA, Speed: 1, Boost: 3, PM: True, Env size: (20, 20), Car size: (3, 2),
#Counter: 100, Nsteps: 10000000, Gamma: 1, LearnRate: 0.01, Eps: 0.5, Epsdecay: 0.9
9, 9
0, 9
17, 17
19, 19
77, 77
8, 77
4, 77
37, 77
103, 103
217, 217
1412, 1412
748, 1412
8, 1412
12, 1412
138, 1412
200, 1412
1445, 1445
705, 1445
1431, 1445
1420, 1445
1426, 1445
1421, 1445
1402, 1445
1437, 1445
1423, 1445
1400, 1445
1468, 1468
1403, 1468
1408, 1468
1422, 1468
1444, 1468
1407, 1468
1402, 1468
1405, 1468
1400, 1468
1444, 1468
1424, 1468
1433, 1468
1407, 1468
1422, 1468
1404, 1468
1407, 1468
1433, 1468
1408, 1468
1451, 1468
1403, 1468
1418, 1468
1414, 1468
1419, 1468
1404, 1468
1435, 1468
1454, 1468
1419, 1468
1410, 1468
1406, 1468
1442, 1468
1409, 1468
1417, 1468
1409, 1468
1410, 1468
1409, 1468
1416, 1468
1403, 1468
1400, 1468
1408, 1468
1409, 1468
1405, 1468
1404, 1468
1437, 1468
1404, 1468
1412, 1468
1409, 1468
1406, 1468
1424, 1468
1446, 1468
1453, 1468
1428, 1468
1430, 1468
1421, 1468
1405, 1468
1403, 1468
1402, 1468
1426, 1468
1428, 1468
1407, 1468
1441, 1468
1468, 1468
1410, 1468
1433, 1468
1410, 1468
1424, 1468
1431, 1468
1429, 1468
1403, 1468
1418, 1468
1400, 1468
1420, 1468
1418, 1468
1417, 1468
1439, 1468
1539, 1539
1408, 1539
1457, 1539
1402, 1539
1429, 1539
1400, 1539
1420, 1539
1425, 1539
1431, 1539
1412, 1539
1405, 1539
1412, 1539
1417, 1539
1422, 1539
1405, 1539
1437, 1539
1419, 1539
1401, 1539
1410, 1539
1415, 1539
1411, 1539
1401, 1539
1410, 1539
1409, 1539
1408, 1539
1427, 1539
1418, 1539
1464, 1539
1412, 1539
1408, 1539
1420, 1539
1430, 1539
1400, 1539
1402, 1539
1415, 1539
1402, 1539
1401, 1539
1414, 1539
1408, 1539
1424, 1539
1408, 1539
1406, 1539
1405, 1539
1408, 1539
1407, 1539
1406, 1539
1406, 1539
1425, 1539
1403, 1539
1428, 1539
1417, 1539
1416, 1539
1480, 1539
1412, 1539
1422, 1539
1412, 1539
1405, 1539
1428, 1539
1412, 1539
1411, 1539
1434, 1539
1476, 1539
1448, 1539
1456, 1539
1428, 1539
1431, 1539
1419, 1539
1400, 1539
1432, 1539
1425, 1539
1421, 1539
1403, 1539
1401, 1539
1418, 1539
1405, 1539
1439, 1539
1410, 1539
1420, 1539
1408, 1539
1405, 1539
1404, 1539
1400, 1539
1403, 1539
1403, 1539
1411, 1539
1455, 1539
1420, 1539
1409, 1539
1407, 1539
1406, 1539
1401, 1539
1434, 1539
1411, 1539
1423, 1539
1433, 1539
1407, 1539
1402, 1539
1412, 1539
1434, 1539
1436, 1539
#Algorithm: SARSA, Speed: 1, Boost: 3, PM: True, Env size: (20, 20), Car size: (3, 2),
#Counter: 100, Nsteps: 10000000, Gamma: 1, LearnRate: 0.01, Eps: 0.5, Epsdecay: 0.9
0, 0
2, 2
4, 4
0, 4
0, 4
5, 5
5, 5
1406, 1406
48, 1406
5, 1406
3, 1406
81, 1406
6, 1406
731, 1406
151, 1406
63, 1406
44, 1406
209, 1406
1408, 1408
723, 1408
1401, 1408
1422, 1422
1417, 1422
1418, 1422
1408, 1422
1418, 1422
1451, 1451
1416, 1451
1400, 1451
1423, 1451
1403, 1451
1411, 1451
1409, 1451
1415, 1451
1409, 1451
1403, 1451
1479, 1479
1405, 1479
1427, 1479
1424, 1479
1401, 1479
1410, 1479
1411, 1479
1414, 1479
1408, 1479
1411, 1479
1403, 1479
1455, 1479
1414, 1479
1400, 1479
1433, 1479
1439, 1479
1407, 1479
1409, 1479
1411, 1479
1409, 1479
1404, 1479
1433, 1479
1419, 1479
1412, 1479
1466, 1479
1410, 1479
1400, 1479
1418, 1479
1448, 1479
1425, 1479
1403, 1479
1445, 1479
1436, 1479
1432, 1479
1404, 1479
1424, 1479
1414, 1479
1420, 1479
1425, 1479
1412, 1479
1419, 1479
1423, 1479
1400, 1479
1419, 1479
1444, 1479
1410, 1479
1418, 1479
1406, 1479
1407, 1479
1483, 1483
1512, 1512
1403, 1512
1412, 1512
1414, 1512
1436, 1512
1402, 1512
1440, 1512
1408, 1512
1417, 1512
1455, 1512
1402, 1512
1494, 1512
1445, 1512
1411, 1512
1405, 1512
1407, 1512
1420, 1512
1409, 1512
1444, 1512
1402, 1512
1433, 1512
1403, 1512
1407, 1512
1402, 1512
1406, 1512
1412, 1512
1425, 1512
1407, 1512
1403, 1512
1443, 1512
1425, 1512
1418, 1512
1409, 1512
1480, 1512
1407, 1512
1403, 1512
1407, 1512
1407, 1512
1424, 1512
1413, 1512
1410, 1512
1401, 1512
1433, 1512
1402, 1512
1407, 1512
1400, 1512
1406, 1512
1402, 1512
1401, 1512
1400, 1512
1434, 1512
1402, 1512
1412, 1512
1414, 1512
1418, 1512
1437, 1512
1404, 1512
1439, 1512
1403, 1512
1418, 1512
1411, 1512
1439, 1512
1413, 1512
1432, 1512
1406, 1512
1400, 1512
1403, 1512
1403, 1512
1405, 1512
1420, 1512
1401, 1512
1447, 1512
1414, 1512
1446, 1512
1408, 1512
1405, 1512
1425, 1512
1410, 1512
1428, 1512
1414, 1512
1406, 1512
1436, 1512
1410, 1512
1424, 1512
1403, 1512
1415, 1512
1406, 1512
1403, 1512
1401, 1512
1435, 1512
1405, 1512
1415, 1512
1419, 1512
1409, 1512
1419, 1512
1410, 1512
1403, 1512
1420, 1512
1416, 1512
1417, 1512
1408, 1512
1475, 1512
1436, 1512
1405, 1512
1460, 1512
1425, 1512
1408, 1512
1426, 1512
1410, 1512
1441, 1512
1411, 1512
1449, 1512
1416, 1512
1451, 1512
