#Algorithm: Qlearning, Speed: 1, Boost: 5, PM: False, Env size: (20, 20), Car size: (6, 5),
#Counter: 100, Nsteps: 1000000, Gamma: 1, LearnRate: 0.01, Eps: 0.5, Epsdecay: 0.9
1, 1
0, 1
1, 1
0, 1
0, 1
1, 1
0, 1
0, 1
0, 1
2, 2
0, 2
2, 2
1, 2
0, 2
3, 3
0, 3
1, 3
4, 4
1, 4
5, 5
3, 5
9, 9
8, 9
2, 9
1, 9
2, 9
2, 9
3, 9
2, 9
3, 9
2, 9
0, 9
1, 9
3, 9
7, 9
1, 9
1, 9
2, 9
1, 9
3, 9
7, 9
2, 9
1, 9
1, 9
5, 9
6, 9
2, 9
1, 9
18, 18
2, 18
1, 18
0, 18
1, 18
0, 18
1, 18
5, 18
1, 18
8, 18
1, 18
4, 18
2, 18
1, 18
0, 18
3, 18
2, 18
5, 18
4, 18
1, 18
8, 18
1, 18
3, 18
2, 18
2, 18
4, 18
2, 18
8, 18
8, 18
5, 18
1, 18
0, 18
0, 18
1, 18
3, 18
0, 18
0, 18
1, 18
1, 18
1, 18
8, 18
3, 18
1, 18
14, 18
2, 18
0, 18
4, 18
8, 18
5, 18
5, 18
3, 18
10, 18
1, 18
10, 18
0, 18
3, 18
5, 18
1, 18
4, 18
1, 18
3, 18
1, 18
0, 18
6, 18
2, 18
1, 18
5, 18
3, 18
2, 18
4, 18
2, 18
9, 18
2, 18
4, 18
0, 18
4, 18
0, 18
0, 18
4, 18
0, 18
2, 18
0, 18
0, 18
13, 18
5, 18
6, 18
1, 18
5, 18
1, 18
2, 18
9, 18
2, 18
9, 18
9, 18
1, 18
4, 18
1, 18
2, 18
2, 18
2, 18
4, 18
4, 18
4, 18
7, 18
2, 18
13, 18
5, 18
5, 18
5, 18
1, 18
1, 18
4, 18
11, 18
0, 18
0, 18
3, 18
1, 18
2, 18
2, 18
4, 18
12, 18
4, 18
3, 18
0, 18
1, 18
6, 18
2, 18
4, 18
3, 18
3, 18
8, 18
4, 18
1, 18
14, 18
1, 18
22, 22
5, 22
0, 22
2, 22
5, 22
0, 22
9, 22
4, 22
5, 22
4, 22
6, 22
14, 22
0, 22
13, 22
3, 22
10, 22
4, 22
5, 22
3, 22
3, 22
5, 22
8, 22
8, 22
0, 22
3, 22
3, 22
8, 22
4, 22
5, 22
15, 22
10, 22
2, 22
0, 22
2, 22
1, 22
8, 22
16, 22
3, 22
1, 22
1, 22
3, 22
6, 22
3, 22
12, 22
2, 22
0, 22
4, 22
2, 22
4, 22
3, 22
8, 22
6, 22
8, 22
6, 22
10, 22
2, 22
6, 22
8, 22
7, 22
2, 22
7, 22
7, 22
5, 22
6, 22
9, 22
7, 22
10, 22
4, 22
3, 22
14, 22
9, 22
5, 22
18, 22
2, 22
8, 22
3, 22
10, 22
8, 22
3, 22
1, 22
2, 22
11, 22
7, 22
13, 22
8, 22
6, 22
20, 22
5, 22
22, 22
11, 22
6, 22
10, 22
16, 22
3, 22
10, 22
0, 22
16, 22
13, 22
7, 22
15, 22
22, 22
8, 22
2, 22
2, 22
11, 22
3, 22
2, 22
4, 22
11, 22
14, 22
5, 22
10, 22
4, 22
2, 22
5, 22
1, 22
5, 22
12, 22
2, 22
4, 22
12, 22
3, 22
7, 22
1, 22
7, 22
0, 22
11, 22
12, 22
2, 22
4, 22
0, 22
6, 22
12, 22
5, 22
12, 22
7, 22
4, 22
4, 22
26, 26
28, 28
3, 28
16, 28
11, 28
5, 28
8, 28
4, 28
3, 28
10, 28
4, 28
7, 28
9, 28
21, 28
22, 28
6, 28
14, 28
5, 28
9, 28
19, 28
10, 28
10, 28
1, 28
2, 28
2, 28
11, 28
25, 28
19, 28
3, 28
6, 28
7, 28
14, 28
18, 28
5, 28
30, 30
4, 30
4, 30
7, 30
4, 30
1, 30
7, 30
5, 30
9, 30
4, 30
3, 30
14, 30
5, 30
3, 30
9, 30
19, 30
8, 30
14, 30
28, 30
3, 30
5, 30
13, 30
12, 30
6, 30
10, 30
5, 30
0, 30
5, 30
12, 30
2, 30
4, 30
7, 30
18, 30
0, 30
2, 30
11, 30
4, 30
13, 30
3, 30
8, 30
5, 30
8, 30
6, 30
6, 30
8, 30
32, 32
22, 32
1, 32
3, 32
2, 32
8, 32
5, 32
12, 32
7, 32
4, 32
37, 37
9, 37
10, 37
6, 37
9, 37
14, 37
4, 37
5, 37
2, 37
3, 37
0, 37
14, 37
4, 37
14, 37
0, 37
4, 37
8, 37
6, 37
5, 37
8, 37
6, 37
1, 37
15, 37
22, 37
3, 37
9, 37
19, 37
0, 37
13, 37
19, 37
3, 37
6, 37
6, 37
11, 37
46, 46
21, 46
1, 46
4, 46
3, 46
3, 46
39, 46
8, 46
3, 46
8, 46
25, 46
6, 46
35, 46
6, 46
7, 46
5, 46
4, 46
1, 46
5, 46
4, 46
16, 46
8, 46
12, 46
7, 46
13, 46
5, 46
3, 46
4, 46
8, 46
6, 46
24, 46
3, 46
5, 46
20, 46
18, 46
5, 46
21, 46
13, 46
4, 46
2, 46
5, 46
5, 46
15, 46
1, 46
15, 46
2, 46
18, 46
9, 46
8, 46
2, 46
1, 46
3, 46
0, 46
14, 46
3, 46
9, 46
10, 46
6, 46
25, 46
12, 46
16, 46
9, 46
7, 46
11, 46
22, 46
2, 46
3, 46
1, 46
17, 46
2, 46
0, 46
14, 46
19, 46
3, 46
11, 46
28, 46
8, 46
17, 46
19, 46
0, 46
1, 46
4, 46
2, 46
17, 46
1, 46
5, 46
12, 46
5, 46
5, 46
15, 46
0, 46
10, 46
5, 46
23, 46
17, 46
9, 46
11, 46
16, 46
1, 46
0, 46
13, 46
35, 46
6, 46
1, 46
19, 46
33, 46
5, 46
13, 46
16, 46
6, 46
24, 46
8, 46
0, 46
4, 46
1, 46
5, 46
0, 46
8, 46
8, 46
2, 46
9, 46
12, 46
7, 46
4, 46
0, 46
10, 46
25, 46
18, 46
10, 46
1, 46
6, 46
4, 46
15, 46
10, 46
0, 46
7, 46
3, 46
4, 46
4, 46
26, 46
20, 46
4, 46
0, 46
4, 46
5, 46
2, 46
6, 46
2, 46
2, 46
7, 46
3, 46
4, 46
31, 46
13, 46
10, 46
17, 46
7, 46
9, 46
49, 49
18, 49
17, 49
1, 49
14, 49
16, 49
0, 49
4, 49
0, 49
37, 49
24, 49
7, 49
7, 49
0, 49
5, 49
12, 49
9, 49
35, 49
7, 49
14, 49
12, 49
0, 49
13, 49
11, 49
10, 49
15, 49
10, 49
9, 49
4, 49
40, 49
6, 49
14, 49
3, 49
4, 49
24, 49
10, 49
11, 49
6, 49
11, 49
2, 49
14, 49
0, 49
9, 49
9, 49
1, 49
8, 49
5, 49
6, 49
2, 49
4, 49
18, 49
12, 49
49, 49
47, 49
5, 49
15, 49
10, 49
31, 49
19, 49
3, 49
0, 49
3, 49
12, 49
4, 49
12, 49
29, 49
2, 49
28, 49
2, 49
9, 49
6, 49
5, 49
10, 49
6, 49
13, 49
14, 49
21, 49
6, 49
4, 49
27, 49
3, 49
31, 49
21, 49
6, 49
24, 49
5, 49
13, 49
13, 49
9, 49
23, 49
16, 49
48, 49
18, 49
35, 49
9, 49
7, 49
25, 49
18, 49
13, 49
3, 49
9, 49
9, 49
7, 49
10, 49
2, 49
1, 49
4, 49
3, 49
0, 49
8, 49
10, 49
0, 49
4, 49
0, 49
15, 49
4, 49
18, 49
14, 49
0, 49
20, 49
11, 49
2, 49
14, 49
11, 49
8, 49
3, 49
1, 49
5, 49
0, 49
19, 49
3, 49
32, 49
1, 49
3, 49
5, 49
3, 49
16, 49
17, 49
0, 49
0, 49
21, 49
2, 49
5, 49
5, 49
36, 49
1, 49
4, 49
12, 49
18, 49
5, 49
11, 49
5, 49
1, 49
5, 49
3, 49
9, 49
2, 49
18, 49
1, 49
3, 49
6, 49
15, 49
8, 49
3, 49
4, 49
5, 49
19, 49
11, 49
5, 49
2, 49
5, 49
25, 49
1, 49
2, 49
6, 49
2, 49
2, 49
4, 49
0, 49
0, 49
5, 49
31, 49
7, 49
0, 49
2, 49
18, 49
3, 49
7, 49
4, 49
7, 49
18, 49
1, 49
12, 49
9, 49
41, 49
9, 49
4, 49
0, 49
0, 49
4, 49
2, 49
8, 49
2, 49
0, 49
4, 49
3, 49
5, 49
7, 49
1, 49
28, 49
1, 49
3, 49
1, 49
6, 49
9, 49
11, 49
19, 49
6, 49
0, 49
2, 49
1, 49
14, 49
10, 49
11, 49
6, 49
0, 49
14, 49
10, 49
2, 49
4, 49
0, 49
0, 49
7, 49
3, 49
5, 49
2, 49
0, 49
7, 49
6, 49
23, 49
1, 49
21, 49
15, 49
4, 49
5, 49
5, 49
6, 49
6, 49
9, 49
18, 49
7, 49
14, 49
7, 49
5, 49
3, 49
3, 49
9, 49
0, 49
1, 49
3, 49
1, 49
1, 49
8, 49
1, 49
8, 49
26, 49
7, 49
2, 49
13, 49
0, 49
42, 49
15, 49
27, 49
10, 49
9, 49
0, 49
7, 49
4, 49
6, 49
16, 49
3, 49
15, 49
12, 49
11, 49
6, 49
1, 49
4, 49
0, 49
7, 49
16, 49
1, 49
0, 49
1, 49
0, 49
0, 49
5, 49
9, 49
10, 49
19, 49
1, 49
1, 49
3, 49
1, 49
2, 49
15, 49
14, 49
3, 49
2, 49
3, 49
8, 49
18, 49
4, 49
3, 49
7, 49
9, 49
6, 49
8, 49
6, 49
16, 49
6, 49
1, 49
31, 49
12, 49
1, 49
9, 49
8, 49
7, 49
14, 49
12, 49
3, 49
18, 49
2, 49
16, 49
7, 49
12, 49
12, 49
2, 49
0, 49
5, 49
2, 49
45, 49
12, 49
9, 49
5, 49
4, 49
8, 49
3, 49
5, 49
16, 49
6, 49
1, 49
28, 49
0, 49
2, 49
8, 49
17, 49
3, 49
4, 49
11, 49
1, 49
2, 49
26, 49
11, 49
23, 49
15, 49
9, 49
17, 49
49, 49
39, 49
3, 49
3, 49
2, 49
4, 49
0, 49
6, 49
7, 49
6, 49
3, 49
3, 49
6, 49
9, 49
9, 49
3, 49
17, 49
1, 49
1, 49
17, 49
7, 49
23, 49
0, 49
2, 49
28, 49
1, 49
12, 49
6, 49
24, 49
20, 49
1, 49
6, 49
51, 51
6, 51
5, 51
14, 51
11, 51
1, 51
1, 51
3, 51
9, 51
26, 51
11, 51
9, 51
19, 51
6, 51
24, 51
16, 51
4, 51
7, 51
13, 51
19, 51
20, 51
16, 51
31, 51
10, 51
3, 51
1, 51
19, 51
6, 51
3, 51
37, 51
5, 51
4, 51
24, 51
22, 51
38, 51
28, 51
1, 51
6, 51
41, 51
11, 51
13, 51
8, 51
61, 61
3, 61
22, 61
21, 61
14, 61
17, 61
3, 61
35, 61
22, 61
17, 61
9, 61
5, 61
12, 61
19, 61
23, 61
19, 61
6, 61
16, 61
20, 61
6, 61
9, 61
14, 61
10, 61
15, 61
3, 61
8, 61
24, 61
13, 61
36, 61
25, 61
4, 61
27, 61
6, 61
5, 61
2, 61
14, 61
17, 61
17, 61
41, 61
13, 61
4, 61
38, 61
11, 61
19, 61
15, 61
1, 61
11, 61
12, 61
37, 61
2, 61
3, 61
2, 61
26, 61
3, 61
13, 61
6, 61
26, 61
6, 61
18, 61
3, 61
28, 61
4, 61
6, 61
6, 61
20, 61
29, 61
17, 61
23, 61
13, 61
11, 61
102, 102
24, 102
24, 102
9, 102
0, 102
0, 102
23, 102
70, 102
17, 102
0, 102
5, 102
8, 102
4, 102
6, 102
11, 102
0, 102
2, 102
4, 102
2, 102
1, 102
66, 102
49, 102
18, 102
5, 102
2, 102
26, 102
11, 102
14, 102
49, 102
3, 102
20, 102
19, 102
4, 102
78, 102
4, 102
8, 102
0, 102
23, 102
2, 102
0, 102
12, 102
14, 102
7, 102
6, 102
2, 102
0, 102
1, 102
3, 102
21, 102
2, 102
2, 102
13, 102
38, 102
9, 102
1, 102
11, 102
24, 102
11, 102
37, 102
6, 102
4, 102
5, 102
2, 102
15, 102
5, 102
4, 102
24, 102
1, 102
18, 102
11, 102
9, 102
10, 102
2, 102
7, 102
23, 102
9, 102
22, 102
6, 102
3, 102
24, 102
5, 102
7, 102
23, 102
10, 102
2, 102
93, 102
20, 102
5, 102
10, 102
1, 102
3, 102
18, 102
13, 102
1, 102
16, 102
0, 102
6, 102
20, 102
7, 102
12, 102
40, 102
11, 102
15, 102
1, 102
30, 102
4, 102
8, 102
28, 102
1, 102
30, 102
8, 102
20, 102
1, 102
9, 102
16, 102
6, 102
11, 102
6, 102
16, 102
36, 102
28, 102
43, 102
15, 102
4, 102
1, 102
11, 102
5, 102
38, 102
3, 102
18, 102
3, 102
3, 102
9, 102
6, 102
12, 102
27, 102
15, 102
10, 102
9, 102
3, 102
12, 102
14, 102
8, 102
6, 102
1, 102
5, 102
7, 102
3, 102
6, 102
23, 102
5, 102
2, 102
1, 102
15, 102
18, 102
22, 102
10, 102
9, 102
16, 102
22, 102
4, 102
3, 102
23, 102
7, 102
24, 102
17, 102
4, 102
1, 102
19, 102
33, 102
10, 102
26, 102
24, 102
3, 102
3, 102
4, 102
7, 102
1, 102
13, 102
13, 102
3, 102
19, 102
9, 102
17, 102
13, 102
1, 102
17, 102
7, 102
2, 102
16, 102
31, 102
11, 102
7, 102
19, 102
3, 102
4, 102
0, 102
9, 102
7, 102
16, 102
6, 102
43, 102
4, 102
5, 102
33, 102
7, 102
52, 102
21, 102
11, 102
18, 102
10, 102
5, 102
1, 102
4, 102
17, 102
12, 102
37, 102
16, 102
16, 102
20, 102
7, 102
35, 102
19, 102
1, 102
5, 102
14, 102
3, 102
29, 102
12, 102
54, 102
10, 102
6, 102
42, 102
6, 102
0, 102
4, 102
4, 102
2, 102
49, 102
10, 102
10, 102
2, 102
67, 102
53, 102
10, 102
43, 102
11, 102
9, 102
32, 102
4, 102
7, 102
40, 102
6, 102
28, 102
22, 102
18, 102
1, 102
82, 102
53, 102
5, 102
11, 102
33, 102
9, 102
13, 102
1, 102
4, 102
29, 102
27, 102
3, 102
7, 102
20, 102
11, 102
60, 102
8, 102
27, 102
8, 102
24, 102
45, 102
4, 102
22, 102
55, 102
12, 102
12, 102
21, 102
13, 102
1, 102
2, 102
3, 102
34, 102
53, 102
3, 102
34, 102
32, 102
4, 102
30, 102
13, 102
0, 102
26, 102
9, 102
42, 102
2, 102
16, 102
34, 102
99, 102
12, 102
14, 102
35, 102
30, 102
45, 102
4, 102
3, 102
9, 102
14, 102
25, 102
25, 102
27, 102
9, 102
2, 102
23, 102
10, 102
17, 102
5, 102
88, 102
9, 102
3, 102
11, 102
35, 102
12, 102
48, 102
2, 102
44, 102
33, 102
35, 102
5, 102
8, 102
16, 102
20, 102
16, 102
4, 102
6, 102
80, 102
1, 102
2, 102
42, 102
37, 102
7, 102
29, 102
2, 102
14, 102
13, 102
82, 102
21, 102
8, 102
9, 102
12, 102
22, 102
9, 102
25, 102
6, 102
38, 102
47, 102
3, 102
1, 102
19, 102
38, 102
4, 102
59, 102
10, 102
42, 102
21, 102
7, 102
18, 102
12, 102
29, 102
7, 102
43, 102
33, 102
22, 102
4, 102
35, 102
75, 102
38, 102
9, 102
20, 102
35, 102
14, 102
3, 102
14, 102
21, 102
1, 102
2, 102
9, 102
12, 102
26, 102
16, 102
54, 102
30, 102
34, 102
1, 102
36, 102
17, 102
44, 102
5, 102
8, 102
9, 102
25, 102
73, 102
37, 102
12, 102
13, 102
6, 102
7, 102
8, 102
10, 102
11, 102
7, 102
71, 102
12, 102
11, 102
32, 102
10, 102
2, 102
8, 102
4, 102
3, 102
5, 102
58, 102
65, 102
21, 102
49, 102
11, 102
7, 102
39, 102
9, 102
5, 102
23, 102
24, 102
35, 102
14, 102
75, 102
11, 102
22, 102
10, 102
23, 102
4, 102
25, 102
15, 102
0, 102
5, 102
10, 102
16, 102
9, 102
2, 102
24, 102
15, 102
63, 102
24, 102
6, 102
10, 102
20, 102
19, 102
56, 102
45, 102
15, 102
0, 102
11, 102
3, 102
80, 102
19, 102
7, 102
27, 102
46, 102
35, 102
19, 102
23, 102
18, 102
8, 102
29, 102
21, 102
26, 102
28, 102
19, 102
11, 102
8, 102
133, 133
16, 133
30, 133
0, 133
5, 133
22, 133
93, 133
13, 133
54, 133
16, 133
44, 133
55, 133
12, 133
103, 133
4, 133
32, 133
6, 133
31, 133
6, 133
3, 133
0, 133
2, 133
2, 133
3, 133
62, 133
10, 133
7, 133
43, 133
1, 133
50, 133
8, 133
35, 133
31, 133
14, 133
33, 133
7, 133
0, 133
6, 133
6, 133
6, 133
46, 133
7, 133
7, 133
58, 133
15, 133
9, 133
50, 133
30, 133
4, 133
14, 133
33, 133
3, 133
13, 133
4, 133
34, 133
8, 133
100, 133
5, 133
2, 133
30, 133
53, 133
14, 133
4, 133
27, 133
61, 133
60, 133
8, 133
25, 133
31, 133
15, 133
41, 133
54, 133
3, 133
16, 133
83, 133
55, 133
14, 133
27, 133
32, 133
108, 133
12, 133
33, 133
17, 133
36, 133
34, 133
5, 133
103, 133
7, 133
1, 133
111, 133
134, 134
50, 134
126, 134
5, 134
0, 134
47, 134
35, 134
18, 134
3, 134
43, 134
77, 134
5, 134
43, 134
28, 134
21, 134
23, 134
46, 134
59, 134
7, 134
92, 134
60, 134
119, 134
20, 134
45, 134
86, 134
31, 134
12, 134
8, 134
30, 134
19, 134
6, 134
116, 134
59, 134
6, 134
22, 134
7, 134
20, 134
80, 134
8, 134
33, 134
4, 134
28, 134
18, 134
7, 134
4, 134
14, 134
90, 134
13, 134
20, 134
15, 134
3, 134
47, 134
16, 134
8, 134
84, 134
38, 134
27, 134
16, 134
80, 134
35, 134
79, 134
36, 134
30, 134
9, 134
10, 134
37, 134
7, 134
64, 134
14, 134
16, 134
26, 134
2, 134
6, 134
5, 134
48, 134
30, 134
92, 134
12, 134
31, 134
14, 134
49, 134
95, 134
24, 134
45, 134
29, 134
6, 134
10, 134
3, 134
115, 134
24, 134
4, 134
3, 134
68, 134
45, 134
109, 134
35, 134
65, 134
15, 134
16, 134
11, 134
48, 134
40, 134
29, 134
5, 134
14, 134
16, 134
21, 134
92, 134
104, 134
16, 134
28, 134
19, 134
27, 134
12, 134
37, 134
19, 134
70, 134
27, 134
60, 134
104, 134
15, 134
33, 134
13, 134
60, 134
113, 134
130, 134
49, 134
52, 134
25, 134
97, 134
18, 134
100, 134
5, 134
4, 134
29, 134
30, 134
64, 134
110, 134
103, 134
44, 134
106, 134
55, 134
109, 134
104, 134
34, 134
39, 134
17, 134
11, 134
116, 134
30, 134
14, 134
24, 134
2, 134
104, 134
3, 134
44, 134
35, 134
52, 134
161, 161
2, 161
18, 161
69, 161
101, 161
103, 161
15, 161
59, 161
70, 161
61, 161
13, 161
151, 161
38, 161
51, 161
34, 161
53, 161
24, 161
17, 161
31, 161
74, 161
23, 161
27, 161
103, 161
73, 161
17, 161
14, 161
61, 161
18, 161
11, 161
66, 161
109, 161
102, 161
101, 161
121, 161
9, 161
19, 161
12, 161
37, 161
5, 161
23, 161
7, 161
31, 161
12, 161
111, 161
11, 161
11, 161
89, 161
43, 161
93, 161
13, 161
25, 161
36, 161
10, 161
25, 161
28, 161
59, 161
55, 161
4, 161
84, 161
107, 161
49, 161
30, 161
24, 161
62, 161
118, 161
93, 161
109, 161
46, 161
23, 161
18, 161
83, 161
121, 161
8, 161
47, 161
100, 161
7, 161
82, 161
36, 161
26, 161
4, 161
115, 161
102, 161
106, 161
110, 161
5, 161
7, 161
111, 161
129, 161
60, 161
101, 161
103, 161
101, 161
13, 161
20, 161
68, 161
125, 161
45, 161
111, 161
68, 161
130, 161
52, 161
70, 161
30, 161
26, 161
81, 161
43, 161
9, 161
43, 161
9, 161
104, 161
25, 161
8, 161
130, 161
92, 161
44, 161
33, 161
125, 161
87, 161
104, 161
102, 161
127, 161
22, 161
69, 161
103, 161
144, 161
88, 161
117, 161
108, 161
10, 161
67, 161
110, 161
33, 161
104, 161
73, 161
43, 161
43, 161
108, 161
68, 161
109, 161
17, 161
106, 161
129, 161
55, 161
120, 161
112, 161
31, 161
112, 161
4, 161
101, 161
104, 161
122, 161
47, 161
2, 161
51, 161
66, 161
10, 161
9, 161
50, 161
106, 161
48, 161
93, 161
25, 161
106, 161
29, 161
61, 161
6, 161
124, 161
53, 161
84, 161
88, 161
37, 161
25, 161
53, 161
3, 161
94, 161
46, 161
105, 161
106, 161
107, 161
11, 161
119, 161
12, 161
48, 161
108, 161
133, 161
92, 161
27, 161
63, 161
40, 161
152, 161
162, 162
148, 162
100, 162
24, 162
90, 162
18, 162
12, 162
143, 162
61, 162
22, 162
21, 162
24, 162
87, 162
20, 162
1, 162
58, 162
3, 162
50, 162
14, 162
54, 162
30, 162
17, 162
30, 162
13, 162
106, 162
97, 162
29, 162
48, 162
42, 162
30, 162
23, 162
34, 162
200, 200
4, 200
3, 200
37, 200
8, 200
101, 200
61, 200
55, 200
64, 200
15, 200
7, 200
101, 200
97, 200
43, 200
68, 200
2, 200
36, 200
40, 200
77, 200
62, 200
33, 200
24, 200
42, 200
11, 200
56, 200
24, 200
10, 200
30, 200
103, 200
102, 200
11, 200
104, 200
107, 200
17, 200
73, 200
56, 200
35, 200
134, 200
13, 200
22, 200
59, 200
41, 200
107, 200
56, 200
101, 200
88, 200
25, 200
88, 200
100, 200
17, 200
16, 200
130, 200
2, 200
51, 200
49, 200
51, 200
0, 200
61, 200
8, 200
70, 200
103, 200
159, 200
51, 200
18, 200
188, 200
82, 200
125, 200
11, 200
77, 200
65, 200
13, 200
8, 200
15, 200
87, 200
63, 200
63, 200
0, 200
20, 200
2, 200
48, 200
24, 200
5, 200
14, 200
111, 200
114, 200
43, 200
23, 200
84, 200
12, 200
2, 200
16, 200
25, 200
13, 200
19, 200
53, 200
69, 200
19, 200
9, 200
9, 200
27, 200
10, 200
91, 200
2, 200
17, 200
14, 200
22, 200
108, 200
23, 200
116, 200
41, 200
5, 200
11, 200
61, 200
118, 200
8, 200
49, 200
39, 200
54, 200
26, 200
9, 200
33, 200
102, 200
9, 200
111, 200
117, 200
19, 200
113, 200
91, 200
72, 200
105, 200
18, 200
105, 200
71, 200
2, 200
35, 200
0, 200
36, 200
2, 200
49, 200
8, 200
12, 200
17, 200
7, 200
11, 200
5, 200
29, 200
36, 200
29, 200
76, 200
56, 200
20, 200
51, 200
17, 200
100, 200
10, 200
17, 200
73, 200
100, 200
109, 200
55, 200
68, 200
104, 200
25, 200
89, 200
42, 200
75, 200
51, 200
14, 200
103, 200
104, 200
55, 200
123, 200
117, 200
91, 200
46, 200
110, 200
104, 200
46, 200
104, 200
39, 200
101, 200
100, 200
