#Algorithm: Qlearning, Speed: 1, Boost: 5, PM: False, Env size: (20, 20), Car size: (6, 5),
#Counter: 10000000, Nsteps: 10000000, Gamma: 1, LearnRate: 0.01, Eps: 0.5, Epsdecay: 0.9
0, 0
0, 0
0, 0
2, 2
0, 2
2, 2
1, 2
2, 2
1, 2
2, 2
3, 3
2, 3
6, 6
15, 15
1, 15
2, 15
1, 15
2, 15
2, 15
2, 15
8, 15
4, 15
1, 15
1, 15
1, 15
2, 15
5, 15
4, 15
0, 15
5, 15
2, 15
5, 15
1, 15
6, 15
7, 15
0, 15
9, 15
3, 15
6, 15
4, 15
2, 15
9, 15
5, 15
0, 15
9, 15
11, 15
4, 15
0, 15
5, 15
3, 15
5, 15
7, 15
0, 15
0, 15
2, 15
3, 15
3, 15
1, 15
7, 15
2, 15
2, 15
3, 15
6, 15
8, 15
0, 15
13, 15
1, 15
2, 15
3, 15
3, 15
1, 15
4, 15
2, 15
2, 15
7, 15
1, 15
2, 15
2, 15
0, 15
1, 15
4, 15
5, 15
1, 15
13, 15
2, 15
4, 15
1, 15
4, 15
6, 15
1, 15
2, 15
2, 15
1, 15
6, 15
0, 15
2, 15
3, 15
2, 15
5, 15
6, 15
5, 15
4, 15
0, 15
0, 15
2, 15
2, 15
0, 15
4, 15
2, 15
0, 15
1, 15
4, 15
3, 15
6, 15
5, 15
5, 15
2, 15
1, 15
1, 15
9, 15
8, 15
4, 15
12, 15
5, 15
1, 15
1, 15
5, 15
5, 15
15, 15
6, 15
3, 15
2, 15
8, 15
10, 15
0, 15
3, 15
10, 15
2, 15
0, 15
4, 15
7, 15
3, 15
3, 15
4, 15
7, 15
2, 15
3, 15
5, 15
5, 15
0, 15
3, 15
1, 15
7, 15
5, 15
4, 15
10, 15
0, 15
4, 15
3, 15
3, 15
1, 15
4, 15
0, 15
4, 15
3, 15
5, 15
3, 15
0, 15
1, 15
1, 15
8, 15
0, 15
9, 15
5, 15
7, 15
2, 15
2, 15
1, 15
2, 15
4, 15
3, 15
4, 15
3, 15
4, 15
1, 15
5, 15
8, 15
4, 15
8, 15
0, 15
1, 15
0, 15
3, 15
2, 15
4, 15
1, 15
0, 15
17, 17
17, 17
0, 17
5, 17
1, 17
1, 17
0, 17
1, 17
2, 17
5, 17
4, 17
11, 17
0, 17
2, 17
9, 17
3, 17
7, 17
1, 17
0, 17
4, 17
4, 17
2, 17
6, 17
1, 17
1, 17
7, 17
0, 17
0, 17
33, 33
6, 33
2, 33
5, 33
2, 33
9, 33
8, 33
10, 33
4, 33
0, 33
4, 33
3, 33
6, 33
0, 33
9, 33
9, 33
1, 33
5, 33
7, 33
1, 33
8, 33
6, 33
8, 33
14, 33
8, 33
6, 33
1, 33
0, 33
11, 33
4, 33
2, 33
9, 33
9, 33
3, 33
3, 33
2, 33
2, 33
1, 33
1, 33
4, 33
2, 33
4, 33
6, 33
1, 33
3, 33
2, 33
0, 33
3, 33
12, 33
13, 33
12, 33
3, 33
7, 33
7, 33
4, 33
7, 33
5, 33
9, 33
4, 33
2, 33
8, 33
5, 33
2, 33
2, 33
6, 33
6, 33
2, 33
15, 33
13, 33
2, 33
18, 33
3, 33
5, 33
0, 33
0, 33
6, 33
7, 33
4, 33
4, 33
3, 33
9, 33
3, 33
2, 33
8, 33
10, 33
18, 33
13, 33
0, 33
6, 33
3, 33
12, 33
11, 33
5, 33
6, 33
3, 33
4, 33
7, 33
16, 33
0, 33
8, 33
10, 33
3, 33
4, 33
11, 33
4, 33
8, 33
4, 33
9, 33
6, 33
6, 33
3, 33
12, 33
10, 33
6, 33
12, 33
5, 33
2, 33
14, 33
3, 33
6, 33
14, 33
13, 33
2, 33
1, 33
14, 33
9, 33
17, 33
6, 33
6, 33
13, 33
0, 33
4, 33
5, 33
5, 33
5, 33
2, 33
15, 33
27, 33
4, 33
0, 33
6, 33
10, 33
4, 33
7, 33
3, 33
27, 33
5, 33
8, 33
7, 33
11, 33
12, 33
7, 33
3, 33
2, 33
11, 33
3, 33
5, 33
21, 33
4, 33
7, 33
17, 33
11, 33
16, 33
37, 37
16, 37
1, 37
11, 37
0, 37
5, 37
16, 37
6, 37
1, 37
11, 37
12, 37
14, 37
3, 37
1, 37
4, 37
0, 37
2, 37
24, 37
15, 37
1, 37
3, 37
2, 37
13, 37
2, 37
3, 37
6, 37
5, 37
2, 37
7, 37
3, 37
18, 37
2, 37
5, 37
9, 37
9, 37
11, 37
1, 37
1, 37
2, 37
10, 37
30, 37
28, 37
9, 37
13, 37
5, 37
1, 37
1, 37
0, 37
10, 37
5, 37
18, 37
4, 37
5, 37
8, 37
7, 37
18, 37
0, 37
3, 37
7, 37
1, 37
14, 37
2, 37
20, 37
4, 37
1, 37
0, 37
31, 37
1, 37
23, 37
3, 37
4, 37
2, 37
5, 37
8, 37
5, 37
14, 37
18, 37
15, 37
9, 37
1, 37
5, 37
7, 37
14, 37
2, 37
18, 37
2, 37
6, 37
16, 37
4, 37
20, 37
3, 37
2, 37
12, 37
6, 37
0, 37
10, 37
1, 37
10, 37
6, 37
12, 37
6, 37
0, 37
7, 37
25, 37
6, 37
8, 37
10, 37
3, 37
15, 37
9, 37
11, 37
3, 37
13, 37
5, 37
12, 37
13, 37
9, 37
29, 37
5, 37
5, 37
3, 37
19, 37
8, 37
16, 37
14, 37
5, 37
7, 37
4, 37
13, 37
18, 37
23, 37
1, 37
8, 37
14, 37
21, 37
10, 37
15, 37
33, 37
15, 37
1, 37
13, 37
3, 37
0, 37
8, 37
14, 37
0, 37
4, 37
2, 37
30, 37
2, 37
10, 37
2, 37
10, 37
3, 37
10, 37
3, 37
2, 37
2, 37
27, 37
12, 37
16, 37
5, 37
4, 37
13, 37
1, 37
8, 37
9, 37
19, 37
15, 37
10, 37
8, 37
5, 37
1, 37
7, 37
14, 37
4, 37
19, 37
3, 37
1, 37
11, 37
11, 37
7, 37
13, 37
26, 37
26, 37
6, 37
13, 37
3, 37
5, 37
16, 37
15, 37
14, 37
0, 37
2, 37
7, 37
13, 37
3, 37
1, 37
4, 37
4, 37
2, 37
5, 37
3, 37
26, 37
33, 37
30, 37
1, 37
3, 37
7, 37
13, 37
6, 37
0, 37
12, 37
1, 37
9, 37
0, 37
10, 37
0, 37
3, 37
4, 37
7, 37
6, 37
4, 37
22, 37
2, 37
2, 37
1, 37
7, 37
5, 37
46, 46
22, 46
8, 46
8, 46
16, 46
59, 59
2, 59
18, 59
10, 59
4, 59
4, 59
7, 59
9, 59
0, 59
4, 59
1, 59
6, 59
3, 59
33, 59
4, 59
4, 59
11, 59
0, 59
5, 59
23, 59
25, 59
52, 59
10, 59
7, 59
6, 59
1, 59
0, 59
6, 59
11, 59
13, 59
0, 59
0, 59
8, 59
2, 59
11, 59
3, 59
0, 59
21, 59
33, 59
8, 59
15, 59
33, 59
5, 59
11, 59
10, 59
19, 59
13, 59
17, 59
22, 59
5, 59
12, 59
4, 59
19, 59
1, 59
3, 59
13, 59
22, 59
41, 59
20, 59
16, 59
4, 59
6, 59
31, 59
21, 59
5, 59
12, 59
3, 59
24, 59
14, 59
21, 59
32, 59
3, 59
17, 59
4, 59
24, 59
1, 59
3, 59
17, 59
3, 59
5, 59
5, 59
10, 59
26, 59
27, 59
7, 59
9, 59
27, 59
8, 59
33, 59
7, 59
3, 59
4, 59
13, 59
7, 59
17, 59
6, 59
10, 59
23, 59
11, 59
4, 59
15, 59
18, 59
7, 59
0, 59
6, 59
5, 59
6, 59
27, 59
7, 59
83, 83
11, 83
4, 83
17, 83
13, 83
1, 83
16, 83
4, 83
12, 83
18, 83
12, 83
19, 83
4, 83
8, 83
16, 83
9, 83
4, 83
32, 83
1, 83
4, 83
15, 83
21, 83
15, 83
32, 83
11, 83
21, 83
3, 83
8, 83
6, 83
6, 83
7, 83
5, 83
10, 83
5, 83
7, 83
16, 83
4, 83
2, 83
16, 83
5, 83
7, 83
5, 83
22, 83
4, 83
11, 83
32, 83
2, 83
51, 83
5, 83
13, 83
4, 83
7, 83
4, 83
7, 83
2, 83
10, 83
3, 83
6, 83
12, 83
43, 83
14, 83
14, 83
25, 83
8, 83
7, 83
35, 83
2, 83
7, 83
5, 83
18, 83
10, 83
5, 83
0, 83
5, 83
19, 83
18, 83
3, 83
1, 83
1, 83
16, 83
12, 83
11, 83
1, 83
3, 83
12, 83
5, 83
5, 83
0, 83
26, 83
20, 83
7, 83
27, 83
1, 83
11, 83
38, 83
23, 83
70, 83
5, 83
22, 83
10, 83
8, 83
4, 83
0, 83
2, 83
21, 83
0, 83
1, 83
7, 83
2, 83
6, 83
0, 83
0, 83
14, 83
11, 83
1, 83
1, 83
2, 83
3, 83
20, 83
10, 83
5, 83
6, 83
0, 83
6, 83
0, 83
12, 83
6, 83
6, 83
0, 83
1, 83
6, 83
1, 83
1, 83
16, 83
2, 83
7, 83
4, 83
5, 83
6, 83
5, 83
15, 83
9, 83
27, 83
0, 83
0, 83
6, 83
2, 83
14, 83
30, 83
32, 83
21, 83
4, 83
16, 83
21, 83
3, 83
33, 83
16, 83
0, 83
0, 83
5, 83
3, 83
4, 83
12, 83
7, 83
19, 83
16, 83
0, 83
3, 83
0, 83
4, 83
21, 83
14, 83
4, 83
13, 83
8, 83
8, 83
22, 83
18, 83
6, 83
12, 83
0, 83
19, 83
5, 83
4, 83
12, 83
2, 83
13, 83
13, 83
0, 83
7, 83
16, 83
0, 83
0, 83
16, 83
8, 83
15, 83
1, 83
15, 83
6, 83
14, 83
18, 83
8, 83
0, 83
0, 83
9, 83
39, 83
9, 83
14, 83
0, 83
4, 83
0, 83
8, 83
24, 83
3, 83
4, 83
5, 83
8, 83
21, 83
7, 83
17, 83
3, 83
12, 83
5, 83
1, 83
27, 83
0, 83
0, 83
7, 83
3, 83
0, 83
4, 83
15, 83
16, 83
7, 83
1, 83
8, 83
4, 83
3, 83
0, 83
6, 83
1, 83
2, 83
0, 83
5, 83
9, 83
5, 83
3, 83
5, 83
10, 83
27, 83
3, 83
12, 83
27, 83
1, 83
11, 83
21, 83
1, 83
13, 83
11, 83
7, 83
14, 83
3, 83
7, 83
11, 83
4, 83
0, 83
8, 83
4, 83
8, 83
14, 83
0, 83
17, 83
12, 83
35, 83
0, 83
5, 83
7, 83
0, 83
2, 83
4, 83
13, 83
3, 83
8, 83
2, 83
0, 83
11, 83
0, 83
29, 83
43, 83
2, 83
2, 83
6, 83
8, 83
6, 83
2, 83
7, 83
27, 83
5, 83
5, 83
1, 83
3, 83
22, 83
10, 83
0, 83
0, 83
2, 83
12, 83
22, 83
3, 83
11, 83
17, 83
1, 83
0, 83
1, 83
5, 83
24, 83
28, 83
45, 83
1, 83
13, 83
2, 83
1, 83
16, 83
3, 83
38, 83
2, 83
4, 83
14, 83
2, 83
6, 83
14, 83
2, 83
2, 83
19, 83
13, 83
7, 83
1, 83
11, 83
25, 83
8, 83
20, 83
15, 83
3, 83
16, 83
6, 83
2, 83
2, 83
6, 83
3, 83
8, 83
3, 83
3, 83
3, 83
14, 83
2, 83
8, 83
29, 83
0, 83
9, 83
0, 83
0, 83
14, 83
6, 83
4, 83
6, 83
14, 83
27, 83
26, 83
16, 83
3, 83
3, 83
7, 83
36, 83
33, 83
5, 83
11, 83
4, 83
8, 83
1, 83
10, 83
2, 83
6, 83
36, 83
4, 83
26, 83
18, 83
2, 83
4, 83
15, 83
4, 83
2, 83
11, 83
13, 83
6, 83
27, 83
2, 83
22, 83
18, 83
10, 83
5, 83
8, 83
25, 83
0, 83
13, 83
7, 83
13, 83
0, 83
6, 83
8, 83
2, 83
6, 83
5, 83
0, 83
22, 83
5, 83
10, 83
27, 83
2, 83
3, 83
20, 83
3, 83
10, 83
8, 83
18, 83
5, 83
1, 83
25, 83
2, 83
1, 83
3, 83
20, 83
8, 83
13, 83
25, 83
2, 83
7, 83
4, 83
1, 83
5, 83
28, 83
3, 83
12, 83
18, 83
2, 83
1, 83
2, 83
22, 83
25, 83
24, 83
5, 83
22, 83
1, 83
6, 83
1, 83
21, 83
13, 83
42, 83
7, 83
12, 83
10, 83
9, 83
6, 83
32, 83
3, 83
5, 83
9, 83
22, 83
9, 83
18, 83
3, 83
8, 83
25, 83
16, 83
59, 83
2, 83
9, 83
21, 83
3, 83
9, 83
2, 83
2, 83
8, 83
14, 83
8, 83
23, 83
4, 83
7, 83
12, 83
4, 83
1, 83
7, 83
18, 83
2, 83
5, 83
10, 83
22, 83
5, 83
12, 83
2, 83
0, 83
15, 83
35, 83
1, 83
2, 83
53, 83
32, 83
27, 83
54, 83
8, 83
59, 83
6, 83
18, 83
19, 83
3, 83
26, 83
42, 83
10, 83
1, 83
24, 83
25, 83
7, 83
2, 83
2, 83
32, 83
57, 83
7, 83
7, 83
52, 83
14, 83
1, 83
0, 83
73, 83
33, 83
6, 83
67, 83
9, 83
9, 83
23, 83
10, 83
7, 83
4, 83
8, 83
9, 83
3, 83
8, 83
10, 83
11, 83
13, 83
31, 83
0, 83
11, 83
24, 83
1, 83
7, 83
0, 83
1, 83
23, 83
23, 83
15, 83
23, 83
8, 83
30, 83
3, 83
9, 83
12, 83
6, 83
12, 83
22, 83
3, 83
10, 83
1, 83
23, 83
8, 83
27, 83
28, 83
7, 83
32, 83
22, 83
20, 83
9, 83
13, 83
11, 83
43, 83
26, 83
1, 83
2, 83
4, 83
7, 83
7, 83
3, 83
21, 83
3, 83
16, 83
36, 83
22, 83
3, 83
21, 83
53, 83
13, 83
23, 83
21, 83
2, 83
43, 83
13, 83
20, 83
12, 83
8, 83
52, 83
20, 83
53, 83
8, 83
29, 83
12, 83
38, 83
7, 83
12, 83
10, 83
0, 83
0, 83
22, 83
10, 83
12, 83
27, 83
5, 83
1, 83
7, 83
1, 83
22, 83
26, 83
20, 83
2, 83
34, 83
17, 83
1, 83
8, 83
0, 83
3, 83
42, 83
20, 83
12, 83
25, 83
20, 83
88, 88
74, 88
24, 88
8, 88
10, 88
16, 88
16, 88
1, 88
5, 88
21, 88
18, 88
2, 88
19, 88
18, 88
2, 88
27, 88
35, 88
12, 88
18, 88
9, 88
3, 88
53, 88
17, 88
18, 88
3, 88
29, 88
58, 88
24, 88
53, 88
10, 88
4, 88
16, 88
48, 88
3, 88
40, 88
13, 88
10, 88
77, 88
3, 88
6, 88
8, 88
3, 88
16, 88
48, 88
2, 88
8, 88
12, 88
20, 88
16, 88
15, 88
91, 91
28, 91
20, 91
39, 91
11, 91
55, 91
21, 91
32, 91
23, 91
3, 91
3, 91
62, 91
5, 91
5, 91
54, 91
2, 91
45, 91
3, 91
2, 91
8, 91
14, 91
2, 91
34, 91
14, 91
10, 91
2, 91
14, 91
12, 91
32, 91
17, 91
4, 91
68, 91
7, 91
9, 91
28, 91
25, 91
17, 91
1, 91
81, 91
9, 91
41, 91
66, 91
7, 91
25, 91
12, 91
12, 91
2, 91
16, 91
21, 91
42, 91
7, 91
122, 122
26, 122
8, 122
10, 122
8, 122
24, 122
26, 122
289, 289
106, 289
135, 289
46, 289
19, 289
32, 289
82, 289
3, 289
167, 289
9, 289
27, 289
32, 289
43, 289
15, 289
26, 289
50, 289
67, 289
51, 289
28, 289
6, 289
23, 289
63, 289
3, 289
16, 289
36, 289
8, 289
3, 289
37, 289
23, 289
7, 289
64, 289
6, 289
87, 289
8, 289
42, 289
10, 289
18, 289
43, 289
4, 289
8, 289
58, 289
11, 289
83, 289
29, 289
78, 289
31, 289
10, 289
18, 289
37, 289
23, 289
1, 289
173, 289
24, 289
27, 289
11, 289
6, 289
14, 289
5, 289
2, 289
47, 289
48, 289
29, 289
39, 289
4, 289
23, 289
18, 289
8, 289
32, 289
40, 289
48, 289
16, 289
29, 289
3, 289
17, 289
50, 289
71, 289
61, 289
8, 289
13, 289
9, 289
120, 289
21, 289
97, 289
9, 289
21, 289
54, 289
20, 289
149, 289
13, 289
28, 289
12, 289
5, 289
42, 289
10, 289
12, 289
79, 289
11, 289
11, 289
5, 289
3, 289
13, 289
7, 289
2, 289
46, 289
10, 289
32, 289
35, 289
10, 289
38, 289
57, 289
21, 289
3, 289
45, 289
21, 289
34, 289
5, 289
7, 289
11, 289
37, 289
22, 289
105, 289
101, 289
5, 289
17, 289
14, 289
1, 289
23, 289
156, 289
40, 289
50, 289
8, 289
48, 289
6, 289
35, 289
38, 289
7, 289
17, 289
18, 289
58, 289
13, 289
8, 289
134, 289
7, 289
68, 289
75, 289
2, 289
39, 289
2, 289
21, 289
56, 289
1, 289
48, 289
9, 289
11, 289
5, 289
7, 289
45, 289
48, 289
27, 289
16, 289
28, 289
163, 289
2, 289
15, 289
20, 289
7, 289
11, 289
32, 289
37, 289
87, 289
10, 289
77, 289
53, 289
14, 289
2, 289
60, 289
22, 289
5, 289
145, 289
32, 289
6, 289
37, 289
30, 289
70, 289
5, 289
31, 289
7, 289
35, 289
15, 289
34, 289
3, 289
36, 289
63, 289
15, 289
42, 289
43, 289
26, 289
2, 289
24, 289
11, 289
18, 289
11, 289
1, 289
42, 289
47, 289
19, 289
17, 289
7, 289
7, 289
103, 289
12, 289
6, 289
61, 289
65, 289
75, 289
74, 289
8, 289
10, 289
25, 289
52, 289
12, 289
1, 289
55, 289
24, 289
10, 289
61, 289
27, 289
138, 289
14, 289
57, 289
3, 289
22, 289
15, 289
18, 289
6, 289
93, 289
11, 289
48, 289
21, 289
36, 289
15, 289
30, 289
29, 289
46, 289
66, 289
88, 289
19, 289
47, 289
35, 289
27, 289
18, 289
96, 289
41, 289
44, 289
29, 289
41, 289
13, 289
62, 289
73, 289
51, 289
26, 289
32, 289
8, 289
87, 289
194, 289
18, 289
31, 289
152, 289
30, 289
64, 289
29, 289
38, 289
26, 289
8, 289
68, 289
43, 289
42, 289
5, 289
127, 289
125, 289
10, 289
32, 289
4, 289
28, 289
199, 289
58, 289
42, 289
57, 289
62, 289
42, 289
12, 289
28, 289
3, 289
149, 289
173, 289
30, 289
22, 289
29, 289
112, 289
46, 289
74, 289
70, 289
21, 289
145, 289
36, 289
26, 289
59, 289
23, 289
27, 289
90, 289
61, 289
102, 289
70, 289
8, 289
99, 289
33, 289
65, 289
23, 289
9, 289
102, 289
14, 289
33, 289
124, 289
157, 289
75, 289
10, 289
60, 289
7, 289
65, 289
14, 289
32, 289
81, 289
18, 289
63, 289
104, 289
119, 289
151, 289
12, 289
24, 289
145, 289
96, 289
36, 289
104, 289
50, 289
99, 289
92, 289
34, 289
60, 289
92, 289
143, 289
4, 289
37, 289
16, 289
17, 289
36, 289
57, 289
169, 289
235, 289
41, 289
20, 289
57, 289
68, 289
8, 289
28, 289
5, 289
198, 289
63, 289
117, 289
69, 289
62, 289
44, 289
14, 289
49, 289
2, 289
106, 289
2, 289
144, 289
22, 289
5, 289
221, 289
105, 289
134, 289
33, 289
55, 289
130, 289
28, 289
110, 289
123, 289
15, 289
54, 289
35, 289
66, 289
49, 289
18, 289
17, 289
22, 289
98, 289
230, 289
64, 289
43, 289
140, 289
14, 289
27, 289
226, 289
48, 289
31, 289
148, 289
159, 289
38, 289
118, 289
89, 289
186, 289
81, 289
46, 289
37, 289
59, 289
54, 289
71, 289
36, 289
27, 289
61, 289
38, 289
149, 289
14, 289
198, 289
87, 289
35, 289
13, 289
31, 289
415, 415
126, 415
145, 415
45, 415
167, 415
40, 415
286, 415
110, 415
192, 415
171, 415
47, 415
95, 415
122, 415
108, 415
79, 415
130, 415
203, 415
49, 415
31, 415
62, 415
175, 415
77, 415
232, 415
96, 415
52, 415
126, 415
36, 415
101, 415
77, 415
14, 415
72, 415
6, 415
40, 415
204, 415
114, 415
5, 415
141, 415
122, 415
90, 415
46, 415
91, 415
15, 415
52, 415
889, 889
158, 889
47, 889
167, 889
28, 889
414, 889
53, 889
5, 889
262, 889
420, 889
522, 889
365, 889
17, 889
195, 889
247, 889
181, 889
367, 889
50, 889
130, 889
15, 889
281, 889
78, 889
75, 889
240, 889
100, 889
33, 889
49, 889
135, 889
141, 889
89, 889
183, 889
121, 889
11, 889
189, 889
241, 889
21, 889
308, 889
259, 889
453, 889
30, 889
37, 889
64, 889
374, 889
74, 889
101, 889
131, 889
63, 889
1233, 1233
401, 1233
449014, 449014
