#Algorithm: Qlearning, Speed: 1, Boost: 1, PM: False, Env size: (20, 20), Car size: (5, 4),
#Counter: 100, Nsteps: 1000000, Gamma: 1, LearnRate: 0.01, Eps: 0.5, Epsdecay: 0.9
0, 0
2, 2
0, 2
1, 2
0, 2
0, 2
0, 2
0, 2
0, 2
1, 2
0, 2
6, 6
3, 6
1, 6
0, 6
3, 6
1, 6
8, 8
2, 8
2, 8
0, 8
10, 10
0, 10
2, 10
1, 10
0, 10
1, 10
5, 10
0, 10
3, 10
0, 10
1, 10
0, 10
1, 10
0, 10
2, 10
6, 10
1, 10
1, 10
4, 10
2, 10
0, 10
1, 10
2, 10
1, 10
0, 10
0, 10
0, 10
1, 10
1, 10
3, 10
1, 10
0, 10
0, 10
3, 10
4, 10
4, 10
0, 10
3, 10
3, 10
0, 10
1, 10
0, 10
3, 10
5, 10
8, 10
0, 10
2, 10
0, 10
0, 10
3, 10
1, 10
0, 10
1, 10
0, 10
3, 10
1, 10
1, 10
0, 10
1, 10
2, 10
0, 10
4, 10
3, 10
4, 10
1, 10
3, 10
2, 10
1, 10
0, 10
0, 10
1, 10
1, 10
2, 10
8, 10
3, 10
2, 10
5, 10
9, 10
2, 10
3, 10
10, 10
1, 10
4, 10
6, 10
0, 10
8, 10
5, 10
6, 10
24, 24
7, 24
1, 24
23, 24
10, 24
21, 24
17, 24
33, 33
32, 33
2, 33
7, 33
11, 33
2, 33
0, 33
5, 33
4, 33
0, 33
15, 33
13, 33
9, 33
12, 33
3, 33
5, 33
0, 33
5, 33
30, 33
22, 33
1, 33
16, 33
8, 33
25, 33
11, 33
18, 33
3, 33
0, 33
8, 33
1, 33
0, 33
3, 33
18, 33
13, 33
3, 33
16, 33
8, 33
12, 33
16, 33
8, 33
13, 33
9, 33
0, 33
1, 33
1, 33
23, 33
25, 33
0, 33
5, 33
8, 33
10, 33
6, 33
5, 33
9, 33
3, 33
30, 33
1, 33
1, 33
0, 33
0, 33
32, 33
10, 33
13, 33
16, 33
19, 33
11, 33
7, 33
0, 33
7, 33
53, 53
2, 53
5, 53
12, 53
1, 53
2, 53
22, 53
0, 53
2, 53
0, 53
8, 53
1, 53
18, 53
0, 53
6, 53
5, 53
1, 53
1, 53
7, 53
9, 53
9, 53
0, 53
3, 53
0, 53
3, 53
3, 53
3, 53
5, 53
2, 53
4, 53
0, 53
0, 53
4, 53
19, 53
3, 53
2, 53
6, 53
6, 53
0, 53
3, 53
9, 53
6, 53
17, 53
14, 53
4, 53
11, 53
14, 53
22, 53
24, 53
50, 53
15, 53
15, 53
21, 53
14, 53
8, 53
23, 53
6, 53
0, 53
11, 53
2, 53
10, 53
4, 53
1, 53
2, 53
11, 53
8, 53
1, 53
4, 53
4, 53
13, 53
1, 53
12, 53
2, 53
0, 53
9, 53
8, 53
5, 53
6, 53
7, 53
4, 53
9, 53
0, 53
4, 53
0, 53
1, 53
1, 53
0, 53
1, 53
2, 53
14, 53
5, 53
8, 53
0, 53
0, 53
9, 53
0, 53
0, 53
24, 53
4, 53
2, 53
2, 53
40, 53
5, 53
0, 53
10, 53
6, 53
1, 53
1, 53
4, 53
7, 53
2, 53
2, 53
0, 53
5, 53
6, 53
7, 53
4, 53
0, 53
2, 53
10, 53
5, 53
4, 53
7, 53
17, 53
2, 53
5, 53
12, 53
10, 53
3, 53
0, 53
0, 53
1, 53
2, 53
4, 53
16, 53
1, 53
21, 53
8, 53
0, 53
0, 53
10, 53
2, 53
5, 53
4, 53
10, 53
1, 53
3, 53
4, 53
12, 53
0, 53
18, 53
19, 53
13, 53
9, 53
2, 53
4, 53
6, 53
26, 53
9, 53
26, 53
36, 53
24, 53
3, 53
21, 53
4, 53
11, 53
17, 53
2, 53
11, 53
1, 53
5, 53
1, 53
3, 53
0, 53
6, 53
35, 53
18, 53
4, 53
4, 53
17, 53
30, 53
15, 53
14, 53
12, 53
7, 53
18, 53
24, 53
13, 53
24, 53
18, 53
18, 53
22, 53
13, 53
30, 53
9, 53
19, 53
16, 53
27, 53
31, 53
8, 53
5, 53
28, 53
39, 53
13, 53
14, 53
26, 53
38, 53
11, 53
8, 53
20, 53
34, 53
26, 53
3, 53
21, 53
19, 53
32, 53
5, 53
29, 53
13, 53
5, 53
9, 53
13, 53
10, 53
10, 53
19, 53
59, 59
48, 59
35, 59
39, 59
10, 59
11, 59
13, 59
13, 59
6, 59
17, 59
28, 59
7, 59
17, 59
27, 59
19, 59
29, 59
33, 59
46, 59
18, 59
11, 59
39, 59
22, 59
44, 59
13, 59
13, 59
6, 59
12, 59
24, 59
81, 81
35, 81
36, 81
6, 81
15, 81
10, 81
17, 81
41, 81
5, 81
8, 81
8, 81
10, 81
63, 81
29, 81
39, 81
15, 81
16, 81
6, 81
17, 81
15, 81
29, 81
24, 81
35, 81
9, 81
37, 81
5, 81
25, 81
11, 81
38, 81
55, 81
7, 81
16, 81
8, 81
18, 81
5, 81
47, 81
10, 81
29, 81
6, 81
32, 81
33, 81
33, 81
26, 81
13, 81
31, 81
42, 81
31, 81
21, 81
4, 81
18, 81
37, 81
6, 81
5, 81
11, 81
32, 81
8, 81
30, 81
12, 81
14, 81
10, 81
24, 81
33, 81
7, 81
15, 81
35, 81
14, 81
14, 81
17, 81
51, 81
44, 81
9, 81
82, 82
9, 82
17, 82
6, 82
11, 82
19, 82
37, 82
11, 82
15, 82
54, 82
7, 82
9, 82
20, 82
8, 82
13, 82
13, 82
37, 82
32, 82
23, 82
9, 82
34, 82
43, 82
6, 82
26, 82
26, 82
47, 82
18, 82
42, 82
17, 82
44, 82
5, 82
50, 82
17, 82
64, 82
25, 82
9, 82
21, 82
30, 82
9, 82
8, 82
12, 82
18, 82
35, 82
27, 82
25, 82
18, 82
50, 82
9, 82
52, 82
10, 82
29, 82
22, 82
3, 82
26, 82
7, 82
9, 82
5, 82
32, 82
21, 82
21, 82
26, 82
18, 82
22, 82
26, 82
18, 82
26, 82
35, 82
24, 82
6, 82
77, 82
9, 82
16, 82
48, 82
9, 82
8, 82
7, 82
21, 82
6, 82
8, 82
18, 82
22, 82
9, 82
24, 82
33, 82
80, 82
39, 82
42, 82
10, 82
5, 82
14, 82
16, 82
6, 82
31, 82
38, 82
21, 82
17, 82
28, 82
27, 82
14, 82
5, 82
21, 82
8, 82
12, 82
4, 82
14, 82
15, 82
32, 82
16, 82
23, 82
5, 82
27, 82
10, 82
19, 82
14, 82
61, 82
19, 82
11, 82
25, 82
20, 82
13, 82
29, 82
43, 82
52, 82
42, 82
17, 82
32, 82
17, 82
26, 82
17, 82
7, 82
26, 82
8, 82
5, 82
57, 82
13, 82
43, 82
29, 82
13, 82
9, 82
12, 82
20, 82
12, 82
25, 82
29, 82
6, 82
23, 82
9, 82
12, 82
39, 82
36, 82
6, 82
11, 82
12, 82
22, 82
22, 82
18, 82
17, 82
17, 82
33, 82
41, 82
7, 82
33, 82
9, 82
4, 82
12, 82
53, 82
17, 82
18, 82
17, 82
53, 82
28, 82
35, 82
10, 82
12, 82
15, 82
11, 82
7, 82
7, 82
14, 82
26, 82
8, 82
17, 82
9, 82
27, 82
17, 82
5, 82
18, 82
9, 82
11, 82
27, 82
47, 82
26, 82
25, 82
16, 82
14, 82
14, 82
29, 82
40, 82
12, 82
11, 82
15, 82
45, 82
24, 82
18, 82
82, 82
41, 82
59, 82
11, 82
65, 82
36, 82
52, 82
28, 82
40, 82
14, 82
40, 82
19, 82
70, 82
48, 82
34, 82
21, 82
15, 82
21, 82
22, 82
5, 82
17, 82
40, 82
43, 82
67, 82
6, 82
30, 82
13, 82
11, 82
22, 82
22, 82
25, 82
16, 82
18, 82
31, 82
24, 82
6, 82
81, 82
27, 82
14, 82
15, 82
16, 82
3, 82
51, 82
7, 82
49, 82
8, 82
5, 82
14, 82
23, 82
61, 82
8, 82
24, 82
10, 82
14, 82
54, 82
29, 82
21, 82
40, 82
21, 82
32, 82
18, 82
69, 82
31, 82
4, 82
37, 82
30, 82
21, 82
21, 82
19, 82
8, 82
44, 82
40, 82
86, 86
66, 86
22, 86
7, 86
17, 86
30, 86
20, 86
48, 86
22, 86
4, 86
77, 86
45, 86
6, 86
5, 86
11, 86
46, 86
7, 86
22, 86
16, 86
9, 86
7, 86
61, 86
7, 86
42, 86
5, 86
15, 86
35, 86
17, 86
11, 86
8, 86
13, 86
8, 86
46, 86
14, 86
42, 86
34, 86
39, 86
21, 86
20, 86
2, 86
40, 86
3, 86
7, 86
29, 86
8, 86
14, 86
50, 86
10, 86
12, 86
10, 86
29, 86
23, 86
22, 86
8, 86
6, 86
17, 86
27, 86
26, 86
38, 86
9, 86
36, 86
18, 86
12, 86
16, 86
22, 86
7, 86
8, 86
50, 86
11, 86
26, 86
16, 86
47, 86
11, 86
10, 86
23, 86
8, 86
6, 86
10, 86
12, 86
9, 86
43, 86
50, 86
65, 86
25, 86
22, 86
21, 86
49, 86
14, 86
40, 86
45, 86
24, 86
28, 86
69, 86
6, 86
29, 86
18, 86
60, 86
18, 86
2, 86
56, 86
27, 86
21, 86
6, 86
19, 86
30, 86
20, 86
17, 86
10, 86
13, 86
28, 86
13, 86
51, 86
47, 86
10, 86
30, 86
17, 86
96, 96
23, 96
12, 96
16, 96
31, 96
8, 96
26, 96
23, 96
4, 96
13, 96
27, 96
56, 96
22, 96
8, 96
9, 96
23, 96
73, 96
8, 96
11, 96
10, 96
7, 96
45, 96
39, 96
32, 96
17, 96
18, 96
32, 96
23, 96
32, 96
11, 96
19, 96
10, 96
23, 96
22, 96
18, 96
36, 96
28, 96
10, 96
31, 96
35, 96
29, 96
21, 96
19, 96
27, 96
7, 96
8, 96
2, 96
50, 96
22, 96
12, 96
29, 96
8, 96
27, 96
8, 96
25, 96
35, 96
28, 96
11, 96
12, 96
26, 96
9, 96
54, 96
13, 96
25, 96
64, 96
28, 96
4, 96
27, 96
16, 96
69, 96
14, 96
30, 96
39, 96
14, 96
20, 96
32, 96
24, 96
23, 96
20, 96
17, 96
17, 96
25, 96
19, 96
69, 96
4, 96
30, 96
13, 96
9, 96
19, 96
25, 96
3, 96
35, 96
34, 96
20, 96
49, 96
22, 96
19, 96
7, 96
13, 96
10, 96
93, 96
9, 96
12, 96
28, 96
8, 96
49, 96
13, 96
26, 96
9, 96
28, 96
54, 96
4, 96
13, 96
12, 96
18, 96
27, 96
20, 96
39, 96
43, 96
17, 96
26, 96
56, 96
28, 96
51, 96
47, 96
38, 96
18, 96
6, 96
7, 96
59, 96
10, 96
51, 96
13, 96
35, 96
36, 96
29, 96
15, 96
16, 96
5, 96
22, 96
20, 96
15, 96
60, 96
19, 96
3, 96
7, 96
20, 96
19, 96
18, 96
28, 96
12, 96
17, 96
9, 96
11, 96
38, 96
30, 96
19, 96
15, 96
22, 96
8, 96
21, 96
20, 96
48, 96
20, 96
19, 96
5, 96
39, 96
11, 96
13, 96
27, 96
18, 96
43, 96
13, 96
37, 96
21, 96
11, 96
2, 96
11, 96
25, 96
7, 96
10, 96
13, 96
28, 96
8, 96
32, 96
35, 96
4, 96
18, 96
40, 96
14, 96
34, 96
9, 96
17, 96
16, 96
9, 96
10, 96
11, 96
19, 96
12, 96
23, 96
16, 96
34, 96
53, 96
33, 96
50, 96
39, 96
21, 96
20, 96
12, 96
8, 96
38, 96
10, 96
29, 96
4, 96
9, 96
20, 96
10, 96
51, 96
12, 96
17, 96
12, 96
74, 96
11, 96
47, 96
42, 96
22, 96
21, 96
4, 96
27, 96
29, 96
41, 96
24, 96
14, 96
8, 96
15, 96
12, 96
12, 96
15, 96
23, 96
8, 96
9, 96
14, 96
44, 96
25, 96
16, 96
14, 96
53, 96
17, 96
7, 96
53, 96
11, 96
40, 96
21, 96
30, 96
12, 96
29, 96
13, 96
29, 96
10, 96
14, 96
6, 96
25, 96
82, 96
10, 96
58, 96
4, 96
22, 96
17, 96
58, 96
9, 96
12, 96
13, 96
15, 96
6, 96
7, 96
10, 96
23, 96
22, 96
14, 96
4, 96
78, 96
5, 96
21, 96
26, 96
10, 96
34, 96
53, 96
16, 96
17, 96
12, 96
36, 96
59, 96
27, 96
38, 96
35, 96
55, 96
41, 96
25, 96
46, 96
10, 96
30, 96
57, 96
12, 96
54, 96
26, 96
38, 96
24, 96
13, 96
21, 96
17, 96
14, 96
28, 96
15, 96
42, 96
17, 96
33, 96
31, 96
12, 96
23, 96
7, 96
17, 96
11, 96
30, 96
30, 96
37, 96
14, 96
38, 96
5, 96
22, 96
47, 96
10, 96
39, 96
5, 96
23, 96
100, 100
20, 100
23, 100
67, 100
6, 100
16, 100
23, 100
30, 100
18, 100
16, 100
20, 100
26, 100
14, 100
19, 100
14, 100
16, 100
11, 100
15, 100
39, 100
18, 100
56, 100
6, 100
28, 100
4, 100
25, 100
9, 100
10, 100
51, 100
39, 100
22, 100
3, 100
3, 100
36, 100
31, 100
61, 100
9, 100
15, 100
20, 100
44, 100
28, 100
37, 100
6, 100
8, 100
25, 100
43, 100
48, 100
24, 100
71, 100
16, 100
36, 100
14, 100
9, 100
19, 100
8, 100
5, 100
33, 100
12, 100
20, 100
5, 100
18, 100
36, 100
16, 100
16, 100
8, 100
32, 100
12, 100
36, 100
27, 100
18, 100
26, 100
6, 100
35, 100
7, 100
40, 100
24, 100
91, 100
34, 100
25, 100
11, 100
10, 100
11, 100
24, 100
14, 100
16, 100
26, 100
23, 100
8, 100
16, 100
3, 100
24, 100
68, 100
44, 100
23, 100
5, 100
29, 100
28, 100
3, 100
13, 100
10, 100
9, 100
24, 100
38, 100
31, 100
9, 100
20, 100
67, 100
8, 100
11, 100
102, 102
50, 102
2, 102
11, 102
21, 102
15, 102
32, 102
22, 102
51, 102
24, 102
21, 102
15, 102
26, 102
4, 102
28, 102
22, 102
42, 102
27, 102
25, 102
21, 102
11, 102
36, 102
47, 102
7, 102
39, 102
8, 102
47, 102
30, 102
9, 102
38, 102
2, 102
15, 102
8, 102
11, 102
33, 102
27, 102
26, 102
33, 102
32, 102
8, 102
8, 102
52, 102
13, 102
20, 102
21, 102
45, 102
14, 102
56, 102
21, 102
10, 102
9, 102
21, 102
39, 102
42, 102
13, 102
56, 102
13, 102
45, 102
11, 102
17, 102
27, 102
20, 102
5, 102
20, 102
18, 102
26, 102
6, 102
47, 102
6, 102
26, 102
20, 102
13, 102
11, 102
20, 102
19, 102
71, 102
50, 102
4, 102
9, 102
51, 102
20, 102
9, 102
12, 102
9, 102
45, 102
18, 102
52, 102
10, 102
10, 102
15, 102
7, 102
17, 102
5, 102
29, 102
10, 102
11, 102
22, 102
43, 102
6, 102
9, 102
15, 102
15, 102
19, 102
18, 102
11, 102
11, 102
37, 102
71, 102
4, 102
5, 102
21, 102
6, 102
32, 102
8, 102
48, 102
40, 102
12, 102
33, 102
27, 102
11, 102
55, 102
26, 102
7, 102
7, 102
12, 102
16, 102
5, 102
29, 102
10, 102
21, 102
17, 102
37, 102
16, 102
31, 102
2, 102
10, 102
10, 102
15, 102
19, 102
15, 102
4, 102
8, 102
16, 102
96, 102
24, 102
38, 102
34, 102
55, 102
84, 102
11, 102
13, 102
14, 102
11, 102
51, 102
44, 102
17, 102
23, 102
16, 102
30, 102
42, 102
6, 102
22, 102
18, 102
15, 102
27, 102
30, 102
16, 102
9, 102
41, 102
14, 102
21, 102
28, 102
79, 102
9, 102
12, 102
31, 102
18, 102
50, 102
14, 102
29, 102
18, 102
29, 102
13, 102
9, 102
15, 102
20, 102
14, 102
9, 102
12, 102
34, 102
39, 102
14, 102
36, 102
2, 102
4, 102
32, 102
53, 102
17, 102
27, 102
9, 102
9, 102
8, 102
32, 102
26, 102
57, 102
36, 102
13, 102
25, 102
13, 102
8, 102
41, 102
35, 102
7, 102
24, 102
4, 102
17, 102
51, 102
47, 102
18, 102
31, 102
10, 102
3, 102
9, 102
19, 102
9, 102
6, 102
18, 102
14, 102
9, 102
32, 102
41, 102
3, 102
10, 102
13, 102
13, 102
31, 102
10, 102
16, 102
38, 102
24, 102
47, 102
13, 102
16, 102
18, 102
14, 102
25, 102
8, 102
23, 102
36, 102
20, 102
12, 102
53, 102
65, 102
13, 102
18, 102
13, 102
39, 102
22, 102
45, 102
27, 102
27, 102
4, 102
21, 102
27, 102
61, 102
20, 102
19, 102
12, 102
20, 102
17, 102
26, 102
21, 102
6, 102
106, 106
10, 106
16, 106
34, 106
12, 106
28, 106
6, 106
19, 106
27, 106
18, 106
15, 106
28, 106
17, 106
5, 106
7, 106
28, 106
3, 106
23, 106
44, 106
8, 106
40, 106
13, 106
6, 106
7, 106
40, 106
36, 106
12, 106
49, 106
29, 106
13, 106
24, 106
50, 106
26, 106
18, 106
18, 106
16, 106
5, 106
58, 106
9, 106
12, 106
43, 106
16, 106
9, 106
29, 106
16, 106
9, 106
19, 106
42, 106
29, 106
16, 106
13, 106
15, 106
24, 106
30, 106
10, 106
14, 106
23, 106
27, 106
60, 106
19, 106
35, 106
50, 106
15, 106
18, 106
14, 106
27, 106
25, 106
14, 106
35, 106
14, 106
52, 106
32, 106
20, 106
16, 106
71, 106
15, 106
5, 106
14, 106
13, 106
4, 106
19, 106
10, 106
25, 106
20, 106
48, 106
73, 106
5, 106
6, 106
18, 106
4, 106
21, 106
35, 106
9, 106
21, 106
25, 106
21, 106
11, 106
18, 106
36, 106
40, 106
19, 106
16, 106
22, 106
21, 106
38, 106
17, 106
33, 106
39, 106
41, 106
7, 106
32, 106
20, 106
28, 106
14, 106
4, 106
14, 106
32, 106
31, 106
29, 106
12, 106
27, 106
16, 106
61, 106
18, 106
20, 106
33, 106
22, 106
18, 106
21, 106
8, 106
12, 106
19, 106
32, 106
11, 106
14, 106
29, 106
36, 106
8, 106
19, 106
40, 106
34, 106
75, 106
64, 106
24, 106
8, 106
12, 106
14, 106
14, 106
14, 106
33, 106
27, 106
22, 106
9, 106
16, 106
36, 106
15, 106
11, 106
18, 106
25, 106
18, 106
31, 106
19, 106
4, 106
15, 106
35, 106
17, 106
2, 106
32, 106
47, 106
18, 106
56, 106
18, 106
18, 106
14, 106
31, 106
31, 106
72, 106
7, 106
2, 106
20, 106
36, 106
14, 106
21, 106
5, 106
4, 106
11, 106
28, 106
23, 106
9, 106
26, 106
61, 106
44, 106
39, 106
27, 106
17, 106
60, 106
48, 106
25, 106
22, 106
11, 106
20, 106
13, 106
29, 106
6, 106
19, 106
31, 106
48, 106
8, 106
1, 106
28, 106
18, 106
28, 106
51, 106
24, 106
35, 106
27, 106
5, 106
21, 106
26, 106
41, 106
11, 106
20, 106
47, 106
16, 106
18, 106
8, 106
7, 106
17, 106
13, 106
22, 106
6, 106
64, 106
24, 106
27, 106
6, 106
14, 106
20, 106
21, 106
5, 106
22, 106
65, 106
16, 106
32, 106
39, 106
7, 106
30, 106
21, 106
12, 106
2, 106
21, 106
9, 106
12, 106
39, 106
37, 106
37, 106
19, 106
27, 106
28, 106
15, 106
31, 106
6, 106
5, 106
8, 106
53, 106
16, 106
31, 106
46, 106
20, 106
48, 106
23, 106
5, 106
9, 106
66, 106
10, 106
5, 106
29, 106
15, 106
9, 106
25, 106
14, 106
15, 106
13, 106
10, 106
5, 106
3, 106
41, 106
36, 106
49, 106
17, 106
6, 106
52, 106
16, 106
6, 106
43, 106
52, 106
3, 106
8, 106
6, 106
9, 106
11, 106
24, 106
18, 106
3, 106
9, 106
55, 106
61, 106
13, 106
25, 106
28, 106
18, 106
38, 106
14, 106
54, 106
39, 106
18, 106
38, 106
18, 106
8, 106
37, 106
2, 106
15, 106
3, 106
57, 106
32, 106
24, 106
38, 106
59, 106
18, 106
9, 106
4, 106
27, 106
11, 106
15, 106
16, 106
13, 106
5, 106
4, 106
9, 106
30, 106
41, 106
49, 106
3, 106
12, 106
6, 106
15, 106
37, 106
65, 106
38, 106
13, 106
11, 106
10, 106
26, 106
20, 106
36, 106
17, 106
10, 106
10, 106
28, 106
9, 106
16, 106
22, 106
31, 106
8, 106
19, 106
90, 106
10, 106
62, 106
20, 106
29, 106
24, 106
86, 106
28, 106
6, 106
27, 106
67, 106
45, 106
21, 106
34, 106
16, 106
30, 106
14, 106
10, 106
24, 106
114, 114
25, 114
18, 114
52, 114
22, 114
10, 114
15, 114
6, 114
9, 114
22, 114
62, 114
20, 114
92, 114
27, 114
60, 114
24, 114
15, 114
21, 114
28, 114
42, 114
31, 114
14, 114
27, 114
34, 114
26, 114
11, 114
18, 114
31, 114
41, 114
20, 114
39, 114
62, 114
2, 114
53, 114
15, 114
22, 114
13, 114
21, 114
19, 114
18, 114
10, 114
57, 114
50, 114
39, 114
7, 114
10, 114
50, 114
21, 114
25, 114
17, 114
13, 114
16, 114
14, 114
10, 114
7, 114
6, 114
36, 114
30, 114
17, 114
13, 114
22, 114
15, 114
7, 114
13, 114
27, 114
25, 114
35, 114
6, 114
52, 114
9, 114
17, 114
11, 114
90, 114
16, 114
58, 114
4, 114
38, 114
27, 114
17, 114
13, 114
3, 114
16, 114
18, 114
5, 114
4, 114
7, 114
28, 114
21, 114
34, 114
16, 114
44, 114
9, 114
15, 114
7, 114
8, 114
5, 114
23, 114
15, 114
25, 114
4, 114
38, 114
8, 114
64, 114
15, 114
58, 114
6, 114
5, 114
60, 114
10, 114
11, 114
5, 114
9, 114
3, 114
17, 114
14, 114
14, 114
13, 114
18, 114
101, 114
67, 114
38, 114
34, 114
18, 114
5, 114
27, 114
19, 114
42, 114
23, 114
8, 114
10, 114
20, 114
11, 114
20, 114
39, 114
27, 114
23, 114
20, 114
19, 114
9, 114
10, 114
17, 114
15, 114
31, 114
43, 114
81, 114
12, 114
3, 114
35, 114
16, 114
85, 114
16, 114
21, 114
34, 114
22, 114
43, 114
7, 114
14, 114
14, 114
8, 114
5, 114
9, 114
8, 114
4, 114
27, 114
18, 114
13, 114
5, 114
13, 114
18, 114
23, 114
27, 114
69, 114
11, 114
29, 114
22, 114
11, 114
2, 114
5, 114
13, 114
38, 114
7, 114
2, 114
52, 114
24, 114
4, 114
11, 114
5, 114
13, 114
16, 114
20, 114
4, 114
51, 114
12, 114
10, 114
7, 114
48, 114
75, 114
37, 114
12, 114
23, 114
16, 114
5, 114
18, 114
24, 114
11, 114
5, 114
76, 114
22, 114
24, 114
78, 114
15, 114
4, 114
6, 114
27, 114
49, 114
37, 114
10, 114
6, 114
30, 114
24, 114
21, 114
22, 114
33, 114
16, 114
28, 114
21, 114
20, 114
8, 114
18, 114
27, 114
8, 114
31, 114
5, 114
19, 114
5, 114
13, 114
16, 114
24, 114
42, 114
10, 114
22, 114
16, 114
20, 114
28, 114
35, 114
6, 114
3, 114
16, 114
5, 114
32, 114
34, 114
56, 114
20, 114
15, 114
15, 114
16, 114
13, 114
34, 114
36, 114
25, 114
15, 114
20, 114
25, 114
19, 114
15, 114
29, 114
15, 114
17, 114
11, 114
9, 114
9, 114
29, 114
10, 114
24, 114
24, 114
58, 114
12, 114
29, 114
28, 114
83, 114
14, 114
33, 114
12, 114
40, 114
36, 114
79, 114
70, 114
25, 114
42, 114
19, 114
32, 114
20, 114
11, 114
51, 114
15, 114
12, 114
29, 114
14, 114
26, 114
11, 114
32, 114
1, 114
23, 114
30, 114
37, 114
16, 114
9, 114
64, 114
72, 114
66, 114
13, 114
18, 114
60, 114
75, 114
17, 114
57, 114
11, 114
4, 114
9, 114
42, 114
10, 114
19, 114
22, 114
14, 114
15, 114
5, 114
32, 114
6, 114
12, 114
10, 114
23, 114
23, 114
6, 114
