#Algorithm: Qlearning, Speed: 1, Boost: 1, PM: False, Env size: (20, 20), Car size: (5, 4),
#Counter: 10000000, Nsteps: 1000000, Gamma: 1, LearnRate: 0.01, Eps: 0.5, Epsdecay: 0.9
7, 7
0, 7
4, 7
0, 7
0, 7
3, 7
3, 7
0, 7
4, 7
0, 7
5, 7
2, 7
5, 7
10, 10
0, 10
9, 10
0, 10
5, 10
10, 10
2, 10
2, 10
0, 10
9, 10
4, 10
3, 10
2, 10
0, 10
3, 10
21, 21
4, 21
9, 21
10, 21
4, 21
3, 21
1, 21
2, 21
0, 21
0, 21
13, 21
3, 21
1, 21
5, 21
2, 21
13, 21
2, 21
3, 21
0, 21
0, 21
6, 21
0, 21
3, 21
3, 21
5, 21
3, 21
6, 21
1, 21
12, 21
0, 21
9, 21
0, 21
5, 21
14, 21
0, 21
1, 21
6, 21
6, 21
2, 21
7, 21
3, 21
2, 21
2, 21
3, 21
2, 21
0, 21
0, 21
0, 21
1, 21
1, 21
5, 21
0, 21
0, 21
3, 21
17, 21
1, 21
4, 21
5, 21
2, 21
22, 22
0, 22
0, 22
2, 22
8, 22
5, 22
1, 22
14, 22
0, 22
5, 22
6, 22
2, 22
1, 22
8, 22
10, 22
0, 22
4, 22
8, 22
5, 22
1, 22
15, 22
18, 22
23, 23
8, 23
7, 23
2, 23
3, 23
10, 23
19, 23
40, 40
6, 40
21, 40
11, 40
19, 40
0, 40
11, 40
4, 40
2, 40
10, 40
7, 40
17, 40
16, 40
18, 40
28, 40
12, 40
25, 40
2, 40
15, 40
2, 40
14, 40
5, 40
0, 40
5, 40
15, 40
5, 40
0, 40
14, 40
23, 40
2, 40
13, 40
5, 40
21, 40
7, 40
0, 40
5, 40
23, 40
7, 40
20, 40
13, 40
13, 40
7, 40
20, 40
3, 40
5, 40
19, 40
1, 40
9, 40
5, 40
20, 40
3, 40
1, 40
31, 40
45, 45
1, 45
4, 45
0, 45
5, 45
24, 45
19, 45
5, 45
12, 45
3, 45
27, 45
2, 45
9, 45
3, 45
40, 45
12, 45
7, 45
13, 45
29, 45
2, 45
4, 45
6, 45
6, 45
4, 45
22, 45
30, 45
20, 45
68, 68
11, 68
51, 68
34, 68
13, 68
10, 68
1, 68
0, 68
7, 68
10, 68
18, 68
0, 68
21, 68
12, 68
0, 68
14, 68
11, 68
2, 68
13, 68
10, 68
3, 68
9, 68
5, 68
2, 68
3, 68
9, 68
7, 68
15, 68
15, 68
9, 68
21, 68
11, 68
8, 68
53, 68
22, 68
12, 68
8, 68
0, 68
2, 68
17, 68
0, 68
10, 68
10, 68
32, 68
4, 68
11, 68
29, 68
7, 68
13, 68
6, 68
7, 68
5, 68
33, 68
9, 68
7, 68
4, 68
42, 68
8, 68
20, 68
6, 68
12, 68
27, 68
7, 68
12, 68
12, 68
0, 68
1, 68
9, 68
0, 68
2, 68
2, 68
0, 68
2, 68
1, 68
0, 68
0, 68
13, 68
10, 68
2, 68
6, 68
0, 68
0, 68
1, 68
0, 68
6, 68
48, 68
9, 68
15, 68
3, 68
20, 68
20, 68
0, 68
6, 68
4, 68
0, 68
1, 68
8, 68
2, 68
18, 68
9, 68
0, 68
0, 68
0, 68
3, 68
0, 68
7, 68
0, 68
0, 68
2, 68
0, 68
7, 68
1, 68
3, 68
9, 68
3, 68
16, 68
3, 68
3, 68
2, 68
0, 68
5, 68
7, 68
0, 68
5, 68
16, 68
12, 68
5, 68
1, 68
11, 68
2, 68
8, 68
3, 68
7, 68
8, 68
0, 68
9, 68
0, 68
7, 68
1, 68
6, 68
9, 68
0, 68
4, 68
6, 68
5, 68
13, 68
8, 68
19, 68
22, 68
2, 68
1, 68
6, 68
7, 68
0, 68
1, 68
2, 68
15, 68
6, 68
6, 68
1, 68
8, 68
0, 68
20, 68
6, 68
1, 68
1, 68
3, 68
3, 68
2, 68
3, 68
0, 68
5, 68
5, 68
4, 68
8, 68
39, 68
5, 68
9, 68
11, 68
19, 68
17, 68
1, 68
0, 68
15, 68
1, 68
5, 68
23, 68
6, 68
17, 68
10, 68
41, 68
13, 68
10, 68
15, 68
2, 68
1, 68
2, 68
24, 68
9, 68
13, 68
26, 68
2, 68
4, 68
8, 68
3, 68
11, 68
8, 68
4, 68
2, 68
10, 68
9, 68
4, 68
5, 68
5, 68
7, 68
4, 68
7, 68
8, 68
5, 68
5, 68
8, 68
4, 68
7, 68
7, 68
3, 68
5, 68
1, 68
16, 68
10, 68
6, 68
7, 68
1, 68
5, 68
4, 68
6, 68
10, 68
2, 68
2, 68
9, 68
6, 68
9, 68
11, 68
11, 68
10, 68
6, 68
1, 68
10, 68
1, 68
9, 68
3, 68
3, 68
5, 68
4, 68
8, 68
4, 68
7, 68
11, 68
2, 68
15, 68
11, 68
4, 68
6, 68
5, 68
8, 68
8, 68
3, 68
1, 68
2, 68
5, 68
11, 68
5, 68
7, 68
4, 68
2, 68
12, 68
3, 68
5, 68
3, 68
2, 68
3, 68
7, 68
7, 68
4, 68
6, 68
4, 68
4, 68
1, 68
7, 68
11, 68
5, 68
3, 68
4, 68
5, 68
6, 68
5, 68
6, 68
1, 68
1, 68
11, 68
6, 68
9, 68
4, 68
2, 68
8, 68
5, 68
1, 68
5, 68
6, 68
6, 68
3, 68
3, 68
2, 68
8, 68
21, 68
10, 68
5, 68
9, 68
2, 68
3, 68
2, 68
7, 68
4, 68
2, 68
9, 68
4, 68
8, 68
6, 68
1, 68
14, 68
12, 68
3, 68
1, 68
6, 68
8, 68
2, 68
10, 68
5, 68
4, 68
4, 68
13, 68
13, 68
7, 68
5, 68
18, 68
10, 68
11, 68
10, 68
9, 68
5, 68
3, 68
2, 68
1, 68
15, 68
3, 68
2, 68
8, 68
7, 68
2, 68
10, 68
4, 68
6, 68
4, 68
6, 68
4, 68
4, 68
7, 68
6, 68
10, 68
4, 68
3, 68
4, 68
4, 68
7, 68
2, 68
8, 68
16, 68
7, 68
10, 68
7, 68
18, 68
3, 68
7, 68
3, 68
1, 68
6, 68
5, 68
8, 68
10, 68
13, 68
6, 68
7, 68
14, 68
11, 68
6, 68
9, 68
3, 68
6, 68
6, 68
8, 68
3, 68
11, 68
4, 68
10, 68
5, 68
3, 68
5, 68
9, 68
3, 68
8, 68
1, 68
6, 68
2, 68
1, 68
6, 68
7, 68
3, 68
3, 68
8, 68
5, 68
4, 68
10, 68
12, 68
2, 68
5, 68
8, 68
6, 68
13, 68
5, 68
5, 68
1, 68
3, 68
5, 68
4, 68
8, 68
5, 68
6, 68
6, 68
4, 68
7, 68
1, 68
8, 68
10, 68
12, 68
6, 68
5, 68
4, 68
4, 68
3, 68
14, 68
9, 68
3, 68
5, 68
2, 68
2, 68
4, 68
14, 68
6, 68
9, 68
5, 68
3, 68
6, 68
6, 68
5, 68
1, 68
4, 68
2, 68
11, 68
6, 68
9, 68
12, 68
3, 68
6, 68
11, 68
20, 68
9, 68
6, 68
8, 68
2, 68
6, 68
5, 68
6, 68
10, 68
4, 68
9, 68
6, 68
3, 68
10, 68
6, 68
1, 68
5, 68
3, 68
4, 68
13, 68
6, 68
7, 68
7, 68
2, 68
10, 68
2, 68
13, 68
4, 68
6, 68
10, 68
4, 68
3, 68
4, 68
4, 68
6, 68
8, 68
2, 68
1, 68
13, 68
9, 68
2, 68
12, 68
4, 68
2, 68
14, 68
3, 68
5, 68
3, 68
4, 68
7, 68
1, 68
6, 68
12, 68
1, 68
5, 68
1, 68
11, 68
5, 68
7, 68
7, 68
20, 68
7, 68
5, 68
3, 68
8, 68
8, 68
8, 68
5, 68
9, 68
12, 68
8, 68
2, 68
2, 68
1, 68
6, 68
10, 68
4, 68
9, 68
11, 68
5, 68
10, 68
7, 68
2, 68
4, 68
7, 68
4, 68
8, 68
4, 68
3, 68
3, 68
6, 68
2, 68
7, 68
11, 68
8, 68
2, 68
8, 68
11, 68
5, 68
2, 68
1, 68
3, 68
2, 68
3, 68
11, 68
4, 68
5, 68
7, 68
20, 68
4, 68
6, 68
13, 68
13, 68
4, 68
6, 68
14, 68
2, 68
2, 68
6, 68
7, 68
3, 68
9, 68
7, 68
9, 68
5, 68
7, 68
1, 68
5, 68
2, 68
1, 68
2, 68
6, 68
9, 68
7, 68
3, 68
5, 68
4, 68
5, 68
4, 68
5, 68
9, 68
3, 68
4, 68
12, 68
3, 68
5, 68
2, 68
8, 68
5, 68
2, 68
8, 68
5, 68
3, 68
4, 68
2, 68
3, 68
6, 68
6, 68
4, 68
4, 68
15, 68
4, 68
4, 68
2, 68
3, 68
10, 68
5, 68
3, 68
5, 68
2, 68
2, 68
1, 68
4, 68
2, 68
7, 68
8, 68
12, 68
3, 68
3, 68
8, 68
3, 68
8, 68
8, 68
32, 68
11, 68
6, 68
3, 68
5, 68
7, 68
3, 68
6, 68
5, 68
10, 68
2, 68
4, 68
2, 68
5, 68
1, 68
0, 68
0, 68
2, 68
2, 68
15, 68
1, 68
0, 68
1, 68
5, 68
5, 68
4, 68
0, 68
9, 68
2, 68
10, 68
0, 68
2, 68
1, 68
2, 68
2, 68
4, 68
4, 68
3, 68
11, 68
11, 68
6, 68
3, 68
7, 68
9, 68
1, 68
2, 68
5, 68
10, 68
9, 68
1, 68
5, 68
8, 68
4, 68
18, 68
5, 68
6, 68
9, 68
14, 68
2, 68
10, 68
9, 68
8, 68
4, 68
16, 68
3, 68
5, 68
2, 68
10, 68
19, 68
1, 68
10, 68
2, 68
2, 68
10, 68
8, 68
3, 68
1, 68
5, 68
7, 68
2, 68
3, 68
3, 68
3, 68
2, 68
7, 68
3, 68
6, 68
7, 68
17, 68
10, 68
8, 68
4, 68
9, 68
9, 68
3, 68
1, 68
2, 68
1, 68
4, 68
2, 68
3, 68
11, 68
6, 68
3, 68
6, 68
5, 68
2, 68
8, 68
1, 68
2, 68
1, 68
1, 68
2, 68
5, 68
5, 68
4, 68
2, 68
5, 68
7, 68
1, 68
9, 68
4, 68
2, 68
4, 68
7, 68
4, 68
2, 68
4, 68
10, 68
3, 68
16, 68
7, 68
4, 68
6, 68
2, 68
5, 68
7, 68
6, 68
7, 68
0, 68
7, 68
0, 68
8, 68
1, 68
2, 68
0, 68
5, 68
8, 68
2, 68
3, 68
2, 68
4, 68
5, 68
3, 68
8, 68
1, 68
1, 68
3, 68
3, 68
12, 68
3, 68
4, 68
3, 68
14, 68
7, 68
10, 68
2, 68
2, 68
12, 68
3, 68
4, 68
4, 68
4, 68
2, 68
0, 68
3, 68
4, 68
10, 68
5, 68
2, 68
10, 68
2, 68
3, 68
8, 68
3, 68
7, 68
0, 68
4, 68
0, 68
1, 68
0, 68
5, 68
6, 68
7, 68
10, 68
15, 68
3, 68
8, 68
1, 68
12, 68
5, 68
2, 68
1, 68
1, 68
5, 68
1, 68
6, 68
5, 68
5, 68
1, 68
16, 68
9, 68
10, 68
1, 68
10, 68
2, 68
11, 68
4, 68
3, 68
3, 68
2, 68
1, 68
1, 68
0, 68
0, 68
0, 68
2, 68
0, 68
2, 68
0, 68
0, 68
2, 68
5, 68
2, 68
8, 68
1, 68
8, 68
8, 68
2, 68
3, 68
1, 68
12, 68
3, 68
16, 68
3, 68
3, 68
5, 68
1, 68
0, 68
1, 68
0, 68
3, 68
0, 68
1, 68
12, 68
2, 68
7, 68
1, 68
0, 68
1, 68
3, 68
1, 68
1, 68
1, 68
7, 68
4, 68
3, 68
5, 68
1, 68
7, 68
12, 68
0, 68
0, 68
8, 68
10, 68
5, 68
14, 68
3, 68
7, 68
4, 68
5, 68
3, 68
1, 68
1, 68
2, 68
0, 68
2, 68
4, 68
2, 68
1, 68
2, 68
0, 68
7, 68
17, 68
5, 68
6, 68
6, 68
10, 68
10, 68
6, 68
12, 68
4, 68
6, 68
9, 68
4, 68
9, 68
7, 68
8, 68
8, 68
12, 68
5, 68
7, 68
4, 68
5, 68
6, 68
2, 68
11, 68
20, 68
7, 68
5, 68
2, 68
13, 68
2, 68
3, 68
4, 68
6, 68
5, 68
10, 68
8, 68
1, 68
1, 68
3, 68
9, 68
6, 68
6, 68
8, 68
7, 68
5, 68
1, 68
5, 68
9, 68
3, 68
6, 68
4, 68
4, 68
2, 68
8, 68
4, 68
8, 68
4, 68
1, 68
3, 68
7, 68
4, 68
6, 68
19, 68
1, 68
3, 68
15, 68
15, 68
13, 68
7, 68
6, 68
7, 68
4, 68
3, 68
2, 68
3, 68
9, 68
7, 68
2, 68
5, 68
1, 68
6, 68
4, 68
5, 68
5, 68
8, 68
1, 68
5, 68
5, 68
15, 68
5, 68
6, 68
4, 68
3, 68
7, 68
7, 68
7, 68
10, 68
4, 68
10, 68
3, 68
8, 68
12, 68
7, 68
6, 68
2, 68
8, 68
4, 68
5, 68
7, 68
11, 68
7, 68
5, 68
3, 68
8, 68
4, 68
10, 68
15, 68
1, 68
9, 68
15, 68
10, 68
2, 68
12, 68
7, 68
9, 68
6, 68
5, 68
7, 68
5, 68
6, 68
3, 68
3, 68
11, 68
18, 68
12, 68
14, 68
5, 68
4, 68
4, 68
3, 68
1, 68
3, 68
3, 68
1, 68
11, 68
3, 68
4, 68
4, 68
1, 68
2, 68
3, 68
8, 68
8, 68
2, 68
4, 68
3, 68
7, 68
5, 68
1, 68
7, 68
6, 68
3, 68
9, 68
8, 68
1, 68
13, 68
6, 68
9, 68
10, 68
5, 68
6, 68
1, 68
14, 68
4, 68
5, 68
10, 68
6, 68
7, 68
4, 68
7, 68
7, 68
4, 68
5, 68
1, 68
9, 68
3, 68
7, 68
15, 68
5, 68
6, 68
12, 68
2, 68
10, 68
2, 68
6, 68
9, 68
6, 68
15, 68
2, 68
1, 68
3, 68
6, 68
2, 68
4, 68
5, 68
4, 68
13, 68
2, 68
3, 68
9, 68
1, 68
3, 68
1, 68
7, 68
12, 68
1, 68
3, 68
3, 68
11, 68
2, 68
10, 68
1, 68
17, 68
8, 68
1, 68
12, 68
1, 68
4, 68
2, 68
10, 68
21, 68
7, 68
1, 68
24, 68
8, 68
1, 68
12, 68
2, 68
5, 68
5, 68
4, 68
2, 68
5, 68
2, 68
5, 68
20, 68
2, 68
3, 68
6, 68
7, 68
5, 68
5, 68
2, 68
4, 68
9, 68
1, 68
8, 68
4, 68
10, 68
2, 68
5, 68
7, 68
4, 68
4, 68
5, 68
11, 68
18, 68
7, 68
7, 68
13, 68
7, 68
5, 68
4, 68
8, 68
15, 68
2, 68
2, 68
7, 68
3, 68
11, 68
12, 68
2, 68
3, 68
2, 68
5, 68
1, 68
11, 68
8, 68
4, 68
18, 68
2, 68
6, 68
9, 68
3, 68
7, 68
8, 68
1, 68
6, 68
16, 68
8, 68
1, 68
1, 68
4, 68
11, 68
3, 68
17, 68
1, 68
8, 68
11, 68
8, 68
8, 68
3, 68
12, 68
2, 68
3, 68
14, 68
3, 68
3, 68
3, 68
14, 68
6, 68
10, 68
7, 68
7, 68
3, 68
2, 68
3, 68
4, 68
1, 68
7, 68
6, 68
2, 68
3, 68
11, 68
2, 68
1, 68
16, 68
2, 68
7, 68
6, 68
8, 68
2, 68
12, 68
11, 68
4, 68
12, 68
2, 68
10, 68
10, 68
11, 68
5, 68
6, 68
5, 68
2, 68
10, 68
8, 68
9, 68
3, 68
1, 68
4, 68
8, 68
2, 68
10, 68
9, 68
1, 68
8, 68
13, 68
4, 68
13, 68
2, 68
2, 68
5, 68
8, 68
8, 68
15, 68
10, 68
8, 68
5, 68
2, 68
1, 68
5, 68
6, 68
4, 68
2, 68
3, 68
3, 68
8, 68
2, 68
4, 68
8, 68
4, 68
3, 68
9, 68
8, 68
2, 68
7, 68
4, 68
3, 68
4, 68
5, 68
5, 68
5, 68
5, 68
2, 68
4, 68
12, 68
10, 68
7, 68
10, 68
11, 68
1, 68
11, 68
4, 68
4, 68
4, 68
2, 68
5, 68
3, 68
2, 68
5, 68
10, 68
10, 68
3, 68
3, 68
5, 68
10, 68
5, 68
11, 68
4, 68
9, 68
10, 68
11, 68
5, 68
2, 68
3, 68
7, 68
8, 68
3, 68
5, 68
7, 68
16, 68
11, 68
6, 68
2, 68
3, 68
3, 68
6, 68
6, 68
1, 68
4, 68
3, 68
6, 68
5, 68
4, 68
12, 68
2, 68
17, 68
9, 68
3, 68
4, 68
9, 68
7, 68
1, 68
4, 68
3, 68
9, 68
7, 68
7, 68
5, 68
3, 68
7, 68
3, 68
5, 68
10, 68
4, 68
13, 68
18, 68
9, 68
3, 68
3, 68
7, 68
3, 68
9, 68
4, 68
8, 68
8, 68
2, 68
7, 68
12, 68
12, 68
4, 68
7, 68
10, 68
15, 68
12, 68
2, 68
4, 68
4, 68
20, 68
1, 68
7, 68
2, 68
5, 68
11, 68
3, 68
6, 68
5, 68
1, 68
7, 68
14, 68
2, 68
6, 68
2, 68
8, 68
2, 68
4, 68
4, 68
5, 68
3, 68
5, 68
7, 68
3, 68
10, 68
6, 68
1, 68
2, 68
7, 68
6, 68
2, 68
10, 68
10, 68
11, 68
3, 68
10, 68
3, 68
6, 68
2, 68
9, 68
6, 68
2, 68
2, 68
3, 68
2, 68
5, 68
5, 68
6, 68
6, 68
6, 68
3, 68
7, 68
7, 68
5, 68
3, 68
3, 68
9, 68
8, 68
5, 68
1, 68
10, 68
7, 68
4, 68
4, 68
4, 68
3, 68
4, 68
10, 68
12, 68
6, 68
4, 68
4, 68
3, 68
1, 68
3, 68
4, 68
4, 68
9, 68
2, 68
1, 68
4, 68
13, 68
7, 68
6, 68
3, 68
10, 68
5, 68
7, 68
5, 68
5, 68
3, 68
6, 68
12, 68
6, 68
7, 68
6, 68
6, 68
1, 68
1, 68
5, 68
7, 68
5, 68
8, 68
4, 68
19, 68
8, 68
7, 68
4, 68
1, 68
3, 68
3, 68
4, 68
7, 68
15, 68
10, 68
4, 68
5, 68
10, 68
5, 68
2, 68
9, 68
2, 68
1, 68
2, 68
2, 68
4, 68
20, 68
1, 68
3, 68
5, 68
15, 68
4, 68
1, 68
2, 68
14, 68
4, 68
9, 68
4, 68
15, 68
6, 68
2, 68
5, 68
4, 68
9, 68
10, 68
2, 68
2, 68
10, 68
8, 68
8, 68
1, 68
6, 68
3, 68
11, 68
8, 68
2, 68
1, 68
9, 68
7, 68
7, 68
7, 68
1, 68
1, 68
7, 68
16, 68
7, 68
6, 68
8, 68
5, 68
3, 68
4, 68
17, 68
6, 68
3, 68
3, 68
1, 68
3, 68
1, 68
6, 68
2, 68
5, 68
7, 68
6, 68
10, 68
3, 68
6, 68
10, 68
12, 68
2, 68
13, 68
10, 68
7, 68
4, 68
12, 68
5, 68
1, 68
5, 68
9, 68
1, 68
16, 68
5, 68
1, 68
10, 68
22, 68
14, 68
16, 68
26, 68
69, 69
21, 69
4, 69
24, 69
9, 69
24, 69
22, 69
25, 69
110, 110
53, 110
39, 110
5, 110
11, 110
25, 110
29, 110
11, 110
13, 110
36, 110
19, 110
4, 110
18, 110
59, 110
34, 110
14, 110
19, 110
8, 110
11, 110
33, 110
63, 110
3, 110
64, 110
25, 110
7, 110
13, 110
32, 110
31, 110
15, 110
34, 110
23, 110
72, 110
15, 110
21, 110
8, 110
19, 110
21, 110
9, 110
6, 110
18, 110
9, 110
28, 110
21, 110
4, 110
19, 110
43, 110
31, 110
17, 110
25, 110
23, 110
19, 110
137, 137
10, 137
30, 137
29, 137
59, 137
64, 137
44, 137
46, 137
22, 137
32, 137
37, 137
9, 137
48, 137
25, 137
16, 137
5, 137
40, 137
69, 137
27, 137
47, 137
23, 137
98, 137
55, 137
13, 137
27, 137
22, 137
15, 137
40, 137
16, 137
17, 137
6, 137
9, 137
20, 137
5, 137
28, 137
15, 137
15, 137
11, 137
32, 137
12, 137
36, 137
17, 137
6, 137
8, 137
24, 137
27, 137
11, 137
34, 137
35, 137
80, 137
2, 137
16, 137
11, 137
17, 137
12, 137
19, 137
10, 137
49, 137
17, 137
27, 137
43, 137
53, 137
9, 137
15, 137
98, 137
5, 137
7, 137
20, 137
29, 137
55, 137
16, 137
33, 137
32, 137
50, 137
22, 137
51, 137
47, 137
7, 137
8, 137
7, 137
30, 137
26, 137
25, 137
8, 137
47, 137
4, 137
14, 137
19, 137
9, 137
19, 137
68, 137
158, 158
36, 158
18, 158
8, 158
14, 158
34, 158
34, 158
64, 158
11, 158
60, 158
66, 158
20, 158
31, 158
8, 158
23, 158
25, 158
17, 158
3, 158
18, 158
11, 158
11, 158
7, 158
20, 158
15, 158
17, 158
4, 158
18, 158
11, 158
16, 158
7, 158
18, 158
39, 158
52, 158
9, 158
36, 158
59, 158
18, 158
77, 158
57, 158
7, 158
27, 158
31, 158
12, 158
3, 158
28, 158
14, 158
40, 158
98, 158
18, 158
23, 158
27, 158
83, 158
8, 158
18, 158
35, 158
6, 158
7, 158
38, 158
67, 158
41, 158
88, 158
10, 158
8, 158
44, 158
23, 158
37, 158
21, 158
14, 158
14, 158
45, 158
19, 158
16, 158
18, 158
18, 158
5, 158
36, 158
73, 158
11, 158
40, 158
41, 158
22, 158
66, 158
27, 158
31, 158
38, 158
12, 158
35, 158
10, 158
16, 158
27, 158
25, 158
39, 158
30, 158
15, 158
13, 158
12, 158
58, 158
9, 158
17, 158
37, 158
38, 158
29, 158
26, 158
21, 158
36, 158
14, 158
75, 158
5, 158
46, 158
6, 158
10, 158
25, 158
12, 158
4, 158
4, 158
11, 158
22, 158
30, 158
25, 158
32, 158
32, 158
21, 158
16, 158
10, 158
3, 158
77, 158
24, 158
11, 158
31, 158
26, 158
11, 158
14, 158
103, 158
14, 158
39, 158
9, 158
9, 158
16, 158
33, 158
53, 158
66, 158
30, 158
33, 158
16, 158
23, 158
11, 158
11, 158
22, 158
12, 158
18, 158
8, 158
6, 158
15, 158
49, 158
35, 158
8, 158
23, 158
4, 158
31, 158
23, 158
13, 158
8, 158
27, 158
23, 158
5, 158
23, 158
27, 158
97, 158
11, 158
12, 158
9, 158
18, 158
15, 158
16, 158
60, 158
38, 158
12, 158
58, 158
8, 158
6, 158
20, 158
15, 158
30, 158
17, 158
16, 158
8, 158
17, 158
45, 158
45, 158
11, 158
34, 158
46, 158
6, 158
68, 158
78, 158
98, 158
5, 158
10, 158
64, 158
50, 158
40, 158
16, 158
34, 158
46, 158
19, 158
11, 158
5, 158
38, 158
15, 158
12, 158
10, 158
10, 158
20, 158
11, 158
69, 158
8, 158
98, 158
4, 158
24, 158
47, 158
7, 158
18, 158
43, 158
5, 158
29, 158
20, 158
37, 158
10, 158
40, 158
82, 158
52, 158
6, 158
13, 158
79, 158
27, 158
7, 158
20, 158
31, 158
9, 158
9, 158
22, 158
30, 158
30, 158
8, 158
10, 158
19, 158
27, 158
12, 158
9, 158
70, 158
15, 158
16, 158
7, 158
5, 158
51, 158
27, 158
41, 158
27, 158
9, 158
39, 158
20, 158
16, 158
9, 158
84, 158
5, 158
28, 158
46, 158
6, 158
19, 158
60, 158
17, 158
22, 158
21, 158
32, 158
13, 158
26, 158
5, 158
4, 158
3, 158
10, 158
18, 158
16, 158
3, 158
19, 158
31, 158
18, 158
19, 158
9, 158
23, 158
29, 158
27, 158
26, 158
51, 158
32, 158
52, 158
17, 158
11, 158
5, 158
28, 158
4, 158
16, 158
7, 158
10, 158
52, 158
85, 158
10, 158
14, 158
3, 158
14, 158
15, 158
41, 158
54, 158
53, 158
16, 158
28, 158
13, 158
28, 158
97, 158
47, 158
79, 158
35, 158
26, 158
55, 158
73, 158
19, 158
9, 158
155, 158
17, 158
22, 158
47, 158
7, 158
19, 158
7, 158
41, 158
9, 158
3, 158
39, 158
48, 158
17, 158
40, 158
57, 158
15, 158
20, 158
13, 158
43, 158
8, 158
42, 158
10, 158
28, 158
85, 158
6, 158
25, 158
38, 158
16, 158
49, 158
40, 158
8, 158
18, 158
22, 158
23, 158
5, 158
9, 158
54, 158
74, 158
10, 158
8, 158
43, 158
44, 158
25, 158
11, 158
6, 158
70, 158
17, 158
30, 158
23, 158
18, 158
6, 158
16, 158
2, 158
32, 158
52, 158
46, 158
24, 158
40, 158
19, 158
37, 158
48, 158
16, 158
49, 158
9, 158
32, 158
16, 158
10, 158
70, 158
53, 158
23, 158
10, 158
31, 158
40, 158
84, 158
12, 158
37, 158
32, 158
17, 158
18, 158
29, 158
24, 158
40, 158
8, 158
21, 158
36, 158
15, 158
83, 158
124, 158
29, 158
11, 158
7, 158
41, 158
74, 158
27, 158
29, 158
3, 158
15, 158
38, 158
7, 158
7, 158
49, 158
23, 158
19, 158
44, 158
5, 158
18, 158
32, 158
5, 158
7, 158
14, 158
47, 158
6, 158
28, 158
15, 158
5, 158
25, 158
10, 158
23, 158
22, 158
13, 158
11, 158
32, 158
14, 158
39, 158
12, 158
52, 158
31, 158
18, 158
39, 158
17, 158
65, 158
37, 158
18, 158
23, 158
21, 158
22, 158
23, 158
10, 158
59, 158
61, 158
3, 158
14, 158
25, 158
31, 158
14, 158
13, 158
6, 158
16, 158
56, 158
59, 158
5, 158
57, 158
9, 158
66, 158
140, 158
27, 158
73, 158
6, 158
6, 158
13, 158
7, 158
28, 158
11, 158
87, 158
56, 158
12, 158
9, 158
6, 158
10, 158
16, 158
33, 158
31, 158
27, 158
6, 158
37, 158
12, 158
28, 158
38, 158
40, 158
20, 158
42, 158
9, 158
22, 158
17, 158
9, 158
177, 177
51, 177
69, 177
69, 177
20, 177
36, 177
28, 177
14, 177
80, 177
28, 177
92, 177
10, 177
48, 177
2, 177
15, 177
19, 177
12, 177
14, 177
18, 177
33, 177
20, 177
23, 177
4, 177
10, 177
64, 177
49, 177
9, 177
16, 177
23, 177
46, 177
17, 177
64, 177
5, 177
10, 177
19, 177
47, 177
6, 177
70, 177
32, 177
35, 177
4, 177
27, 177
13, 177
5, 177
11, 177
28, 177
37, 177
16, 177
33, 177
18, 177
24, 177
74, 177
7, 177
21, 177
10, 177
13, 177
13, 177
15, 177
6, 177
27, 177
12, 177
25, 177
17, 177
9, 177
11, 177
58, 177
15, 177
20, 177
59, 177
9, 177
61, 177
47, 177
66, 177
44, 177
75, 177
56, 177
33, 177
62, 177
22, 177
47, 177
16, 177
20, 177
23, 177
39, 177
9, 177
33, 177
23, 177
15, 177
16, 177
16, 177
5, 177
11, 177
13, 177
54, 177
23, 177
25, 177
33, 177
64, 177
15, 177
116, 177
60, 177
7, 177
12, 177
57, 177
53, 177
128, 177
23, 177
12, 177
25, 177
4, 177
7, 177
18, 177
18, 177
7, 177
10, 177
27, 177
15, 177
9, 177
2, 177
37, 177
24, 177
62, 177
50, 177
62, 177
45, 177
29, 177
27, 177
19, 177
19, 177
24, 177
20, 177
26, 177
27, 177
41, 177
49, 177
8, 177
7, 177
6, 177
7, 177
34, 177
33, 177
42, 177
23, 177
10, 177
4, 177
25, 177
14, 177
30, 177
4, 177
51, 177
2, 177
36, 177
22, 177
12, 177
26, 177
25, 177
42, 177
9, 177
18, 177
8, 177
39, 177
55, 177
4, 177
8, 177
27, 177
22, 177
11, 177
40, 177
28, 177
18, 177
9, 177
19, 177
13, 177
35, 177
9, 177
6, 177
92, 177
34, 177
4, 177
40, 177
34, 177
47, 177
22, 177
9, 177
73, 177
22, 177
29, 177
39, 177
20, 177
15, 177
31, 177
13, 177
8, 177
38, 177
17, 177
71, 177
53, 177
7, 177
52, 177
107, 177
24, 177
17, 177
67, 177
56, 177
27, 177
9, 177
21, 177
7, 177
18, 177
9, 177
16, 177
73, 177
37, 177
61, 177
29, 177
20, 177
10, 177
24, 177
4, 177
28, 177
57, 177
17, 177
21, 177
5, 177
52, 177
48, 177
6, 177
12, 177
19, 177
21, 177
10, 177
32, 177
17, 177
15, 177
45, 177
10, 177
12, 177
21, 177
27, 177
33, 177
30, 177
27, 177
26, 177
44, 177
20, 177
8, 177
5, 177
109, 177
27, 177
36, 177
14, 177
20, 177
52, 177
13, 177
12, 177
5, 177
50, 177
14, 177
24, 177
24, 177
115, 177
8, 177
45, 177
36, 177
15, 177
7, 177
42, 177
20, 177
27, 177
11, 177
24, 177
50, 177
43, 177
15, 177
8, 177
10, 177
16, 177
16, 177
6, 177
36, 177
17, 177
17, 177
35, 177
6, 177
15, 177
33, 177
51, 177
37, 177
9, 177
42, 177
10, 177
11, 177
31, 177
60, 177
30, 177
53, 177
9, 177
5, 177
14, 177
59, 177
36, 177
38, 177
29, 177
69, 177
23, 177
29, 177
35, 177
2, 177
30, 177
25, 177
17, 177
27, 177
29, 177
7, 177
28, 177
19, 177
7, 177
17, 177
9, 177
20, 177
114, 177
4, 177
27, 177
36, 177
14, 177
36, 177
32, 177
43, 177
64, 177
45, 177
15, 177
18, 177
11, 177
26, 177
71, 177
30, 177
9, 177
70, 177
5, 177
112, 177
16, 177
7, 177
30, 177
22, 177
60, 177
26, 177
38, 177
63, 177
17, 177
8, 177
24, 177
7, 177
33, 177
18, 177
63, 177
30, 177
20, 177
8, 177
16, 177
12, 177
59, 177
17, 177
5, 177
50, 177
24, 177
25, 177
4, 177
31, 177
23, 177
9, 177
42, 177
16, 177
15, 177
27, 177
17, 177
71, 177
27, 177
59, 177
38, 177
39, 177
14, 177
98, 177
10, 177
8, 177
9, 177
23, 177
25, 177
15, 177
58, 177
6, 177
8, 177
44, 177
52, 177
46, 177
47, 177
5, 177
12, 177
26, 177
21, 177
27, 177
5, 177
9, 177
19, 177
10, 177
21, 177
8, 177
36, 177
35, 177
10, 177
31, 177
39, 177
17, 177
13, 177
21, 177
57, 177
68, 177
34, 177
31, 177
7, 177
19, 177
6, 177
3, 177
3, 177
26, 177
29, 177
34, 177
25, 177
21, 177
29, 177
13, 177
9, 177
20, 177
24, 177
30, 177
44, 177
15, 177
4, 177
13, 177
8, 177
7, 177
15, 177
6, 177
30, 177
22, 177
14, 177
22, 177
24, 177
14, 177
13, 177
15, 177
4, 177
22, 177
52, 177
11, 177
14, 177
14, 177
75, 177
46, 177
66, 177
14, 177
21, 177
11, 177
6, 177
7, 177
34, 177
9, 177
11, 177
3, 177
112, 177
91, 177
25, 177
32, 177
23, 177
16, 177
13, 177
61, 177
8, 177
18, 177
57, 177
40, 177
2, 177
52, 177
19, 177
7, 177
12, 177
12, 177
37, 177
20, 177
15, 177
54, 177
12, 177
33, 177
49, 177
11, 177
14, 177
25, 177
38, 177
18, 177
60, 177
51, 177
27, 177
3, 177
22, 177
13, 177
15, 177
11, 177
20, 177
28, 177
55, 177
6, 177
34, 177
35, 177
61, 177
13, 177
3, 177
25, 177
12, 177
1, 177
17, 177
38, 177
31, 177
5, 177
36, 177
13, 177
10, 177
46, 177
27, 177
30, 177
7, 177
39, 177
9, 177
28, 177
9, 177
71, 177
24, 177
54, 177
19, 177
21, 177
12, 177
51, 177
7, 177
11, 177
13, 177
35, 177
14, 177
22, 177
90, 177
31, 177
31, 177
6, 177
7, 177
13, 177
2, 177
2, 177
18, 177
44, 177
18, 177
49, 177
23, 177
13, 177
18, 177
18, 177
19, 177
59, 177
59, 177
19, 177
31, 177
6, 177
22, 177
5, 177
15, 177
33, 177
24, 177
64, 177
62, 177
13, 177
31, 177
6, 177
33, 177
30, 177
17, 177
59, 177
14, 177
12, 177
30, 177
71, 177
10, 177
32, 177
34, 177
21, 177
31, 177
2, 177
18, 177
46, 177
13, 177
21, 177
44, 177
73, 177
10, 177
48, 177
8, 177
21, 177
54, 177
28, 177
27, 177
9, 177
15, 177
78, 177
4, 177
11, 177
49, 177
16, 177
29, 177
11, 177
28, 177
61, 177
3, 177
10, 177
16, 177
31, 177
4, 177
63, 177
156, 177
19, 177
5, 177
83, 177
4, 177
15, 177
11, 177
10, 177
29, 177
25, 177
24, 177
14, 177
17, 177
8, 177
7, 177
40, 177
19, 177
65, 177
2, 177
48, 177
93, 177
39, 177
32, 177
16, 177
10, 177
17, 177
30, 177
2, 177
25, 177
11, 177
22, 177
11, 177
102, 177
