#Algorithm: ExpectedSARSA, Speed: 1, Boost: 5, PM: False, Env size: (20, 20), Car size: (6, 5),
#Counter: 10000000, Nsteps: 10000000, Gamma: 1, LearnRate: 0.01, Eps: 0.5, Epsdecay: 0.9
0, 0
0, 0
0, 0
1, 1
1, 1
3, 3
0, 3
0, 3
0, 3
0, 3
1, 3
0, 3
0, 3
3, 3
3, 3
0, 3
3, 3
3, 3
5, 5
1, 5
2, 5
5, 5
7, 7
3, 7
3, 7
4, 7
3, 7
3, 7
10, 10
17, 17
1, 17
0, 17
0, 17
0, 17
0, 17
2, 17
3, 17
1, 17
3, 17
1, 17
4, 17
2, 17
7, 17
1, 17
1, 17
2, 17
3, 17
2, 17
0, 17
1, 17
2, 17
11, 17
1, 17
0, 17
3, 17
11, 17
3, 17
3, 17
0, 17
12, 17
4, 17
1, 17
0, 17
0, 17
11, 17
5, 17
3, 17
1, 17
5, 17
4, 17
4, 17
2, 17
8, 17
5, 17
1, 17
10, 17
8, 17
8, 17
0, 17
9, 17
2, 17
2, 17
1, 17
1, 17
1, 17
1, 17
2, 17
2, 17
5, 17
5, 17
3, 17
6, 17
4, 17
9, 17
9, 17
5, 17
2, 17
12, 17
5, 17
2, 17
2, 17
4, 17
6, 17
20, 20
3, 20
0, 20
12, 20
1, 20
4, 20
2, 20
0, 20
0, 20
8, 20
1, 20
0, 20
0, 20
11, 20
5, 20
5, 20
2, 20
6, 20
3, 20
16, 20
2, 20
1, 20
4, 20
6, 20
1, 20
5, 20
1, 20
3, 20
1, 20
2, 20
2, 20
1, 20
23, 23
2, 23
29, 29
5, 29
2, 29
3, 29
10, 29
10, 29
2, 29
1, 29
1, 29
1, 29
20, 29
2, 29
2, 29
0, 29
0, 29
2, 29
2, 29
1, 29
6, 29
1, 29
3, 29
2, 29
6, 29
1, 29
8, 29
7, 29
0, 29
0, 29
2, 29
1, 29
3, 29
3, 29
4, 29
4, 29
2, 29
4, 29
2, 29
2, 29
0, 29
9, 29
1, 29
0, 29
7, 29
1, 29
4, 29
4, 29
12, 29
0, 29
2, 29
1, 29
1, 29
0, 29
10, 29
0, 29
0, 29
2, 29
2, 29
4, 29
4, 29
2, 29
0, 29
3, 29
5, 29
1, 29
1, 29
11, 29
0, 29
3, 29
0, 29
6, 29
1, 29
4, 29
0, 29
12, 29
1, 29
0, 29
10, 29
3, 29
4, 29
2, 29
5, 29
3, 29
5, 29
1, 29
0, 29
4, 29
1, 29
1, 29
2, 29
17, 29
12, 29
6, 29
9, 29
7, 29
9, 29
9, 29
2, 29
3, 29
8, 29
5, 29
8, 29
1, 29
13, 29
1, 29
1, 29
3, 29
7, 29
6, 29
4, 29
3, 29
11, 29
5, 29
8, 29
0, 29
7, 29
4, 29
9, 29
7, 29
6, 29
3, 29
3, 29
7, 29
5, 29
9, 29
1, 29
0, 29
1, 29
3, 29
4, 29
14, 29
5, 29
13, 29
0, 29
5, 29
7, 29
9, 29
2, 29
2, 29
17, 29
5, 29
5, 29
0, 29
10, 29
9, 29
0, 29
1, 29
10, 29
3, 29
8, 29
1, 29
0, 29
5, 29
24, 29
1, 29
7, 29
2, 29
10, 29
7, 29
7, 29
11, 29
1, 29
0, 29
0, 29
4, 29
4, 29
7, 29
1, 29
14, 29
2, 29
4, 29
4, 29
4, 29
4, 29
1, 29
2, 29
6, 29
1, 29
3, 29
8, 29
1, 29
3, 29
2, 29
0, 29
5, 29
2, 29
2, 29
8, 29
7, 29
2, 29
7, 29
1, 29
3, 29
5, 29
28, 29
0, 29
0, 29
6, 29
3, 29
11, 29
11, 29
4, 29
3, 29
0, 29
1, 29
4, 29
3, 29
14, 29
14, 29
13, 29
3, 29
15, 29
10, 29
1, 29
4, 29
0, 29
4, 29
2, 29
3, 29
5, 29
12, 29
7, 29
5, 29
8, 29
3, 29
3, 29
17, 29
1, 29
4, 29
7, 29
3, 29
8, 29
0, 29
16, 29
22, 29
2, 29
0, 29
7, 29
0, 29
0, 29
0, 29
14, 29
15, 29
12, 29
7, 29
8, 29
10, 29
0, 29
2, 29
5, 29
5, 29
0, 29
3, 29
3, 29
8, 29
1, 29
10, 29
7, 29
5, 29
2, 29
6, 29
3, 29
1, 29
4, 29
6, 29
6, 29
42, 42
9, 42
69, 69
19, 69
6, 69
2, 69
9, 69
9, 69
7, 69
1, 69
3, 69
7, 69
3, 69
7, 69
1, 69
25, 69
5, 69
17, 69
5, 69
9, 69
5, 69
4, 69
3, 69
1, 69
4, 69
0, 69
5, 69
20, 69
2, 69
2, 69
1, 69
8, 69
8, 69
49, 69
1, 69
7, 69
28, 69
18, 69
17, 69
8, 69
16, 69
25, 69
19, 69
33, 69
4, 69
6, 69
6, 69
2, 69
19, 69
18, 69
8, 69
31, 69
16, 69
6, 69
11, 69
2, 69
2, 69
6, 69
9, 69
2, 69
2, 69
12, 69
1, 69
8, 69
2, 69
5, 69
10, 69
0, 69
12, 69
6, 69
0, 69
5, 69
4, 69
0, 69
3, 69
0, 69
13, 69
3, 69
6, 69
6, 69
8, 69
1, 69
5, 69
15, 69
1, 69
14, 69
5, 69
5, 69
2, 69
9, 69
14, 69
4, 69
6, 69
3, 69
28, 69
5, 69
16, 69
9, 69
0, 69
2, 69
3, 69
18, 69
3, 69
7, 69
4, 69
0, 69
10, 69
4, 69
7, 69
15, 69
11, 69
34, 69
0, 69
3, 69
0, 69
4, 69
4, 69
10, 69
1, 69
0, 69
0, 69
2, 69
3, 69
1, 69
0, 69
1, 69
2, 69
14, 69
10, 69
3, 69
9, 69
3, 69
1, 69
7, 69
0, 69
34, 69
2, 69
0, 69
0, 69
9, 69
4, 69
0, 69
1, 69
6, 69
16, 69
5, 69
1, 69
2, 69
14, 69
2, 69
15, 69
5, 69
23, 69
13, 69
2, 69
27, 69
20, 69
3, 69
1, 69
21, 69
28, 69
3, 69
6, 69
4, 69
6, 69
28, 69
5, 69
1, 69
38, 69
11, 69
23, 69
2, 69
22, 69
1, 69
18, 69
11, 69
35, 69
43, 69
23, 69
8, 69
12, 69
14, 69
41, 69
3, 69
11, 69
5, 69
9, 69
6, 69
4, 69
8, 69
4, 69
10, 69
2, 69
57, 69
3, 69
8, 69
10, 69
4, 69
11, 69
16, 69
7, 69
6, 69
16, 69
1, 69
0, 69
23, 69
13, 69
19, 69
6, 69
20, 69
12, 69
0, 69
1, 69
2, 69
4, 69
16, 69
6, 69
13, 69
14, 69
0, 69
5, 69
15, 69
8, 69
6, 69
5, 69
17, 69
42, 69
18, 69
16, 69
7, 69
15, 69
7, 69
4, 69
4, 69
2, 69
2, 69
19, 69
12, 69
21, 69
11, 69
42, 69
43, 69
8, 69
11, 69
4, 69
4, 69
6, 69
17, 69
7, 69
5, 69
41, 69
6, 69
56, 69
3, 69
1, 69
3, 69
14, 69
49, 69
30, 69
6, 69
13, 69
1, 69
11, 69
7, 69
1, 69
19, 69
8, 69
22, 69
5, 69
10, 69
5, 69
42, 69
10, 69
8, 69
12, 69
42, 69
4, 69
24, 69
1, 69
29, 69
13, 69
21, 69
8, 69
55, 69
1, 69
32, 69
17, 69
3, 69
5, 69
11, 69
7, 69
16, 69
5, 69
8, 69
0, 69
25, 69
32, 69
4, 69
7, 69
1, 69
14, 69
8, 69
14, 69
21, 69
8, 69
11, 69
3, 69
25, 69
17, 69
22, 69
18, 69
13, 69
23, 69
6, 69
3, 69
4, 69
19, 69
0, 69
14, 69
2, 69
19, 69
7, 69
29, 69
8, 69
17, 69
26, 69
7, 69
5, 69
18, 69
33, 69
3, 69
2, 69
18, 69
3, 69
26, 69
10, 69
2, 69
32, 69
9, 69
8, 69
27, 69
44, 69
4, 69
0, 69
6, 69
5, 69
0, 69
11, 69
1, 69
12, 69
11, 69
30, 69
0, 69
16, 69
6, 69
1, 69
2, 69
23, 69
7, 69
27, 69
21, 69
11, 69
38, 69
6, 69
6, 69
11, 69
24, 69
7, 69
1, 69
24, 69
2, 69
12, 69
14, 69
6, 69
94, 94
4, 94
16, 94
32, 94
12, 94
5, 94
3, 94
18, 94
67, 94
3, 94
3, 94
3, 94
6, 94
7, 94
90, 94
55, 94
5, 94
11, 94
38, 94
13, 94
2, 94
0, 94
25, 94
7, 94
0, 94
0, 94
2, 94
0, 94
9, 94
3, 94
5, 94
3, 94
8, 94
12, 94
46, 94
7, 94
3, 94
1, 94
21, 94
18, 94
19, 94
25, 94
9, 94
7, 94
7, 94
34, 94
4, 94
14, 94
16, 94
3, 94
6, 94
7, 94
7, 94
9, 94
24, 94
11, 94
22, 94
18, 94
1, 94
11, 94
46, 94
18, 94
17, 94
4, 94
6, 94
25, 94
17, 94
11, 94
12, 94
4, 94
9, 94
4, 94
25, 94
11, 94
10, 94
1, 94
18, 94
16, 94
14, 94
21, 94
4, 94
18, 94
1, 94
3, 94
20, 94
5, 94
1, 94
4, 94
2, 94
27, 94
24, 94
30, 94
18, 94
138, 138
10, 138
0, 138
1, 138
19, 138
9, 138
5, 138
1, 138
16, 138
3, 138
1, 138
1, 138
4, 138
4, 138
20, 138
31, 138
4, 138
21, 138
12, 138
25, 138
10, 138
9, 138
0, 138
14, 138
2, 138
14, 138
31, 138
20, 138
60, 138
5, 138
13, 138
3, 138
0, 138
1, 138
7, 138
3, 138
15, 138
3, 138
18, 138
9, 138
9, 138
29, 138
21, 138
24, 138
0, 138
1, 138
5, 138
3, 138
32, 138
0, 138
2, 138
2, 138
4, 138
13, 138
6, 138
24, 138
16, 138
7, 138
7, 138
0, 138
3, 138
9, 138
12, 138
8, 138
13, 138
5, 138
42, 138
28, 138
43, 138
36, 138
8, 138
4, 138
26, 138
20, 138
6, 138
31, 138
7, 138
6, 138
3, 138
71, 138
6, 138
6, 138
4, 138
10, 138
4, 138
7, 138
9, 138
6, 138
11, 138
16, 138
19, 138
18, 138
17, 138
0, 138
5, 138
23, 138
4, 138
4, 138
21, 138
51, 138
43, 138
5, 138
18, 138
2, 138
13, 138
38, 138
4, 138
1, 138
6, 138
15, 138
13, 138
62, 138
7, 138
6, 138
36, 138
7, 138
16, 138
2, 138
37, 138
7, 138
89, 138
9, 138
20, 138
6, 138
35, 138
45, 138
35, 138
3, 138
7, 138
26, 138
7, 138
59, 138
4, 138
57, 138
13, 138
32, 138
22, 138
135, 138
27, 138
4, 138
73, 138
8, 138
32, 138
12, 138
26, 138
76, 138
38, 138
8, 138
93, 138
55, 138
26, 138
19, 138
8, 138
110, 138
62, 138
13, 138
11, 138
45, 138
14, 138
31, 138
85, 138
15, 138
28, 138
71, 138
19, 138
57, 138
76, 138
66, 138
31, 138
21, 138
100, 138
11, 138
32, 138
8, 138
33, 138
31, 138
16, 138
52, 138
65, 138
49, 138
116, 138
97, 138
25, 138
80, 138
4, 138
7, 138
142, 142
1, 142
40, 142
161, 161
2, 161
22, 161
13, 161
111, 161
23, 161
3, 161
21, 161
41, 161
16, 161
115, 161
2, 161
23, 161
31, 161
66, 161
79, 161
30, 161
9, 161
118, 161
9, 161
40, 161
35, 161
41, 161
17, 161
1, 161
68, 161
5, 161
11, 161
29, 161
94, 161
15, 161
21, 161
87, 161
20, 161
8, 161
35, 161
85, 161
7, 161
24, 161
53, 161
12, 161
3, 161
7, 161
46, 161
3, 161
26, 161
6, 161
46, 161
22, 161
30, 161
20, 161
103, 161
26, 161
16, 161
1, 161
1, 161
50, 161
37, 161
88, 161
32, 161
55, 161
55, 161
31, 161
55, 161
25, 161
4, 161
26, 161
63, 161
46, 161
9, 161
2, 161
31, 161
10, 161
173, 173
39, 173
128, 173
6, 173
25, 173
81, 173
47, 173
59, 173
11, 173
106, 173
11, 173
30, 173
40, 173
72, 173
111, 173
47, 173
123, 173
30, 173
52, 173
15, 173
83, 173
26, 173
67, 173
67, 173
25, 173
54, 173
18, 173
5, 173
146, 173
56, 173
118, 173
17, 173
36, 173
34, 173
66, 173
76, 173
239, 239
2, 239
28, 239
40, 239
38, 239
23, 239
35, 239
3, 239
19, 239
31, 239
22, 239
12, 239
23, 239
24, 239
56, 239
20, 239
14, 239
61, 239
19, 239
53, 239
4, 239
17, 239
17, 239
18, 239
28, 239
2, 239
44, 239
10, 239
8, 239
91, 239
28, 239
76, 239
7, 239
138, 239
55, 239
40, 239
57, 239
61, 239
52, 239
33, 239
74, 239
12, 239
44, 239
17, 239
12, 239
93, 239
25, 239
77, 239
36, 239
55, 239
91, 239
9, 239
22, 239
13, 239
36, 239
12, 239
14, 239
90, 239
110, 239
19, 239
38, 239
93, 239
132, 239
14, 239
27, 239
41, 239
26, 239
59, 239
40, 239
170, 239
274, 274
10, 274
117, 274
29, 274
251, 274
43, 274
77, 274
45, 274
99, 274
51, 274
12, 274
12, 274
62, 274
83, 274
7, 274
97, 274
76, 274
97, 274
8, 274
26, 274
55, 274
79, 274
48, 274
54, 274
41, 274
44, 274
3, 274
31, 274
246, 274
42, 274
388, 388
481, 481
11, 481
16, 481
82, 481
109, 481
60, 481
183, 481
252, 481
13, 481
18, 481
117, 481
127, 481
34, 481
155, 481
6, 481
44, 481
122, 481
77, 481
225, 481
17, 481
76, 481
59, 481
32, 481
69, 481
62, 481
5, 481
22, 481
22, 481
144, 481
28, 481
186, 481
87, 481
4, 481
7, 481
2, 481
134, 481
146, 481
20, 481
49, 481
20, 481
60, 481
23, 481
95, 481
38, 481
153, 481
37, 481
53, 481
41, 481
293, 481
120, 481
3, 481
43, 481
36, 481
136, 481
25, 481
30, 481
281, 481
24, 481
117, 481
81, 481
132, 481
215, 481
63, 481
52, 481
104, 481
105, 481
45, 481
32, 481
63, 481
96, 481
44, 481
27, 481
10, 481
9, 481
171, 481
276, 481
49, 481
54, 481
24, 481
179, 481
236, 481
36, 481
78, 481
25, 481
81, 481
83, 481
92, 481
151, 481
177, 481
35, 481
142, 481
111, 481
31, 481
62, 481
22, 481
18, 481
54, 481
31, 481
3, 481
78, 481
224, 481
217, 481
106, 481
62, 481
120, 481
55, 481
34, 481
8, 481
18, 481
3, 481
192, 481
58, 481
64, 481
7, 481
43, 481
3, 481
66, 481
28, 481
26, 481
10, 481
302, 481
16, 481
46, 481
321, 481
62, 481
41, 481
58, 481
237, 481
246, 481
113, 481
8, 481
19, 481
304, 481
165, 481
13, 481
73, 481
96, 481
36, 481
42, 481
10, 481
23, 481
9, 481
49, 481
54, 481
437, 481
22, 481
44, 481
215, 481
117, 481
115, 481
31, 481
32, 481
37, 481
34, 481
34, 481
24, 481
122, 481
86, 481
36, 481
180, 481
42, 481
51, 481
91, 481
91, 481
83, 481
1, 481
191, 481
109, 481
190, 481
28, 481
56, 481
208, 481
12, 481
37, 481
101, 481
288, 481
81, 481
22, 481
146, 481
455, 481
41, 481
133, 481
126, 481
462, 481
71, 481
56, 481
6, 481
159, 481
175, 481
73, 481
36, 481
39, 481
112, 481
226, 481
41, 481
1, 481
137, 481
55, 481
2, 481
59, 481
17, 481
60, 481
57, 481
103, 481
51, 481
91, 481
58, 481
269, 481
142, 481
202, 481
6, 481
47, 481
41, 481
86, 481
20, 481
284, 481
129, 481
3, 481
65, 481
19, 481
139, 481
2, 481
35, 481
26, 481
82, 481
37, 481
52, 481
13, 481
92, 481
112, 481
136, 481
16, 481
163, 481
1075, 1075
731, 1075
655, 1075
7526, 7526
628, 7526
366, 7526
249, 7526
2841, 7526
1224, 7526
1449, 7526
643, 7526
261, 7526
1980, 7526
3021, 7526
755, 7526
619, 7526
88, 7526
734, 7526
1522, 7526
332, 7526
503, 7526
1578, 7526
1039, 7526
293, 7526
1555, 7526
98, 7526
239, 7526
1771, 7526
1869, 7526
6529, 7526
616, 7526
311, 7526
2015, 7526
101, 7526
150, 7526
2047, 7526
1909, 7526
419, 7526
701, 7526
3402, 7526
1227, 7526
2828, 7526
283, 7526
584, 7526
1582, 7526
31, 7526
1400, 7526
2059, 7526
1756, 7526
41, 7526
583, 7526
1119, 7526
679, 7526
24, 7526
1409, 7526
28, 7526
960, 7526
295, 7526
2719, 7526
44, 7526
3285, 7526
4284, 7526
2230, 7526
347, 7526
475, 7526
161, 7526
3084, 7526
453, 7526
331, 7526
6293, 7526
4357, 7526
606, 7526
3142, 7526
68, 7526
2724, 7526
870, 7526
618, 7526
2321, 7526
185, 7526
1896, 7526
1712, 7526
1328, 7526
390, 7526
661, 7526
2698, 7526
5447, 7526
2294, 7526
5308, 7526
565, 7526
1030, 7526
2647, 7526
1272, 7526
8216, 8216
220, 8216
527, 8216
745, 8216
803, 8216
753, 8216
1190, 8216
158, 8216
7557, 8216
367, 8216
3967, 8216
3263, 8216
160, 8216
255, 8216
73, 8216
1485, 8216
2724, 8216
420, 8216
1249, 8216
641, 8216
740, 8216
3106, 8216
462, 8216
279, 8216
2291, 8216
1238, 8216
1302, 8216
590, 8216
2834, 8216
16, 8216
479, 8216
1711, 8216
423, 8216
1796, 8216
94, 8216
291, 8216
397, 8216
315, 8216
1521, 8216
520, 8216
1542, 8216
95, 8216
991, 8216
1094, 8216
2745, 8216
2952, 8216
1288, 8216
5393, 8216
48, 8216
768, 8216
3832, 8216
3680, 8216
1769, 8216
489, 8216
561, 8216
252, 8216
1138, 8216
453, 8216
830, 8216
1185, 8216
413, 8216
4849, 8216
2805, 8216
449, 8216
181, 8216
959, 8216
728, 8216
1748, 8216
1493, 8216
494, 8216
5459, 8216
2106, 8216
2889, 8216
2648, 8216
366, 8216
120, 8216
433, 8216
611, 8216
84, 8216
398, 8216
3173, 8216
5079, 8216
283, 8216
46, 8216
2178, 8216
1059, 8216
1097, 8216
1690, 8216
1329, 8216
650, 8216
1467, 8216
2656, 8216
848, 8216
2316, 8216
714, 8216
8020, 8216
178, 8216
805, 8216
1032, 8216
7, 8216
3468, 8216
1053, 8216
200, 8216
3220, 8216
107, 8216
1239, 8216
1574, 8216
655, 8216
1973, 8216
673, 8216
824, 8216
803, 8216
2501, 8216
2638, 8216
552, 8216
270, 8216
1066, 8216
966, 8216
1688, 8216
1181, 8216
3288, 8216
4191, 8216
1561, 8216
442, 8216
944, 8216
600, 8216
3967, 8216
2634, 8216
2769, 8216
18, 8216
711, 8216
973, 8216
4689, 8216
2156, 8216
586, 8216
3760, 8216
360, 8216
3007, 8216
1369, 8216
920, 8216
109, 8216
1633, 8216
3055, 8216
866, 8216
594, 8216
725, 8216
4952, 8216
1726, 8216
4841, 8216
451, 8216
386, 8216
3099, 8216
3552, 8216
340, 8216
1011, 8216
254, 8216
529, 8216
272, 8216
357, 8216
2950, 8216
2082, 8216
2040, 8216
1350, 8216
218, 8216
2085, 8216
10997, 10997
381, 10997
1198, 10997
276, 10997
748, 10997
760, 10997
3254, 10997
2042, 10997
253, 10997
1377, 10997
2023, 10997
1194, 10997
3679, 10997
215, 10997
2473, 10997
3534, 10997
364, 10997
3133, 10997
428, 10997
1677, 10997
1807, 10997
98, 10997
7281, 10997
1725, 10997
1642, 10997
502, 10997
1039, 10997
1270, 10997
262, 10997
2978, 10997
