#Algorithm: ExpectedSARSA, Speed: 1, Boost: 4, PM: False, Env size: (20, 20), Car size: (5, 4),
#Counter: 10000000, Nsteps: 10000000, Gamma: 1, LearnRate: 0.01, Eps: 0.5, Epsdecay: 0.9
0, 0
0, 0
0, 0
2, 2
0, 2
0, 2
0, 2
2, 2
1, 2
0, 2
0, 2
0, 2
0, 2
1, 2
0, 2
0, 2
1, 2
1, 2
7, 7
1, 7
2, 7
4, 7
7, 7
5, 7
2, 7
5, 7
1, 7
2, 7
3, 7
5, 7
1, 7
12, 12
1, 12
0, 12
0, 12
8, 12
2, 12
8, 12
0, 12
7, 12
14, 14
2, 14
1, 14
15, 15
18, 18
1, 18
3, 18
2, 18
0, 18
0, 18
3, 18
3, 18
5, 18
3, 18
3, 18
8, 18
8, 18
3, 18
9, 18
8, 18
1, 18
26, 26
5, 26
0, 26
5, 26
4, 26
11, 26
1, 26
4, 26
11, 26
2, 26
17, 26
4, 26
2, 26
2, 26
9, 26
1, 26
2, 26
2, 26
0, 26
0, 26
4, 26
5, 26
5, 26
6, 26
0, 26
0, 26
0, 26
1, 26
1, 26
3, 26
3, 26
9, 26
7, 26
3, 26
0, 26
7, 26
10, 26
1, 26
1, 26
4, 26
1, 26
7, 26
28, 28
8, 28
0, 28
3, 28
8, 28
3, 28
11, 28
3, 28
5, 28
13, 28
5, 28
40, 40
2, 40
2, 40
22, 40
2, 40
8, 40
0, 40
10, 40
1, 40
2, 40
2, 40
1, 40
6, 40
6, 40
4, 40
3, 40
8, 40
6, 40
2, 40
13, 40
0, 40
1, 40
8, 40
2, 40
3, 40
4, 40
2, 40
9, 40
9, 40
1, 40
5, 40
2, 40
6, 40
4, 40
6, 40
4, 40
5, 40
0, 40
11, 40
23, 40
12, 40
2, 40
0, 40
3, 40
0, 40
7, 40
7, 40
1, 40
6, 40
1, 40
7, 40
6, 40
9, 40
16, 40
2, 40
7, 40
10, 40
1, 40
1, 40
13, 40
0, 40
38, 40
6, 40
10, 40
1, 40
0, 40
2, 40
15, 40
1, 40
2, 40
10, 40
4, 40
4, 40
10, 40
4, 40
3, 40
5, 40
13, 40
20, 40
7, 40
5, 40
15, 40
6, 40
0, 40
7, 40
8, 40
1, 40
7, 40
6, 40
11, 40
1, 40
9, 40
4, 40
5, 40
5, 40
4, 40
14, 40
11, 40
17, 40
11, 40
25, 40
8, 40
0, 40
3, 40
7, 40
3, 40
24, 40
6, 40
9, 40
1, 40
13, 40
9, 40
17, 40
15, 40
12, 40
3, 40
3, 40
0, 40
4, 40
6, 40
20, 40
13, 40
0, 40
6, 40
7, 40
5, 40
10, 40
23, 40
4, 40
2, 40
11, 40
10, 40
1, 40
33, 40
13, 40
1, 40
13, 40
4, 40
2, 40
8, 40
14, 40
3, 40
5, 40
0, 40
1, 40
1, 40
1, 40
24, 40
0, 40
14, 40
15, 40
38, 40
46, 46
5, 46
1, 46
7, 46
27, 46
14, 46
23, 46
16, 46
10, 46
20, 46
5, 46
19, 46
37, 46
29, 46
9, 46
3, 46
9, 46
48, 48
40, 48
5, 48
23, 48
7, 48
31, 48
9, 48
3, 48
16, 48
11, 48
1, 48
15, 48
7, 48
12, 48
20, 48
22, 48
47, 48
23, 48
19, 48
5, 48
21, 48
18, 48
1, 48
9, 48
19, 48
42, 48
0, 48
5, 48
9, 48
15, 48
1, 48
26, 48
7, 48
63, 63
9, 63
4, 63
4, 63
6, 63
18, 63
5, 63
3, 63
3, 63
16, 63
6, 63
20, 63
3, 63
10, 63
2, 63
21, 63
18, 63
28, 63
10, 63
8, 63
8, 63
7, 63
17, 63
15, 63
13, 63
25, 63
6, 63
8, 63
36, 63
5, 63
16, 63
6, 63
1, 63
8, 63
45, 63
16, 63
21, 63
7, 63
0, 63
3, 63
7, 63
8, 63
0, 63
51, 63
9, 63
12, 63
14, 63
4, 63
11, 63
20, 63
1, 63
1, 63
4, 63
15, 63
61, 63
43, 63
17, 63
39, 63
8, 63
31, 63
21, 63
11, 63
15, 63
20, 63
8, 63
56, 63
0, 63
9, 63
12, 63
18, 63
4, 63
36, 63
5, 63
10, 63
34, 63
2, 63
6, 63
0, 63
16, 63
7, 63
26, 63
7, 63
2, 63
11, 63
11, 63
27, 63
12, 63
27, 63
18, 63
19, 63
15, 63
3, 63
0, 63
0, 63
8, 63
12, 63
54, 63
4, 63
26, 63
4, 63
32, 63
2, 63
4, 63
11, 63
16, 63
28, 63
16, 63
21, 63
29, 63
0, 63
26, 63
13, 63
53, 63
4, 63
16, 63
59, 63
5, 63
22, 63
17, 63
64, 64
1, 64
9, 64
1, 64
0, 64
13, 64
54, 64
4, 64
9, 64
4, 64
14, 64
2, 64
1, 64
14, 64
2, 64
7, 64
18, 64
10, 64
2, 64
24, 64
43, 64
12, 64
45, 64
4, 64
6, 64
29, 64
15, 64
39, 64
0, 64
65, 65
37, 65
9, 65
7, 65
13, 65
0, 65
6, 65
29, 65
5, 65
5, 65
3, 65
14, 65
14, 65
6, 65
4, 65
24, 65
32, 65
14, 65
4, 65
15, 65
11, 65
0, 65
17, 65
15, 65
19, 65
28, 65
7, 65
6, 65
9, 65
4, 65
4, 65
23, 65
8, 65
11, 65
12, 65
4, 65
1, 65
2, 65
16, 65
9, 65
5, 65
14, 65
8, 65
9, 65
29, 65
4, 65
0, 65
4, 65
38, 65
5, 65
5, 65
19, 65
2, 65
50, 65
5, 65
17, 65
14, 65
0, 65
7, 65
6, 65
30, 65
19, 65
20, 65
18, 65
5, 65
20, 65
10, 65
30, 65
1, 65
6, 65
21, 65
35, 65
39, 65
20, 65
11, 65
9, 65
1, 65
6, 65
0, 65
3, 65
17, 65
21, 65
19, 65
24, 65
13, 65
2, 65
32, 65
27, 65
15, 65
0, 65
3, 65
5, 65
8, 65
29, 65
24, 65
18, 65
4, 65
6, 65
13, 65
20, 65
19, 65
2, 65
4, 65
2, 65
28, 65
2, 65
10, 65
11, 65
4, 65
5, 65
29, 65
12, 65
23, 65
10, 65
1, 65
14, 65
3, 65
32, 65
13, 65
7, 65
33, 65
4, 65
2, 65
25, 65
6, 65
14, 65
21, 65
3, 65
24, 65
9, 65
2, 65
4, 65
22, 65
15, 65
18, 65
36, 65
9, 65
2, 65
10, 65
8, 65
11, 65
8, 65
16, 65
10, 65
38, 65
14, 65
29, 65
5, 65
4, 65
4, 65
13, 65
6, 65
25, 65
4, 65
20, 65
3, 65
3, 65
27, 65
22, 65
15, 65
4, 65
5, 65
16, 65
9, 65
23, 65
6, 65
6, 65
14, 65
11, 65
8, 65
3, 65
4, 65
12, 65
12, 65
8, 65
12, 65
23, 65
22, 65
6, 65
13, 65
12, 65
5, 65
14, 65
0, 65
51, 65
10, 65
33, 65
5, 65
8, 65
26, 65
1, 65
1, 65
7, 65
15, 65
2, 65
11, 65
2, 65
15, 65
19, 65
1, 65
38, 65
14, 65
69, 69
4, 69
6, 69
1, 69
56, 69
18, 69
6, 69
4, 69
13, 69
11, 69
18, 69
20, 69
28, 69
47, 69
3, 69
6, 69
67, 69
5, 69
54, 69
30, 69
4, 69
34, 69
13, 69
6, 69
11, 69
34, 69
10, 69
55, 69
53, 69
43, 69
6, 69
7, 69
7, 69
20, 69
34, 69
13, 69
6, 69
38, 69
6, 69
36, 69
38, 69
11, 69
10, 69
39, 69
8, 69
9, 69
75, 75
28, 75
15, 75
28, 75
2, 75
50, 75
25, 75
5, 75
81, 81
30, 81
1, 81
43, 81
7, 81
14, 81
2, 81
8, 81
28, 81
4, 81
9, 81
14, 81
19, 81
19, 81
33, 81
21, 81
82, 82
37, 82
1, 82
83, 83
1, 83
75, 83
21, 83
30, 83
3, 83
7, 83
8, 83
2, 83
30, 83
48, 83
39, 83
52, 83
10, 83
26, 83
35, 83
3, 83
9, 83
48, 83
21, 83
7, 83
14, 83
8, 83
17, 83
8, 83
10, 83
8, 83
6, 83
6, 83
25, 83
13, 83
14, 83
3, 83
19, 83
8, 83
7, 83
15, 83
11, 83
4, 83
27, 83
47, 83
7, 83
15, 83
3, 83
1, 83
18, 83
2, 83
1, 83
55, 83
26, 83
15, 83
11, 83
12, 83
3, 83
26, 83
3, 83
20, 83
35, 83
81, 83
24, 83
18, 83
40, 83
40, 83
26, 83
3, 83
4, 83
19, 83
19, 83
2, 83
7, 83
51, 83
14, 83
47, 83
10, 83
11, 83
2, 83
11, 83
20, 83
5, 83
48, 83
62, 83
33, 83
17, 83
5, 83
2, 83
4, 83
31, 83
19, 83
17, 83
5, 83
65, 83
19, 83
5, 83
4, 83
87, 87
17, 87
7, 87
99, 99
54, 99
41, 99
8, 99
15, 99
42, 99
31, 99
20, 99
9, 99
17, 99
22, 99
8, 99
12, 99
1, 99
62, 99
18, 99
63, 99
4, 99
70, 99
16, 99
41, 99
23, 99
32, 99
12, 99
56, 99
69, 99
21, 99
43, 99
22, 99
37, 99
5, 99
42, 99
28, 99
47, 99
20, 99
44, 99
81, 99
52, 99
12, 99
8, 99
26, 99
12, 99
5, 99
6, 99
13, 99
19, 99
70, 99
4, 99
2, 99
18, 99
7, 99
46, 99
39, 99
59, 99
30, 99
13, 99
22, 99
26, 99
40, 99
6, 99
26, 99
4, 99
16, 99
14, 99
16, 99
17, 99
34, 99
10, 99
47, 99
8, 99
24, 99
20, 99
37, 99
7, 99
7, 99
18, 99
47, 99
3, 99
5, 99
34, 99
6, 99
42, 99
6, 99
29, 99
72, 99
91, 99
22, 99
78, 99
63, 99
42, 99
10, 99
24, 99
40, 99
39, 99
134, 134
25, 134
6, 134
43, 134
38, 134
5, 134
15, 134
89, 134
28, 134
94, 134
18, 134
50, 134
37, 134
24, 134
1, 134
10, 134
58, 134
4, 134
8, 134
54, 134
169, 169
22, 169
58, 169
15, 169
135, 169
15, 169
45, 169
209, 209
40, 209
4, 209
15, 209
74, 209
24, 209
77, 209
61, 209
29, 209
95, 209
24, 209
70, 209
31, 209
33, 209
10, 209
52, 209
78, 209
79, 209
9, 209
49, 209
12, 209
57, 209
123, 209
148, 209
25, 209
61, 209
11, 209
155, 209
39, 209
169, 209
3, 209
28, 209
101, 209
73, 209
89, 209
42, 209
27, 209
24, 209
163, 209
153, 209
77, 209
35, 209
62, 209
41, 209
43, 209
96, 209
62, 209
85, 209
29, 209
51, 209
224, 224
19, 224
19, 224
7, 224
30, 224
23, 224
56, 224
34, 224
54, 224
5, 224
26, 224
38, 224
23, 224
29, 224
109, 224
48, 224
159, 224
18, 224
13, 224
29, 224
17, 224
16, 224
65, 224
27, 224
54, 224
18, 224
15, 224
23, 224
27, 224
27, 224
208, 224
64, 224
45, 224
120, 224
14, 224
66, 224
8, 224
9, 224
17, 224
144, 224
81, 224
25, 224
18, 224
48, 224
54, 224
12, 224
38, 224
118, 224
72, 224
10, 224
6, 224
6, 224
199, 224
17, 224
64, 224
115, 224
12, 224
36, 224
40, 224
171, 224
39, 224
29, 224
65, 224
116, 224
9, 224
41, 224
118, 224
55, 224
60, 224
48, 224
85, 224
73, 224
37, 224
23, 224
86, 224
14, 224
49, 224
10, 224
20, 224
114, 224
165, 224
112, 224
109, 224
120, 224
38, 224
23, 224
41, 224
3, 224
27, 224
12, 224
54, 224
59, 224
6, 224
216, 224
8, 224
44, 224
59, 224
7, 224
2, 224
63, 224
262, 262
40, 262
142, 262
153, 262
47, 262
66, 262
34, 262
134, 262
125, 262
172, 262
23, 262
111, 262
436, 436
49, 436
65, 436
8, 436
18, 436
115, 436
23, 436
109, 436
101, 436
29, 436
728, 728
74, 728
211, 728
194, 728
75, 728
177, 728
99, 728
121, 728
231, 728
53, 728
107, 728
117, 728
61, 728
137, 728
134, 728
61, 728
430, 728
98, 728
56, 728
51, 728
152, 728
64, 728
206, 728
12, 728
17, 728
126, 728
23, 728
216, 728
360, 728
108, 728
95, 728
538, 728
314, 728
680, 728
86, 728
64, 728
118, 728
20, 728
176, 728
81, 728
857, 857
42, 857
183, 857
15, 857
155, 857
61, 857
149, 857
132, 857
142, 857
228, 857
139, 857
23, 857
457, 857
195, 857
398, 857
72, 857
77, 857
151, 857
91, 857
36, 857
38, 857
16, 857
31, 857
50, 857
57, 857
20, 857
56, 857
10, 857
61, 857
25, 857
197, 857
87, 857
95, 857
24, 857
70, 857
54, 857
17, 857
557, 857
206, 857
418, 857
218, 857
207, 857
43, 857
68, 857
341, 857
111, 857
58, 857
235, 857
156, 857
133, 857
187, 857
69, 857
167, 857
36, 857
19, 857
55, 857
740, 857
200, 857
85, 857
212, 857
52, 857
217, 857
137, 857
73, 857
38, 857
726, 857
33, 857
86, 857
7, 857
23, 857
94, 857
109, 857
497, 857
58, 857
342, 857
239, 857
148, 857
15, 857
125, 857
33, 857
38, 857
60, 857
83, 857
187, 857
163, 857
9, 857
21, 857
144, 857
17, 857
75, 857
11, 857
23, 857
165, 857
71, 857
2, 857
139, 857
363, 857
144, 857
212, 857
38, 857
167, 857
277, 857
129, 857
195, 857
18, 857
197, 857
88, 857
33, 857
174, 857
42, 857
94, 857
33, 857
54, 857
36, 857
102, 857
42, 857
95, 857
4, 857
57, 857
16, 857
0, 857
17, 857
67, 857
0, 857
48, 857
359, 857
49, 857
407, 857
153, 857
160, 857
566, 857
211, 857
62, 857
54, 857
58, 857
213, 857
94, 857
68, 857
44, 857
115, 857
270, 857
91, 857
46, 857
97, 857
559, 857
40, 857
553, 857
467, 857
31, 857
302, 857
242, 857
220, 857
197, 857
80, 857
100, 857
99, 857
31, 857
321, 857
19, 857
16, 857
66, 857
349, 857
138, 857
178, 857
54, 857
203, 857
52, 857
362, 857
18, 857
29, 857
90, 857
51, 857
356, 857
176, 857
32, 857
136, 857
541, 857
131, 857
56, 857
23, 857
298, 857
77, 857
18, 857
113, 857
49, 857
191, 857
49, 857
249, 857
144, 857
59, 857
327, 857
152, 857
45, 857
22, 857
55, 857
150, 857
110, 857
121, 857
63, 857
101, 857
202, 857
65, 857
36, 857
25, 857
14, 857
74, 857
37, 857
282, 857
84, 857
161, 857
25, 857
58, 857
76, 857
144, 857
213, 857
99, 857
349, 857
115, 857
7, 857
139, 857
113, 857
307, 857
6, 857
297, 857
293, 857
148, 857
174, 857
131, 857
151, 857
96, 857
17, 857
67, 857
59, 857
160, 857
68, 857
31, 857
306, 857
6, 857
45, 857
273, 857
338, 857
38, 857
626, 857
203, 857
402, 857
75, 857
224, 857
3, 857
333, 857
494, 857
59, 857
101, 857
330, 857
260, 857
134, 857
155, 857
27, 857
75, 857
134, 857
335, 857
410, 857
252, 857
46, 857
86, 857
14, 857
355, 857
38, 857
76, 857
19, 857
227, 857
107, 857
104, 857
151, 857
44, 857
271, 857
240, 857
39, 857
36, 857
145, 857
255, 857
93, 857
94, 857
49, 857
52, 857
358, 857
11, 857
33, 857
364, 857
233, 857
172, 857
88, 857
31, 857
124, 857
425, 857
308, 857
612, 857
14, 857
44, 857
78, 857
190, 857
547, 857
17, 857
95, 857
10, 857
42, 857
138, 857
657, 857
184, 857
85, 857
108, 857
164, 857
115, 857
282, 857
59, 857
289, 857
60, 857
172, 857
81, 857
44, 857
117, 857
234, 857
146, 857
303, 857
9, 857
134, 857
593, 857
11, 857
162, 857
283, 857
428, 857
13, 857
116, 857
249, 857
333, 857
135, 857
190, 857
36, 857
78, 857
250, 857
172, 857
62, 857
65, 857
79, 857
50, 857
31, 857
368, 857
12, 857
138, 857
64, 857
40, 857
6, 857
37, 857
330, 857
126, 857
798, 857
91, 857
66, 857
267, 857
709, 857
412, 857
313, 857
144, 857
41, 857
31, 857
13, 857
34, 857
29, 857
145, 857
971, 971
159, 971
48, 971
238, 971
24, 971
341, 971
152, 971
80, 971
201, 971
47, 971
123, 971
123, 971
241, 971
118, 971
659, 971
75, 971
77, 971
88, 971
30, 971
792, 971
161, 971
160, 971
88, 971
141, 971
154, 971
388, 971
55, 971
62, 971
53, 971
15, 971
91, 971
14, 971
178, 971
408, 971
46, 971
167, 971
176, 971
57, 971
331, 971
220, 971
89, 971
298, 971
35, 971
66, 971
410, 971
112, 971
41, 971
221, 971
112, 971
514, 971
90, 971
389, 971
88, 971
109, 971
120, 971
113, 971
130, 971
135, 971
46, 971
290, 971
268, 971
330, 971
541, 971
1301, 1301
89, 1301
442, 1301
187, 1301
337, 1301
486, 1301
65, 1301
344, 1301
714, 1301
252, 1301
751, 1301
48, 1301
94, 1301
72, 1301
66, 1301
39, 1301
67, 1301
295, 1301
30, 1301
95, 1301
303, 1301
508, 1301
254, 1301
131, 1301
359, 1301
352, 1301
445, 1301
11, 1301
6, 1301
18, 1301
169, 1301
215, 1301
258, 1301
46, 1301
133, 1301
47, 1301
46, 1301
194, 1301
191, 1301
231, 1301
27, 1301
14, 1301
121, 1301
141, 1301
112, 1301
78, 1301
27, 1301
254, 1301
365, 1301
23, 1301
57, 1301
188, 1301
168, 1301
24, 1301
69, 1301
20, 1301
76, 1301
84, 1301
61, 1301
57, 1301
45, 1301
39, 1301
58, 1301
189, 1301
164, 1301
197, 1301
358, 1301
6, 1301
111, 1301
204, 1301
487, 1301
120, 1301
164, 1301
416, 1301
108, 1301
283, 1301
373, 1301
108, 1301
1043, 1301
571, 1301
102, 1301
159, 1301
244, 1301
55, 1301
324, 1301
91, 1301
435, 1301
20, 1301
105, 1301
417, 1301
813, 1301
158, 1301
276, 1301
343, 1301
82, 1301
491, 1301
15, 1301
122, 1301
248, 1301
99, 1301
15, 1301
47, 1301
517, 1301
140, 1301
15, 1301
16, 1301
113, 1301
256, 1301
99, 1301
290, 1301
342, 1301
68, 1301
154, 1301
274, 1301
77, 1301
337, 1301
104, 1301
102, 1301
132, 1301
10, 1301
44, 1301
31, 1301
65, 1301
275, 1301
67, 1301
82, 1301
27, 1301
130, 1301
66, 1301
399, 1301
320, 1301
142, 1301
44, 1301
15, 1301
78, 1301
257, 1301
12, 1301
22, 1301
20, 1301
326, 1301
97, 1301
167, 1301
164, 1301
259, 1301
11, 1301
74, 1301
298, 1301
28, 1301
155, 1301
174, 1301
234, 1301
62, 1301
368, 1301
27, 1301
263, 1301
89, 1301
624, 1301
27, 1301
543, 1301
154, 1301
6, 1301
156, 1301
233, 1301
250, 1301
120, 1301
15, 1301
264, 1301
390, 1301
51, 1301
79, 1301
25, 1301
139, 1301
553, 1301
148, 1301
327, 1301
195, 1301
48, 1301
140, 1301
284, 1301
257, 1301
50, 1301
340, 1301
196, 1301
58, 1301
29, 1301
127, 1301
72, 1301
90, 1301
114, 1301
627, 1301
347, 1301
160, 1301
188, 1301
104, 1301
562, 1301
51, 1301
320, 1301
15, 1301
82, 1301
1, 1301
51, 1301
68, 1301
303, 1301
10, 1301
177, 1301
32, 1301
429, 1301
67, 1301
70, 1301
307, 1301
78, 1301
183, 1301
188, 1301
77, 1301
120, 1301
120, 1301
510, 1301
68, 1301
188, 1301
17, 1301
111, 1301
103, 1301
38, 1301
511, 1301
93, 1301
119, 1301
25, 1301
143, 1301
157, 1301
621, 1301
8, 1301
116, 1301
250, 1301
92, 1301
145, 1301
297, 1301
619, 1301
356, 1301
21, 1301
62, 1301
27, 1301
169, 1301
128, 1301
176, 1301
49, 1301
42, 1301
34, 1301
179, 1301
324, 1301
316, 1301
57, 1301
30, 1301
133, 1301
161, 1301
96, 1301
81, 1301
19, 1301
32, 1301
95, 1301
184, 1301
85, 1301
476, 1301
643, 1301
714, 1301
403, 1301
438, 1301
802, 1301
469, 1301
345, 1301
1063, 1301
320, 1301
738, 1301
267, 1301
813, 1301
589, 1301
363, 1301
1250, 1301
153, 1301
504, 1301
440, 1301
38, 1301
9, 1301
255, 1301
101, 1301
67, 1301
129, 1301
134, 1301
31, 1301
93, 1301
69, 1301
97, 1301
47, 1301
84, 1301
236, 1301
16, 1301
55, 1301
39, 1301
131, 1301
239, 1301
249, 1301
81, 1301
23, 1301
232, 1301
296, 1301
223, 1301
155, 1301
185, 1301
192, 1301
617, 1301
49, 1301
385, 1301
103, 1301
489, 1301
233, 1301
23, 1301
414, 1301
49, 1301
26, 1301
479, 1301
66, 1301
119, 1301
103, 1301
24, 1301
84, 1301
32, 1301
59, 1301
191, 1301
35, 1301
230, 1301
112, 1301
0, 1301
417, 1301
12, 1301
192, 1301
330, 1301
216, 1301
66, 1301
430, 1301
9, 1301
41, 1301
52, 1301
2, 1301
102, 1301
74, 1301
15, 1301
76, 1301
64, 1301
79, 1301
11, 1301
197, 1301
46, 1301
23, 1301
120, 1301
400, 1301
331, 1301
39, 1301
126, 1301
261, 1301
224, 1301
40, 1301
263, 1301
58, 1301
31, 1301
439, 1301
78, 1301
139, 1301
326, 1301
128, 1301
513, 1301
253, 1301
626, 1301
12, 1301
26, 1301
432, 1301
43, 1301
340, 1301
215, 1301
314, 1301
1260, 1301
83, 1301
24, 1301
15, 1301
30, 1301
135, 1301
162, 1301
214, 1301
11, 1301
57, 1301
98, 1301
165, 1301
22, 1301
135, 1301
374, 1301
155, 1301
7, 1301
447, 1301
56, 1301
475, 1301
353, 1301
441, 1301
570, 1301
9, 1301
480, 1301
232, 1301
35, 1301
62, 1301
423, 1301
211, 1301
104, 1301
389, 1301
124, 1301
129, 1301
32, 1301
132, 1301
258, 1301
68, 1301
47, 1301
93, 1301
104, 1301
183, 1301
448, 1301
271, 1301
57, 1301
14, 1301
200, 1301
129, 1301
453, 1301
150, 1301
199, 1301
105, 1301
204, 1301
179, 1301
26, 1301
198, 1301
32, 1301
78, 1301
444, 1301
54, 1301
503, 1301
93, 1301
156, 1301
11, 1301
397, 1301
91, 1301
155, 1301
233, 1301
5, 1301
123, 1301
331, 1301
340, 1301
36, 1301
78, 1301
10, 1301
9, 1301
65, 1301
19, 1301
115, 1301
18, 1301
533, 1301
68, 1301
203, 1301
82, 1301
76, 1301
239, 1301
105, 1301
21, 1301
621, 1301
78, 1301
199, 1301
190, 1301
378, 1301
231, 1301
10, 1301
418, 1301
46, 1301
66, 1301
176, 1301
179, 1301
28, 1301
55, 1301
184, 1301
153, 1301
98, 1301
10, 1301
275, 1301
143, 1301
399, 1301
126, 1301
135, 1301
19, 1301
328, 1301
17, 1301
166, 1301
49, 1301
112, 1301
102, 1301
253, 1301
292, 1301
82, 1301
73, 1301
114, 1301
88, 1301
181, 1301
181, 1301
162, 1301
14, 1301
31, 1301
540, 1301
606, 1301
610, 1301
312, 1301
328, 1301
436, 1301
29, 1301
176, 1301
99, 1301
53, 1301
23, 1301
225, 1301
156, 1301
41, 1301
62, 1301
110, 1301
16, 1301
36, 1301
57, 1301
113, 1301
213, 1301
56, 1301
156, 1301
447, 1301
310, 1301
58, 1301
146, 1301
164, 1301
71, 1301
277, 1301
22, 1301
176, 1301
264, 1301
220, 1301
22, 1301
47, 1301
1084, 1301
144, 1301
205, 1301
277, 1301
656, 1301
604, 1301
13, 1301
21, 1301
48, 1301
27, 1301
156, 1301
18, 1301
329, 1301
77, 1301
39, 1301
123, 1301
46, 1301
115, 1301
127, 1301
62, 1301
268, 1301
175, 1301
123, 1301
105, 1301
94, 1301
254, 1301
109, 1301
668, 1301
316, 1301
580, 1301
293, 1301
29, 1301
114, 1301
155, 1301
179, 1301
45, 1301
35, 1301
58, 1301
43, 1301
24, 1301
836, 1301
305, 1301
11, 1301
58, 1301
173, 1301
55, 1301
367, 1301
214, 1301
194, 1301
63, 1301
27, 1301
284, 1301
75, 1301
115, 1301
212, 1301
184, 1301
432, 1301
53, 1301
45, 1301
483, 1301
61, 1301
49, 1301
172, 1301
101, 1301
349, 1301
297, 1301
77, 1301
47, 1301
1183, 1301
69, 1301
878, 1301
18, 1301
5, 1301
144, 1301
407, 1301
711, 1301
37, 1301
151, 1301
529, 1301
54, 1301
33, 1301
159, 1301
523, 1301
624, 1301
158, 1301
160, 1301
63, 1301
88, 1301
15, 1301
170, 1301
27, 1301
56, 1301
15, 1301
342, 1301
198, 1301
206, 1301
158, 1301
24, 1301
160, 1301
34, 1301
32, 1301
86, 1301
195, 1301
318, 1301
24, 1301
61, 1301
256, 1301
162, 1301
215, 1301
12, 1301
129, 1301
80, 1301
16, 1301
89, 1301
94, 1301
51, 1301
443, 1301
69, 1301
433, 1301
678, 1301
39, 1301
296, 1301
197, 1301
46, 1301
104, 1301
94, 1301
51, 1301
382, 1301
278, 1301
42, 1301
204, 1301
207, 1301
73, 1301
66, 1301
434, 1301
42, 1301
345, 1301
19, 1301
535, 1301
269, 1301
125, 1301
127, 1301
314, 1301
23, 1301
181, 1301
14, 1301
154, 1301
234, 1301
254, 1301
21, 1301
488, 1301
74, 1301
66, 1301
297, 1301
222, 1301
101, 1301
60, 1301
891, 1301
28, 1301
228, 1301
192, 1301
632, 1301
11, 1301
220, 1301
70, 1301
116, 1301
153, 1301
97, 1301
165, 1301
254, 1301
129, 1301
44, 1301
134, 1301
337, 1301
117, 1301
93, 1301
501, 1301
97, 1301
104, 1301
186, 1301
78, 1301
141, 1301
166, 1301
35, 1301
341, 1301
80, 1301
146, 1301
53, 1301
260, 1301
906, 1301
96, 1301
161, 1301
26, 1301
80, 1301
35, 1301
144, 1301
72, 1301
108, 1301
485, 1301
218, 1301
49, 1301
26, 1301
352, 1301
15, 1301
3, 1301
191, 1301
276, 1301
168, 1301
63, 1301
163, 1301
547, 1301
712, 1301
87, 1301
418, 1301
480, 1301
675, 1301
87, 1301
77, 1301
237, 1301
225, 1301
28, 1301
493, 1301
310, 1301
50, 1301
267, 1301
107, 1301
49, 1301
13, 1301
606, 1301
315, 1301
19, 1301
181, 1301
217, 1301
156, 1301
393, 1301
321, 1301
68, 1301
404, 1301
72, 1301
94, 1301
37, 1301
529, 1301
158, 1301
96, 1301
34, 1301
30, 1301
13, 1301
164, 1301
208, 1301
458, 1301
225, 1301
310, 1301
787, 1301
522, 1301
304, 1301
692, 1301
558, 1301
379, 1301
493, 1301
547, 1301
753, 1301
34, 1301
488, 1301
110, 1301
193, 1301
54, 1301
58, 1301
495, 1301
47, 1301
221, 1301
67, 1301
237, 1301
232, 1301
30, 1301
74, 1301
70, 1301
98, 1301
203, 1301
85, 1301
87, 1301
108, 1301
13, 1301
177, 1301
147, 1301
145, 1301
183, 1301
292, 1301
306, 1301
7, 1301
39, 1301
87, 1301
62, 1301
7, 1301
69, 1301
37, 1301
184, 1301
22, 1301
189, 1301
20, 1301
43, 1301
38, 1301
232, 1301
383, 1301
211, 1301
207, 1301
90, 1301
497, 1301
98, 1301
124, 1301
45, 1301
309, 1301
41, 1301
35, 1301
89, 1301
357, 1301
75, 1301
137, 1301
347, 1301
469, 1301
401, 1301
76, 1301
1349, 1349
233, 1349
204, 1349
46, 1349
60, 1349
175, 1349
194, 1349
309, 1349
10, 1349
122, 1349
175, 1349
38, 1349
114, 1349
308, 1349
358, 1349
166, 1349
218, 1349
138, 1349
28, 1349
517, 1349
17, 1349
194, 1349
256, 1349
44, 1349
35, 1349
25, 1349
377, 1349
78, 1349
81, 1349
106, 1349
396, 1349
602, 1349
172, 1349
94, 1349
322, 1349
63, 1349
475, 1349
189, 1349
142, 1349
134, 1349
162, 1349
185, 1349
101, 1349
766, 1349
126, 1349
77, 1349
31, 1349
99, 1349
213, 1349
46, 1349
53, 1349
51, 1349
181, 1349
374, 1349
448, 1349
188, 1349
124, 1349
419, 1349
394, 1349
421, 1349
68, 1349
248, 1349
159, 1349
6, 1349
175, 1349
166, 1349
275, 1349
23, 1349
65, 1349
108, 1349
71, 1349
44, 1349
86, 1349
304, 1349
43, 1349
295, 1349
229, 1349
60, 1349
4, 1349
135, 1349
25, 1349
98, 1349
47, 1349
17, 1349
403, 1349
78, 1349
229, 1349
14, 1349
89, 1349
190, 1349
4, 1349
240, 1349
129, 1349
177, 1349
131, 1349
43, 1349
74, 1349
20, 1349
77, 1349
18, 1349
19, 1349
21, 1349
177, 1349
128, 1349
360, 1349
94, 1349
250, 1349
61, 1349
3, 1349
195, 1349
70, 1349
200, 1349
651, 1349
33, 1349
67, 1349
74, 1349
134, 1349
66, 1349
180, 1349
14, 1349
393, 1349
84, 1349
45, 1349
3387, 3387
66, 3387
85, 3387
494, 3387
127, 3387
195, 3387
47, 3387
289, 3387
132, 3387
24, 3387
414, 3387
33, 3387
31, 3387
219, 3387
142, 3387
188, 3387
24, 3387
265, 3387
273, 3387
173, 3387
247, 3387
19, 3387
349, 3387
7, 3387
106, 3387
350, 3387
505, 3387
481, 3387
716, 3387
234, 3387
39, 3387
241, 3387
85, 3387
412, 3387
385, 3387
56, 3387
238, 3387
37, 3387
524, 3387
325, 3387
43, 3387
78, 3387
74, 3387
358, 3387
141, 3387
141, 3387
196, 3387
118, 3387
232, 3387
253, 3387
149, 3387
597, 3387
171, 3387
37, 3387
209, 3387
428, 3387
145, 3387
111, 3387
303, 3387
158, 3387
98, 3387
479, 3387
134, 3387
65, 3387
169, 3387
513, 3387
196, 3387
248, 3387
62, 3387
425, 3387
18, 3387
44, 3387
72, 3387
55, 3387
131, 3387
193, 3387
103, 3387
121, 3387
145, 3387
16, 3387
33, 3387
287, 3387
60, 3387
371, 3387
54, 3387
287, 3387
59, 3387
154, 3387
75, 3387
427, 3387
487, 3387
156, 3387
395, 3387
167, 3387
334, 3387
506, 3387
315, 3387
297, 3387
119, 3387
456, 3387
50, 3387
310, 3387
85, 3387
519, 3387
160, 3387
337, 3387
41, 3387
199, 3387
213, 3387
338, 3387
113, 3387
292, 3387
225, 3387
61, 3387
128, 3387
73, 3387
136, 3387
115, 3387
343, 3387
55, 3387
796, 3387
50, 3387
195, 3387
158, 3387
153, 3387
45, 3387
123, 3387
298, 3387
199, 3387
454, 3387
564, 3387
111, 3387
1037, 3387
33, 3387
227, 3387
74, 3387
770, 3387
29, 3387
222, 3387
81, 3387
122, 3387
649, 3387
34, 3387
234, 3387
79, 3387
10, 3387
7, 3387
112, 3387
195, 3387
34, 3387
92, 3387
104, 3387
805, 3387
73, 3387
126, 3387
25, 3387
443, 3387
444, 3387
5, 3387
117, 3387
104, 3387
126, 3387
189, 3387
69, 3387
81, 3387
49, 3387
176, 3387
219, 3387
144, 3387
348, 3387
47, 3387
88, 3387
299, 3387
143, 3387
178, 3387
133, 3387
74, 3387
217, 3387
618, 3387
316, 3387
164, 3387
70, 3387
108, 3387
65, 3387
37, 3387
97, 3387
452, 3387
200, 3387
14, 3387
143, 3387
71, 3387
140, 3387
615, 3387
57, 3387
101, 3387
86, 3387
193, 3387
71, 3387
179, 3387
593, 3387
792, 3387
246, 3387
90, 3387
50, 3387
16, 3387
29, 3387
143, 3387
60, 3387
25, 3387
121, 3387
19, 3387
87, 3387
341, 3387
236, 3387
328, 3387
291, 3387
137, 3387
59, 3387
82, 3387
53, 3387
117, 3387
1021, 3387
457, 3387
125, 3387
97, 3387
12, 3387
127, 3387
366, 3387
42, 3387
638, 3387
15, 3387
461, 3387
34, 3387
340, 3387
167, 3387
10, 3387
24, 3387
92, 3387
239, 3387
324, 3387
144, 3387
46, 3387
276, 3387
91, 3387
110, 3387
250, 3387
622, 3387
150, 3387
166, 3387
214, 3387
477, 3387
500, 3387
46, 3387
22, 3387
59, 3387
54, 3387
60, 3387
282, 3387
278, 3387
136, 3387
627, 3387
483, 3387
79, 3387
367, 3387
287, 3387
368, 3387
120, 3387
119, 3387
418, 3387
34, 3387
238, 3387
44, 3387
41, 3387
13, 3387
221, 3387
77, 3387
434, 3387
254, 3387
392, 3387
198, 3387
31, 3387
220, 3387
477, 3387
178, 3387
100, 3387
16, 3387
621, 3387
548, 3387
411, 3387
226, 3387
104, 3387
172, 3387
42, 3387
320, 3387
9, 3387
25, 3387
72, 3387
239, 3387
307, 3387
108, 3387
37, 3387
18, 3387
291, 3387
139, 3387
417, 3387
25, 3387
8, 3387
31, 3387
299, 3387
34, 3387
135, 3387
49, 3387
167, 3387
164, 3387
549, 3387
703, 3387
52, 3387
633, 3387
100, 3387
49, 3387
26, 3387
91, 3387
192, 3387
89, 3387
569, 3387
294, 3387
14, 3387
154, 3387
191, 3387
868, 3387
67, 3387
307, 3387
60, 3387
75, 3387
176, 3387
60, 3387
202, 3387
31, 3387
103, 3387
41, 3387
178, 3387
54, 3387
327, 3387
373, 3387
239, 3387
645, 3387
121, 3387
41, 3387
144, 3387
389, 3387
264, 3387
138, 3387
84, 3387
26, 3387
173, 3387
153, 3387
403, 3387
135, 3387
296, 3387
501, 3387
205, 3387
15, 3387
156, 3387
378, 3387
177, 3387
204, 3387
86, 3387
330, 3387
77, 3387
94, 3387
211, 3387
130, 3387
38, 3387
53, 3387
56, 3387
153, 3387
23, 3387
142, 3387
431, 3387
235, 3387
64, 3387
82, 3387
205, 3387
128, 3387
8, 3387
23, 3387
268, 3387
343, 3387
78, 3387
48, 3387
141, 3387
231, 3387
39, 3387
139, 3387
210, 3387
1572, 3387
84, 3387
245, 3387
120, 3387
192, 3387
137, 3387
109, 3387
157, 3387
48, 3387
293, 3387
16, 3387
151, 3387
170, 3387
277, 3387
379, 3387
21, 3387
131, 3387
66, 3387
880, 3387
256, 3387
272, 3387
86, 3387
80, 3387
37, 3387
69, 3387
135, 3387
5, 3387
36, 3387
133, 3387
131, 3387
798, 3387
131, 3387
227, 3387
43, 3387
13, 3387
248, 3387
289, 3387
161, 3387
129, 3387
63, 3387
86, 3387
39, 3387
117, 3387
35, 3387
16, 3387
215, 3387
352, 3387
73, 3387
373, 3387
154, 3387
245, 3387
227, 3387
238, 3387
77, 3387
352, 3387
306, 3387
151, 3387
530, 3387
138, 3387
52, 3387
145, 3387
674, 3387
146, 3387
76, 3387
424, 3387
30, 3387
62, 3387
102, 3387
518, 3387
257, 3387
941, 3387
397, 3387
116, 3387
226, 3387
823, 3387
480, 3387
201, 3387
215, 3387
293, 3387
61, 3387
376, 3387
325, 3387
304, 3387
134, 3387
186, 3387
49, 3387
51, 3387
433, 3387
622, 3387
83, 3387
102, 3387
225, 3387
111, 3387
277, 3387
11, 3387
54, 3387
607, 3387
186, 3387
3, 3387
368, 3387
24, 3387
92, 3387
113, 3387
13, 3387
159, 3387
128, 3387
82, 3387
376, 3387
111, 3387
317, 3387
184, 3387
534, 3387
380, 3387
684, 3387
55, 3387
178, 3387
62, 3387
73, 3387
85, 3387
29, 3387
238, 3387
253, 3387
131, 3387
245, 3387
205, 3387
11, 3387
34, 3387
310, 3387
26, 3387
9, 3387
49, 3387
90, 3387
19, 3387
1208, 3387
474, 3387
481, 3387
341, 3387
126, 3387
27, 3387
149, 3387
358, 3387
16, 3387
173, 3387
195, 3387
227, 3387
15, 3387
114, 3387
270, 3387
17, 3387
116, 3387
63, 3387
48, 3387
433, 3387
246, 3387
102, 3387
114, 3387
41, 3387
254, 3387
118, 3387
41, 3387
1032, 3387
47, 3387
102, 3387
89, 3387
188, 3387
12, 3387
44, 3387
29, 3387
70, 3387
82, 3387
36, 3387
629, 3387
31, 3387
32, 3387
129, 3387
138, 3387
598, 3387
108, 3387
127, 3387
201, 3387
25, 3387
151, 3387
50, 3387
248, 3387
392, 3387
108, 3387
77, 3387
47, 3387
661, 3387
462, 3387
106, 3387
17, 3387
101, 3387
189, 3387
157, 3387
182, 3387
23, 3387
25, 3387
47, 3387
137, 3387
86, 3387
128, 3387
478, 3387
34, 3387
70, 3387
308, 3387
42, 3387
556, 3387
285, 3387
242, 3387
170, 3387
657, 3387
180, 3387
91, 3387
127, 3387
281, 3387
87, 3387
78, 3387
513, 3387
106, 3387
63, 3387
27, 3387
64, 3387
95, 3387
99, 3387
72, 3387
136, 3387
52, 3387
215, 3387
145, 3387
115, 3387
96, 3387
178, 3387
97, 3387
21, 3387
210, 3387
13, 3387
737, 3387
193, 3387
62, 3387
303, 3387
426, 3387
376, 3387
303, 3387
122, 3387
141, 3387
251, 3387
43, 3387
127, 3387
131, 3387
74, 3387
194, 3387
25, 3387
253, 3387
25, 3387
106, 3387
55, 3387
107, 3387
118, 3387
49, 3387
6, 3387
410, 3387
53, 3387
95, 3387
75, 3387
31, 3387
262, 3387
302, 3387
76, 3387
47, 3387
49, 3387
223, 3387
238, 3387
76, 3387
125, 3387
149, 3387
100, 3387
5, 3387
231, 3387
79, 3387
6, 3387
87, 3387
247, 3387
115, 3387
327, 3387
315, 3387
108, 3387
15, 3387
16, 3387
690, 3387
13, 3387
155, 3387
147, 3387
331, 3387
44, 3387
255, 3387
482, 3387
373, 3387
107, 3387
171, 3387
27, 3387
80, 3387
271, 3387
145, 3387
231, 3387
18, 3387
188, 3387
329, 3387
181, 3387
47, 3387
42, 3387
88, 3387
167, 3387
4, 3387
131, 3387
300, 3387
147, 3387
239, 3387
377, 3387
26, 3387
16, 3387
141, 3387
18, 3387
12, 3387
86, 3387
121, 3387
165, 3387
168, 3387
186, 3387
105, 3387
201, 3387
37, 3387
370, 3387
248, 3387
313, 3387
25, 3387
25, 3387
121, 3387
146, 3387
87, 3387
112, 3387
404, 3387
1670, 3387
4394, 4394
53, 4394
139, 4394
148, 4394
431, 4394
97, 4394
214, 4394
73, 4394
126, 4394
464, 4394
630, 4394
14, 4394
65, 4394
240, 4394
10, 4394
81, 4394
29, 4394
14, 4394
27, 4394
597, 4394
511, 4394
301, 4394
145, 4394
264, 4394
407, 4394
103, 4394
140, 4394
140, 4394
17, 4394
251, 4394
272, 4394
132, 4394
246, 4394
54, 4394
154, 4394
36, 4394
74, 4394
362, 4394
98, 4394
760, 4394
205, 4394
176, 4394
78, 4394
349, 4394
246, 4394
89, 4394
123, 4394
192, 4394
122, 4394
65, 4394
317, 4394
65, 4394
65, 4394
98, 4394
107, 4394
575, 4394
486, 4394
34, 4394
135, 4394
162, 4394
320, 4394
677, 4394
64, 4394
82, 4394
214, 4394
48, 4394
506, 4394
153, 4394
93, 4394
8, 4394
179, 4394
127, 4394
34, 4394
516, 4394
1192, 4394
136, 4394
507, 4394
675, 4394
23, 4394
28, 4394
45, 4394
192, 4394
298, 4394
201, 4394
140, 4394
83, 4394
110, 4394
101, 4394
357, 4394
125, 4394
110, 4394
31, 4394
81, 4394
41, 4394
408, 4394
77, 4394
184, 4394
447, 4394
413, 4394
16, 4394
273, 4394
193, 4394
150, 4394
21, 4394
847, 4394
267, 4394
155, 4394
1460, 4394
84, 4394
382, 4394
95, 4394
639, 4394
100, 4394
124, 4394
283, 4394
100, 4394
48, 4394
137, 4394
163, 4394
85, 4394
580, 4394
36, 4394
122, 4394
61, 4394
577, 4394
739, 4394
192, 4394
216, 4394
338, 4394
432, 4394
7, 4394
130, 4394
135, 4394
36, 4394
100, 4394
52, 4394
86, 4394
378, 4394
253, 4394
84, 4394
259, 4394
164, 4394
53, 4394
9, 4394
361, 4394
706, 4394
373, 4394
577, 4394
54, 4394
232, 4394
273, 4394
238, 4394
41, 4394
108, 4394
10, 4394
121, 4394
58, 4394
338, 4394
32, 4394
39, 4394
137, 4394
76, 4394
592, 4394
89, 4394
56, 4394
26, 4394
239, 4394
400, 4394
70, 4394
322, 4394
190, 4394
35, 4394
13, 4394
36, 4394
8, 4394
197, 4394
452, 4394
142, 4394
16, 4394
81, 4394
100, 4394
53, 4394
317, 4394
28, 4394
179, 4394
516, 4394
346, 4394
134, 4394
261, 4394
45, 4394
85, 4394
88, 4394
75, 4394
277, 4394
553, 4394
97, 4394
40, 4394
727, 4394
61, 4394
206, 4394
453, 4394
225, 4394
158, 4394
42, 4394
769, 4394
95, 4394
219, 4394
119, 4394
120, 4394
34, 4394
328, 4394
20, 4394
77, 4394
39, 4394
85, 4394
434, 4394
71, 4394
258, 4394
578, 4394
119, 4394
21, 4394
569, 4394
40, 4394
31, 4394
38, 4394
46, 4394
396, 4394
98, 4394
91, 4394
20, 4394
103, 4394
376, 4394
527, 4394
245, 4394
65, 4394
284, 4394
103, 4394
301, 4394
600, 4394
59, 4394
753, 4394
379, 4394
16, 4394
106, 4394
15, 4394
74, 4394
220, 4394
64, 4394
207, 4394
175, 4394
159, 4394
491, 4394
18, 4394
155, 4394
169, 4394
278, 4394
40, 4394
68, 4394
55, 4394
223, 4394
177, 4394
69, 4394
224, 4394
1017, 4394
107, 4394
136, 4394
335, 4394
162, 4394
165, 4394
151, 4394
122, 4394
111, 4394
