#Algorithm: ExpectedSARSA, Speed: 1, Boost: 3, PM: False, Env size: (20, 20), Car size: (3, 2),
#Counter: 100, Nsteps: 10000000, Gamma: 1, LearnRate: 0.01, Eps: 0.5, Epsdecay: 0.9
5, 5
8, 8
27, 27
9, 27
28, 28
50, 50
44, 50
126, 126
76, 126
96, 126
119, 126
35, 126
112, 126
158, 158
196, 196
214, 214
13, 214
75, 214
95, 214
123, 214
57, 214
50, 214
115, 214
161, 214
158, 214
221, 221
260, 260
48, 260
148, 260
78, 260
104, 260
110, 260
286, 286
90, 286
301, 301
127, 301
45, 301
145, 301
229, 301
190, 301
41, 301
480, 480
1215, 1215
465, 1215
345, 1215
52, 1215
377, 1215
207, 1215
1209, 1215
787, 1215
366, 1215
260, 1215
285, 1215
1265, 1265
1208, 1265
1397, 1397
742, 1397
238, 1397
579, 1397
876, 1397
259, 1397
1325, 1397
1272, 1397
1320, 1397
1403, 1403
1219, 1403
1414, 1414
923, 1414
1430, 1430
1411, 1430
1411, 1430
1201, 1430
1452, 1452
1425, 1452
1405, 1452
1407, 1452
1461, 1461
1423, 1461
1459, 1461
1457, 1461
1435, 1461
1409, 1461
1403, 1461
1429, 1461
1415, 1461
868, 1461
1472, 1472
1432, 1472
1453, 1472
1411, 1472
1406, 1472
1447, 1472
1453, 1472
1402, 1472
734, 1472
1424, 1472
839, 1472
1434, 1472
1400, 1472
1452, 1472
1417, 1472
1455, 1472
1427, 1472
1400, 1472
1405, 1472
1436, 1472
1406, 1472
1431, 1472
1448, 1472
1407, 1472
1447, 1472
1444, 1472
1472, 1472
1414, 1472
1431, 1472
1416, 1472
1419, 1472
841, 1472
880, 1472
1441, 1472
1435, 1472
1434, 1472
1409, 1472
1441, 1472
1477, 1477
1400, 1477
1409, 1477
804, 1477
1437, 1477
1431, 1477
1414, 1477
1473, 1477
1415, 1477
1408, 1477
1441, 1477
1451, 1477
1457, 1477
1423, 1477
802, 1477
1433, 1477
1425, 1477
1411, 1477
1416, 1477
1401, 1477
1408, 1477
1401, 1477
1407, 1477
1421, 1477
1413, 1477
787, 1477
1401, 1477
1449, 1477
1413, 1477
1443, 1477
1461, 1477
1551, 1551
1404, 1551
1538, 1551
1407, 1551
1431, 1551
1459, 1551
1424, 1551
853, 1551
1402, 1551
1420, 1551
1424, 1551
1429, 1551
1411, 1551
1404, 1551
1415, 1551
1405, 1551
1406, 1551
1419, 1551
1402, 1551
862, 1551
1403, 1551
1465, 1551
1455, 1551
1407, 1551
1402, 1551
1405, 1551
1428, 1551
1401, 1551
1427, 1551
1426, 1551
1440, 1551
1452, 1551
1415, 1551
1409, 1551
1439, 1551
1413, 1551
1436, 1551
1405, 1551
1415, 1551
1478, 1551
1414, 1551
1420, 1551
1403, 1551
1406, 1551
843, 1551
1415, 1551
1411, 1551
1407, 1551
1404, 1551
1417, 1551
1426, 1551
1407, 1551
1412, 1551
1432, 1551
1407, 1551
1412, 1551
1436, 1551
1413, 1551
1410, 1551
917, 1551
1410, 1551
1413, 1551
812, 1551
1415, 1551
1408, 1551
1475, 1551
1462, 1551
1404, 1551
1440, 1551
1418, 1551
1404, 1551
1428, 1551
1442, 1551
1400, 1551
1422, 1551
1413, 1551
1425, 1551
1460, 1551
890, 1551
1420, 1551
1543, 1551
919, 1551
1413, 1551
1466, 1551
1502, 1551
1424, 1551
1414, 1551
1407, 1551
1431, 1551
1463, 1551
1413, 1551
1457, 1551
1407, 1551
802, 1551
1410, 1551
1421, 1551
740, 1551
848, 1551
1427, 1551
1407, 1551
1408, 1551
1416, 1551
1402, 1551
1408, 1551
1408, 1551
1429, 1551
1421, 1551
1524, 1551
1410, 1551
1405, 1551
1424, 1551
1410, 1551
1413, 1551
1434, 1551
1427, 1551
776, 1551
1400, 1551
1402, 1551
1445, 1551
793, 1551
1416, 1551
1419, 1551
1424, 1551
1208, 1551
821, 1551
1440, 1551
1410, 1551
1431, 1551
1404, 1551
1407, 1551
1409, 1551
1401, 1551
1400, 1551
1413, 1551
851, 1551
1400, 1551
1508, 1551
1440, 1551
1494, 1551
1405, 1551
1414, 1551
1414, 1551
1426, 1551
1441, 1551
1412, 1551
1419, 1551
1430, 1551
1424, 1551
1419, 1551
808, 1551
1400, 1551
1407, 1551
1403, 1551
1459, 1551
1402, 1551
1443, 1551
1437, 1551
1415, 1551
1430, 1551
1405, 1551
731, 1551
835, 1551
1411, 1551
1457, 1551
1405, 1551
759, 1551
1413, 1551
1411, 1551
907, 1551
1402, 1551
824, 1551
1421, 1551
871, 1551
1413, 1551
1438, 1551
908, 1551
1412, 1551
1412, 1551
1400, 1551
1409, 1551
708, 1551
1529, 1551
1433, 1551
1454, 1551
1416, 1551
1456, 1551
897, 1551
1409, 1551
837, 1551
1405, 1551
1400, 1551
1441, 1551
1415, 1551
1415, 1551
1458, 1551
1433, 1551
1402, 1551
1440, 1551
1406, 1551
1406, 1551
852, 1551
1401, 1551
1417, 1551
1422, 1551
1404, 1551
1428, 1551
1414, 1551
1406, 1551
1454, 1551
1435, 1551
1409, 1551
846, 1551
1417, 1551
1430, 1551
1420, 1551
1451, 1551
1403, 1551
1452, 1551
791, 1551
1407, 1551
1402, 1551
1404, 1551
1446, 1551
1409, 1551
1401, 1551
1407, 1551
1404, 1551
1414, 1551
1436, 1551
1407, 1551
1418, 1551
919, 1551
1444, 1551
1414, 1551
1435, 1551
1410, 1551
1405, 1551
1411, 1551
1447, 1551
1402, 1551
1419, 1551
1402, 1551
1407, 1551
1407, 1551
1433, 1551
1407, 1551
1423, 1551
1408, 1551
1402, 1551
1423, 1551
1422, 1551
1450, 1551
1434, 1551
1405, 1551
900, 1551
1446, 1551
1422, 1551
1402, 1551
1402, 1551
1402, 1551
1416, 1551
1408, 1551
1431, 1551
1415, 1551
888, 1551
1415, 1551
1474, 1551
1434, 1551
1401, 1551
1451, 1551
1408, 1551
1439, 1551
1418, 1551
1438, 1551
1419, 1551
1415, 1551
1415, 1551
1416, 1551
1428, 1551
1401, 1551
1511, 1551
1405, 1551
1426, 1551
1409, 1551
1406, 1551
1402, 1551
1407, 1551
1426, 1551
1457, 1551
1428, 1551
1467, 1551
860, 1551
1423, 1551
1406, 1551
1404, 1551
1443, 1551
1438, 1551
1407, 1551
1431, 1551
1478, 1551
1408, 1551
1402, 1551
1420, 1551
1435, 1551
1453, 1551
1442, 1551
1400, 1551
1402, 1551
1401, 1551
1411, 1551
1423, 1551
1445, 1551
1450, 1551
1412, 1551
1455, 1551
1405, 1551
809, 1551
1411, 1551
1431, 1551
1430, 1551
1409, 1551
1402, 1551
1403, 1551
1426, 1551
1401, 1551
1417, 1551
733, 1551
1471, 1551
812, 1551
1404, 1551
1474, 1551
1407, 1551
1423, 1551
1431, 1551
835, 1551
1426, 1551
1451, 1551
1409, 1551
1438, 1551
1423, 1551
1416, 1551
1410, 1551
1404, 1551
1408, 1551
1427, 1551
1432, 1551
1414, 1551
814, 1551
1424, 1551
1425, 1551
1446, 1551
1405, 1551
1402, 1551
1441, 1551
1425, 1551
1415, 1551
1407, 1551
814, 1551
1401, 1551
1434, 1551
1509, 1551
1484, 1551
1418, 1551
1411, 1551
1419, 1551
1471, 1551
1422, 1551
1449, 1551
1421, 1551
1400, 1551
1472, 1551
1435, 1551
1407, 1551
1460, 1551
1409, 1551
1424, 1551
893, 1551
1401, 1551
1445, 1551
1402, 1551
1500, 1551
1418, 1551
1451, 1551
1410, 1551
1418, 1551
1402, 1551
1406, 1551
1401, 1551
1477, 1551
1403, 1551
1433, 1551
719, 1551
1402, 1551
1405, 1551
1406, 1551
1426, 1551
1416, 1551
795, 1551
1426, 1551
1405, 1551
1425, 1551
1419, 1551
707, 1551
1404, 1551
1401, 1551
1422, 1551
831, 1551
1481, 1551
1407, 1551
1405, 1551
1426, 1551
1406, 1551
1445, 1551
1422, 1551
1424, 1551
1409, 1551
1400, 1551
1401, 1551
1447, 1551
1413, 1551
1407, 1551
1424, 1551
1437, 1551
1471, 1551
1429, 1551
1403, 1551
1418, 1551
1428, 1551
1432, 1551
1460, 1551
1446, 1551
1428, 1551
1446, 1551
1415, 1551
1404, 1551
1415, 1551
1402, 1551
1491, 1551
1419, 1551
1403, 1551
1426, 1551
1400, 1551
1438, 1551
1434, 1551
1426, 1551
1412, 1551
1420, 1551
1424, 1551
1402, 1551
1408, 1551
1406, 1551
1415, 1551
1470, 1551
1443, 1551
1409, 1551
1403, 1551
1440, 1551
1410, 1551
1412, 1551
1402, 1551
1401, 1551
1410, 1551
1407, 1551
1410, 1551
1417, 1551
1432, 1551
1415, 1551
1432, 1551
1426, 1551
1405, 1551
1405, 1551
1401, 1551
1405, 1551
1408, 1551
1404, 1551
1404, 1551
1400, 1551
1429, 1551
798, 1551
1412, 1551
1416, 1551
1404, 1551
1447, 1551
1409, 1551
1493, 1551
1441, 1551
827, 1551
881, 1551
1436, 1551
1408, 1551
1412, 1551
1410, 1551
1410, 1551
1404, 1551
754, 1551
1404, 1551
1404, 1551
1402, 1551
1431, 1551
1400, 1551
1472, 1551
1405, 1551
1411, 1551
865, 1551
1426, 1551
1487, 1551
1401, 1551
1441, 1551
1413, 1551
1403, 1551
1415, 1551
1421, 1551
1412, 1551
1480, 1551
1437, 1551
1400, 1551
1424, 1551
1500, 1551
1455, 1551
779, 1551
1415, 1551
1445, 1551
1400, 1551
1404, 1551
1425, 1551
1421, 1551
1462, 1551
1419, 1551
1423, 1551
1443, 1551
1428, 1551
1415, 1551
1467, 1551
1402, 1551
1429, 1551
1401, 1551
1530, 1551
1423, 1551
1408, 1551
1419, 1551
1413, 1551
1405, 1551
1423, 1551
1430, 1551
1418, 1551
1418, 1551
1449, 1551
1469, 1551
1401, 1551
1407, 1551
1408, 1551
1418, 1551
1435, 1551
1415, 1551
1400, 1551
1433, 1551
1400, 1551
1401, 1551
1405, 1551
1413, 1551
1431, 1551
1409, 1551
1424, 1551
1436, 1551
1452, 1551
1432, 1551
1423, 1551
1406, 1551
1416, 1551
1400, 1551
1435, 1551
1448, 1551
1406, 1551
1405, 1551
1409, 1551
1432, 1551
1402, 1551
1419, 1551
1436, 1551
1403, 1551
1437, 1551
1408, 1551
1420, 1551
1405, 1551
1408, 1551
1424, 1551
1404, 1551
1404, 1551
1430, 1551
1400, 1551
1435, 1551
1422, 1551
906, 1551
1434, 1551
1454, 1551
1456, 1551
1442, 1551
1415, 1551
1456, 1551
1409, 1551
1451, 1551
1430, 1551
1445, 1551
1425, 1551
1440, 1551
1406, 1551
1419, 1551
1402, 1551
1408, 1551
1429, 1551
1413, 1551
1466, 1551
1442, 1551
1450, 1551
1422, 1551
1524, 1551
1421, 1551
1432, 1551
843, 1551
811, 1551
1419, 1551
1427, 1551
1433, 1551
1426, 1551
1416, 1551
1428, 1551
1443, 1551
1424, 1551
1410, 1551
1403, 1551
1421, 1551
820, 1551
1416, 1551
1431, 1551
1486, 1551
1409, 1551
840, 1551
1414, 1551
1421, 1551
1401, 1551
1432, 1551
1410, 1551
826, 1551
1400, 1551
1442, 1551
1401, 1551
1424, 1551
1415, 1551
1435, 1551
1400, 1551
1460, 1551
1409, 1551
1401, 1551
820, 1551
1405, 1551
1420, 1551
1410, 1551
858, 1551
1413, 1551
1400, 1551
1426, 1551
1421, 1551
1412, 1551
1401, 1551
731, 1551
1476, 1551
1479, 1551
1411, 1551
1433, 1551
781, 1551
1403, 1551
1400, 1551
1405, 1551
1415, 1551
1422, 1551
1434, 1551
1400, 1551
1427, 1551
1404, 1551
1428, 1551
1422, 1551
1400, 1551
1418, 1551
1405, 1551
1427, 1551
1405, 1551
1410, 1551
1414, 1551
1433, 1551
1405, 1551
1419, 1551
1411, 1551
1447, 1551
1401, 1551
1402, 1551
1419, 1551
1455, 1551
1424, 1551
881, 1551
1416, 1551
1419, 1551
1403, 1551
833, 1551
1426, 1551
1409, 1551
798, 1551
1403, 1551
1445, 1551
1406, 1551
1402, 1551
1480, 1551
1411, 1551
1473, 1551
1400, 1551
805, 1551
1444, 1551
1434, 1551
1419, 1551
1413, 1551
1415, 1551
1404, 1551
1400, 1551
1411, 1551
1427, 1551
1435, 1551
1405, 1551
1426, 1551
1415, 1551
1418, 1551
874, 1551
1438, 1551
1432, 1551
1427, 1551
1402, 1551
1430, 1551
1408, 1551
1400, 1551
1433, 1551
1461, 1551
1415, 1551
1417, 1551
1404, 1551
1407, 1551
1425, 1551
1425, 1551
1421, 1551
1409, 1551
1413, 1551
1401, 1551
1418, 1551
1402, 1551
1402, 1551
1427, 1551
791, 1551
1411, 1551
1427, 1551
1400, 1551
1403, 1551
1405, 1551
798, 1551
1400, 1551
1415, 1551
1404, 1551
1413, 1551
1411, 1551
1402, 1551
1428, 1551
1401, 1551
1420, 1551
1412, 1551
1417, 1551
1419, 1551
1427, 1551
1442, 1551
860, 1551
1434, 1551
1402, 1551
1433, 1551
1406, 1551
1410, 1551
1434, 1551
1411, 1551
1407, 1551
1433, 1551
1403, 1551
1417, 1551
1436, 1551
1430, 1551
1487, 1551
1449, 1551
1413, 1551
1420, 1551
1407, 1551
1404, 1551
1432, 1551
1424, 1551
1425, 1551
1466, 1551
1404, 1551
1414, 1551
1430, 1551
1411, 1551
1405, 1551
1424, 1551
1409, 1551
1447, 1551
1401, 1551
1407, 1551
1415, 1551
1409, 1551
1428, 1551
1433, 1551
1424, 1551
1400, 1551
1412, 1551
1427, 1551
1426, 1551
1429, 1551
1406, 1551
1434, 1551
1462, 1551
1406, 1551
1431, 1551
1403, 1551
848, 1551
1421, 1551
1443, 1551
1413, 1551
1412, 1551
1435, 1551
1405, 1551
1410, 1551
1446, 1551
1441, 1551
1404, 1551
1421, 1551
1417, 1551
1401, 1551
1430, 1551
1410, 1551
1416, 1551
885, 1551
1416, 1551
1401, 1551
1404, 1551
846, 1551
1401, 1551
1411, 1551
1429, 1551
1404, 1551
1400, 1551
1497, 1551
1402, 1551
1435, 1551
1401, 1551
1410, 1551
1406, 1551
1407, 1551
781, 1551
1400, 1551
1419, 1551
1442, 1551
1426, 1551
1412, 1551
1423, 1551
1418, 1551
1401, 1551
1449, 1551
1442, 1551
1422, 1551
1417, 1551
1431, 1551
1412, 1551
881, 1551
1422, 1551
1412, 1551
1435, 1551
1439, 1551
1443, 1551
1406, 1551
1478, 1551
1425, 1551
895, 1551
1407, 1551
770, 1551
1416, 1551
1414, 1551
1427, 1551
1439, 1551
1400, 1551
1445, 1551
1402, 1551
1404, 1551
818, 1551
1408, 1551
1429, 1551
1406, 1551
1428, 1551
1438, 1551
1415, 1551
1409, 1551
1436, 1551
1412, 1551
825, 1551
1438, 1551
1432, 1551
764, 1551
1423, 1551
1425, 1551
1416, 1551
1409, 1551
1420, 1551
1421, 1551
1445, 1551
1510, 1551
1471, 1551
1443, 1551
1404, 1551
1411, 1551
1402, 1551
1422, 1551
1449, 1551
1419, 1551
1408, 1551
1408, 1551
1428, 1551
1416, 1551
1428, 1551
1419, 1551
1405, 1551
1403, 1551
1430, 1551
1415, 1551
1457, 1551
1451, 1551
1418, 1551
1419, 1551
723, 1551
1405, 1551
1432, 1551
1454, 1551
1412, 1551
1411, 1551
1403, 1551
1409, 1551
1401, 1551
1432, 1551
1417, 1551
1419, 1551
1416, 1551
1403, 1551
1418, 1551
1403, 1551
1420, 1551
1444, 1551
1403, 1551
1488, 1551
1402, 1551
1420, 1551
1426, 1551
1415, 1551
880, 1551
1436, 1551
1525, 1551
1424, 1551
1425, 1551
1409, 1551
1444, 1551
1400, 1551
1402, 1551
1504, 1551
1403, 1551
1436, 1551
1437, 1551
1400, 1551
1424, 1551
1420, 1551
1401, 1551
1421, 1551
1433, 1551
1427, 1551
1403, 1551
1410, 1551
1421, 1551
1418, 1551
1462, 1551
1405, 1551
782, 1551
1400, 1551
1401, 1551
1414, 1551
1439, 1551
1425, 1551
1441, 1551
1428, 1551
1411, 1551
1420, 1551
1459, 1551
1413, 1551
1485, 1551
1432, 1551
1457, 1551
1408, 1551
762, 1551
1429, 1551
1403, 1551
1403, 1551
1429, 1551
1418, 1551
1405, 1551
1459, 1551
1400, 1551
1429, 1551
745, 1551
1413, 1551
1421, 1551
1410, 1551
1412, 1551
1402, 1551
807, 1551
1424, 1551
1415, 1551
1405, 1551
1408, 1551
1477, 1551
1436, 1551
1448, 1551
1405, 1551
1419, 1551
897, 1551
1425, 1551
843, 1551
1400, 1551
1512, 1551
1401, 1551
852, 1551
1452, 1551
1416, 1551
1408, 1551
1437, 1551
1436, 1551
1435, 1551
1426, 1551
1404, 1551
800, 1551
814, 1551
1430, 1551
1412, 1551
1406, 1551
1422, 1551
1437, 1551
946, 1551
1436, 1551
1400, 1551
1413, 1551
1419, 1551
1401, 1551
1429, 1551
1432, 1551
1410, 1551
1423, 1551
1404, 1551
863, 1551
1483, 1551
1407, 1551
1420, 1551
1445, 1551
1404, 1551
1418, 1551
1413, 1551
888, 1551
855, 1551
1404, 1551
1403, 1551
1414, 1551
1408, 1551
1446, 1551
1409, 1551
1416, 1551
1435, 1551
785, 1551
1430, 1551
812, 1551
1411, 1551
721, 1551
1430, 1551
1422, 1551
1423, 1551
1405, 1551
1445, 1551
1418, 1551
1402, 1551
1400, 1551
739, 1551
1496, 1551
1490, 1551
1404, 1551
1407, 1551
1453, 1551
1466, 1551
1486, 1551
880, 1551
1421, 1551
1420, 1551
1402, 1551
1400, 1551
1418, 1551
874, 1551
1483, 1551
1440, 1551
1402, 1551
1401, 1551
1460, 1551
1488, 1551
1403, 1551
1402, 1551
1401, 1551
1414, 1551
1492, 1551
1403, 1551
1432, 1551
1439, 1551
1413, 1551
1504, 1551
1480, 1551
1421, 1551
1424, 1551
1400, 1551
1437, 1551
1429, 1551
1401, 1551
1427, 1551
1411, 1551
1407, 1551
1413, 1551
1459, 1551
1415, 1551
1558, 1558
1400, 1558
1415, 1558
1403, 1558
1447, 1558
1433, 1558
1414, 1558
1408, 1558
1400, 1558
1425, 1558
1406, 1558
1450, 1558
1405, 1558
1407, 1558
1405, 1558
1415, 1558
1431, 1558
1440, 1558
1411, 1558
1423, 1558
1402, 1558
1433, 1558
1410, 1558
1411, 1558
1420, 1558
1421, 1558
1429, 1558
1418, 1558
1402, 1558
1433, 1558
1402, 1558
1443, 1558
1400, 1558
743, 1558
1401, 1558
1416, 1558
1424, 1558
1402, 1558
1404, 1558
1406, 1558
1413, 1558
1406, 1558
1462, 1558
1465, 1558
1409, 1558
1457, 1558
1450, 1558
1420, 1558
1401, 1558
1429, 1558
1430, 1558
1463, 1558
1447, 1558
1474, 1558
1407, 1558
1514, 1558
1409, 1558
1402, 1558
1415, 1558
1448, 1558
1401, 1558
1418, 1558
1499, 1558
1404, 1558
1419, 1558
1498, 1558
1439, 1558
1407, 1558
1402, 1558
875, 1558
795, 1558
1411, 1558
1474, 1558
860, 1558
1402, 1558
1437, 1558
1445, 1558
1405, 1558
1404, 1558
1409, 1558
1411, 1558
1448, 1558
1423, 1558
1416, 1558
1493, 1558
1417, 1558
1401, 1558
1407, 1558
1408, 1558
1416, 1558
1457, 1558
866, 1558
1409, 1558
1402, 1558
1414, 1558
1444, 1558
1424, 1558
1402, 1558
1438, 1558
1403, 1558
1470, 1558
1401, 1558
1458, 1558
1460, 1558
1415, 1558
1413, 1558
1405, 1558
936, 1558
1417, 1558
1426, 1558
1439, 1558
1404, 1558
1483, 1558
1422, 1558
1413, 1558
1417, 1558
1421, 1558
1415, 1558
1451, 1558
1414, 1558
1421, 1558
1403, 1558
1403, 1558
1404, 1558
1416, 1558
1400, 1558
1414, 1558
1400, 1558
1404, 1558
1407, 1558
1420, 1558
1419, 1558
1443, 1558
1412, 1558
1426, 1558
1433, 1558
1427, 1558
1411, 1558
779, 1558
1415, 1558
1412, 1558
1407, 1558
1402, 1558
1448, 1558
756, 1558
1406, 1558
1435, 1558
1423, 1558
1421, 1558
1403, 1558
1428, 1558
913, 1558
1407, 1558
1402, 1558
1413, 1558
1450, 1558
1420, 1558
1425, 1558
1413, 1558
1449, 1558
762, 1558
1412, 1558
1404, 1558
1444, 1558
1410, 1558
1410, 1558
811, 1558
1400, 1558
866, 1558
1522, 1558
1409, 1558
1461, 1558
1404, 1558
1417, 1558
1425, 1558
1501, 1558
1416, 1558
1405, 1558
1410, 1558
1414, 1558
1408, 1558
1438, 1558
1418, 1558
1433, 1558
1443, 1558
1400, 1558
1415, 1558
1444, 1558
1433, 1558
795, 1558
1412, 1558
1414, 1558
1418, 1558
1423, 1558
1420, 1558
1434, 1558
1404, 1558
1413, 1558
1406, 1558
904, 1558
1400, 1558
1441, 1558
1423, 1558
1430, 1558
1412, 1558
1400, 1558
