#Algorithm: ExpectedSARSA, Speed: 1, Boost: 5, PM: False, Env size: (20, 20), Car size: (6, 5),
#Counter: 10000000, Nsteps: 10000000, Gamma: 1, LearnRate: 0.01, Eps: 0.5, Epsdecay: 0.9
0, 0
0, 0
0, 0
0, 0
0, 0
2, 2
0, 2
0, 2
2, 2
4, 4
0, 4
1, 4
1, 4
1, 4
1, 4
9, 9
3, 9
4, 9
6, 9
2, 9
1, 9
1, 9
6, 9
1, 9
0, 9
1, 9
4, 9
5, 9
1, 9
5, 9
3, 9
2, 9
4, 9
2, 9
0, 9
0, 9
18, 18
6, 18
4, 18
1, 18
1, 18
4, 18
3, 18
2, 18
1, 18
5, 18
0, 18
3, 18
2, 18
2, 18
3, 18
9, 18
3, 18
1, 18
4, 18
5, 18
6, 18
2, 18
8, 18
1, 18
8, 18
1, 18
2, 18
0, 18
1, 18
4, 18
5, 18
5, 18
3, 18
0, 18
13, 18
1, 18
2, 18
4, 18
2, 18
0, 18
4, 18
1, 18
7, 18
0, 18
3, 18
1, 18
1, 18
3, 18
0, 18
4, 18
1, 18
4, 18
2, 18
1, 18
1, 18
1, 18
1, 18
6, 18
4, 18
1, 18
4, 18
2, 18
16, 18
9, 18
3, 18
5, 18
4, 18
1, 18
1, 18
3, 18
13, 18
2, 18
10, 18
0, 18
8, 18
4, 18
3, 18
6, 18
4, 18
7, 18
3, 18
3, 18
3, 18
3, 18
6, 18
4, 18
2, 18
2, 18
4, 18
3, 18
1, 18
9, 18
4, 18
0, 18
18, 18
1, 18
0, 18
4, 18
3, 18
0, 18
0, 18
1, 18
0, 18
6, 18
1, 18
1, 18
0, 18
1, 18
6, 18
3, 18
2, 18
18, 18
7, 18
12, 18
1, 18
2, 18
3, 18
7, 18
21, 21
6, 21
9, 21
4, 21
5, 21
0, 21
1, 21
4, 21
22, 22
3, 22
1, 22
0, 22
2, 22
10, 22
5, 22
10, 22
2, 22
6, 22
2, 22
2, 22
8, 22
2, 22
0, 22
10, 22
0, 22
4, 22
0, 22
0, 22
3, 22
4, 22
5, 22
2, 22
2, 22
7, 22
5, 22
9, 22
1, 22
2, 22
2, 22
1, 22
4, 22
0, 22
1, 22
0, 22
1, 22
6, 22
4, 22
1, 22
6, 22
2, 22
0, 22
14, 22
3, 22
1, 22
2, 22
3, 22
7, 22
1, 22
7, 22
10, 22
5, 22
4, 22
15, 22
1, 22
5, 22
8, 22
4, 22
23, 23
3, 23
7, 23
1, 23
10, 23
4, 23
13, 23
7, 23
2, 23
8, 23
12, 23
12, 23
7, 23
1, 23
1, 23
1, 23
2, 23
11, 23
0, 23
3, 23
0, 23
4, 23
5, 23
1, 23
1, 23
10, 23
4, 23
3, 23
1, 23
1, 23
5, 23
8, 23
8, 23
7, 23
2, 23
3, 23
15, 23
3, 23
3, 23
2, 23
4, 23
10, 23
0, 23
10, 23
3, 23
4, 23
6, 23
3, 23
7, 23
5, 23
16, 23
6, 23
5, 23
10, 23
1, 23
6, 23
6, 23
10, 23
4, 23
2, 23
11, 23
1, 23
9, 23
8, 23
9, 23
5, 23
6, 23
7, 23
12, 23
15, 23
2, 23
23, 23
4, 23
3, 23
24, 24
36, 36
12, 36
12, 36
15, 36
2, 36
4, 36
11, 36
5, 36
0, 36
5, 36
2, 36
48, 48
4, 48
4, 48
7, 48
5, 48
2, 48
6, 48
9, 48
2, 48
2, 48
11, 48
0, 48
9, 48
6, 48
1, 48
6, 48
9, 48
5, 48
17, 48
7, 48
21, 48
12, 48
3, 48
4, 48
6, 48
4, 48
33, 48
2, 48
4, 48
7, 48
0, 48
9, 48
13, 48
1, 48
33, 48
20, 48
2, 48
7, 48
9, 48
5, 48
1, 48
13, 48
8, 48
13, 48
7, 48
0, 48
38, 48
17, 48
17, 48
0, 48
7, 48
1, 48
0, 48
13, 48
16, 48
13, 48
5, 48
17, 48
10, 48
0, 48
1, 48
8, 48
25, 48
20, 48
2, 48
6, 48
5, 48
12, 48
5, 48
13, 48
6, 48
11, 48
4, 48
13, 48
21, 48
9, 48
6, 48
5, 48
6, 48
4, 48
1, 48
24, 48
15, 48
2, 48
3, 48
9, 48
22, 48
9, 48
7, 48
2, 48
9, 48
1, 48
5, 48
17, 48
3, 48
3, 48
14, 48
5, 48
3, 48
1, 48
18, 48
8, 48
4, 48
47, 48
5, 48
15, 48
16, 48
10, 48
8, 48
0, 48
7, 48
7, 48
1, 48
14, 48
19, 48
1, 48
6, 48
0, 48
0, 48
14, 48
3, 48
7, 48
2, 48
3, 48
3, 48
3, 48
0, 48
18, 48
1, 48
39, 48
6, 48
8, 48
20, 48
0, 48
3, 48
3, 48
4, 48
2, 48
23, 48
8, 48
2, 48
19, 48
0, 48
9, 48
1, 48
7, 48
3, 48
1, 48
8, 48
2, 48
3, 48
13, 48
7, 48
5, 48
0, 48
3, 48
7, 48
21, 48
0, 48
3, 48
6, 48
0, 48
8, 48
20, 48
8, 48
23, 48
2, 48
11, 48
3, 48
3, 48
6, 48
0, 48
9, 48
0, 48
34, 48
19, 48
0, 48
0, 48
1, 48
19, 48
4, 48
15, 48
15, 48
5, 48
9, 48
10, 48
9, 48
6, 48
6, 48
6, 48
4, 48
13, 48
0, 48
1, 48
10, 48
5, 48
0, 48
2, 48
7, 48
13, 48
4, 48
7, 48
14, 48
6, 48
11, 48
3, 48
18, 48
15, 48
29, 48
23, 48
9, 48
6, 48
10, 48
0, 48
6, 48
1, 48
19, 48
4, 48
37, 48
20, 48
18, 48
5, 48
17, 48
24, 48
5, 48
9, 48
15, 48
23, 48
4, 48
13, 48
13, 48
9, 48
12, 48
15, 48
16, 48
31, 48
8, 48
13, 48
2, 48
4, 48
1, 48
3, 48
5, 48
11, 48
3, 48
2, 48
3, 48
19, 48
6, 48
12, 48
1, 48
3, 48
3, 48
1, 48
2, 48
18, 48
11, 48
7, 48
4, 48
1, 48
2, 48
0, 48
2, 48
8, 48
2, 48
0, 48
11, 48
7, 48
2, 48
5, 48
1, 48
7, 48
0, 48
9, 48
0, 48
1, 48
6, 48
31, 48
8, 48
0, 48
1, 48
5, 48
16, 48
4, 48
0, 48
0, 48
0, 48
1, 48
16, 48
14, 48
2, 48
16, 48
5, 48
2, 48
0, 48
5, 48
8, 48
6, 48
3, 48
4, 48
3, 48
1, 48
0, 48
5, 48
3, 48
30, 48
20, 48
18, 48
9, 48
0, 48
1, 48
4, 48
10, 48
0, 48
1, 48
11, 48
11, 48
3, 48
11, 48
2, 48
4, 48
12, 48
4, 48
3, 48
7, 48
0, 48
10, 48
16, 48
39, 48
5, 48
12, 48
16, 48
7, 48
10, 48
24, 48
9, 48
6, 48
5, 48
11, 48
9, 48
7, 48
11, 48
3, 48
4, 48
22, 48
9, 48
3, 48
11, 48
1, 48
1, 48
6, 48
2, 48
5, 48
3, 48
13, 48
9, 48
9, 48
8, 48
9, 48
2, 48
7, 48
6, 48
9, 48
22, 48
1, 48
1, 48
5, 48
4, 48
1, 48
5, 48
15, 48
10, 48
4, 48
17, 48
15, 48
1, 48
11, 48
3, 48
1, 48
18, 48
1, 48
2, 48
4, 48
4, 48
23, 48
0, 48
1, 48
3, 48
4, 48
8, 48
23, 48
8, 48
11, 48
13, 48
19, 48
1, 48
13, 48
5, 48
2, 48
4, 48
22, 48
17, 48
3, 48
1, 48
2, 48
15, 48
5, 48
5, 48
4, 48
8, 48
1, 48
13, 48
2, 48
13, 48
12, 48
1, 48
0, 48
2, 48
37, 48
17, 48
2, 48
15, 48
6, 48
9, 48
11, 48
9, 48
0, 48
0, 48
4, 48
3, 48
4, 48
5, 48
12, 48
12, 48
3, 48
8, 48
8, 48
6, 48
9, 48
10, 48
2, 48
3, 48
3, 48
24, 48
2, 48
0, 48
20, 48
15, 48
1, 48
0, 48
5, 48
32, 48
11, 48
7, 48
12, 48
2, 48
12, 48
20, 48
11, 48
4, 48
0, 48
2, 48
2, 48
7, 48
10, 48
3, 48
13, 48
3, 48
29, 48
8, 48
6, 48
6, 48
13, 48
14, 48
2, 48
4, 48
5, 48
6, 48
10, 48
7, 48
9, 48
3, 48
61, 61
2, 61
15, 61
14, 61
10, 61
25, 61
9, 61
4, 61
26, 61
12, 61
0, 61
0, 61
3, 61
1, 61
10, 61
7, 61
8, 61
12, 61
0, 61
2, 61
0, 61
15, 61
4, 61
2, 61
1, 61
1, 61
5, 61
0, 61
21, 61
4, 61
1, 61
5, 61
6, 61
10, 61
11, 61
2, 61
5, 61
4, 61
7, 61
9, 61
8, 61
13, 61
26, 61
7, 61
11, 61
20, 61
7, 61
20, 61
26, 61
20, 61
10, 61
11, 61
6, 61
5, 61
22, 61
19, 61
19, 61
38, 61
28, 61
5, 61
2, 61
7, 61
4, 61
1, 61
6, 61
6, 61
9, 61
4, 61
6, 61
8, 61
0, 61
1, 61
4, 61
11, 61
10, 61
4, 61
3, 61
7, 61
2, 61
2, 61
4, 61
17, 61
6, 61
2, 61
22, 61
4, 61
8, 61
14, 61
0, 61
15, 61
4, 61
2, 61
2, 61
12, 61
4, 61
3, 61
1, 61
7, 61
3, 61
8, 61
13, 61
15, 61
43, 61
0, 61
2, 61
4, 61
8, 61
18, 61
0, 61
17, 61
3, 61
1, 61
2, 61
2, 61
1, 61
5, 61
7, 61
9, 61
3, 61
2, 61
10, 61
13, 61
24, 61
15, 61
3, 61
13, 61
0, 61
5, 61
8, 61
10, 61
12, 61
6, 61
32, 61
6, 61
9, 61
9, 61
4, 61
5, 61
1, 61
0, 61
5, 61
13, 61
13, 61
7, 61
8, 61
3, 61
1, 61
10, 61
5, 61
9, 61
25, 61
0, 61
4, 61
5, 61
4, 61
1, 61
0, 61
9, 61
3, 61
6, 61
13, 61
14, 61
2, 61
3, 61
3, 61
1, 61
3, 61
19, 61
8, 61
5, 61
21, 61
5, 61
26, 61
4, 61
2, 61
8, 61
4, 61
9, 61
14, 61
13, 61
7, 61
4, 61
4, 61
7, 61
17, 61
20, 61
28, 61
1, 61
5, 61
7, 61
29, 61
5, 61
5, 61
2, 61
2, 61
4, 61
8, 61
6, 61
9, 61
21, 61
3, 61
8, 61
23, 61
4, 61
2, 61
13, 61
8, 61
6, 61
5, 61
5, 61
8, 61
0, 61
1, 61
5, 61
20, 61
19, 61
7, 61
7, 61
0, 61
59, 61
0, 61
2, 61
0, 61
1, 61
11, 61
7, 61
1, 61
6, 61
0, 61
4, 61
2, 61
2, 61
18, 61
0, 61
29, 61
3, 61
8, 61
4, 61
9, 61
2, 61
3, 61
10, 61
6, 61
16, 61
0, 61
10, 61
0, 61
4, 61
10, 61
1, 61
6, 61
4, 61
2, 61
4, 61
14, 61
31, 61
0, 61
17, 61
0, 61
3, 61
11, 61
19, 61
11, 61
10, 61
2, 61
7, 61
3, 61
27, 61
4, 61
2, 61
11, 61
7, 61
7, 61
2, 61
6, 61
10, 61
23, 61
3, 61
9, 61
8, 61
17, 61
17, 61
2, 61
19, 61
3, 61
7, 61
30, 61
16, 61
34, 61
4, 61
5, 61
15, 61
2, 61
11, 61
17, 61
35, 61
15, 61
17, 61
9, 61
12, 61
6, 61
20, 61
10, 61
8, 61
2, 61
1, 61
13, 61
54, 61
13, 61
5, 61
6, 61
2, 61
2, 61
17, 61
2, 61
14, 61
2, 61
7, 61
21, 61
3, 61
16, 61
18, 61
12, 61
2, 61
7, 61
30, 61
25, 61
8, 61
8, 61
4, 61
6, 61
5, 61
9, 61
7, 61
5, 61
11, 61
5, 61
24, 61
15, 61
4, 61
13, 61
14, 61
19, 61
2, 61
1, 61
19, 61
11, 61
42, 61
2, 61
0, 61
4, 61
20, 61
19, 61
6, 61
26, 61
8, 61
12, 61
22, 61
4, 61
12, 61
0, 61
64, 64
2, 64
17, 64
5, 64
5, 64
16, 64
2, 64
0, 64
7, 64
34, 64
2, 64
16, 64
1, 64
52, 64
1, 64
42, 64
10, 64
13, 64
8, 64
11, 64
0, 64
46, 64
21, 64
2, 64
2, 64
58, 64
24, 64
2, 64
7, 64
0, 64
57, 64
12, 64
6, 64
27, 64
3, 64
22, 64
25, 64
9, 64
1, 64
4, 64
9, 64
6, 64
4, 64
48, 64
7, 64
16, 64
2, 64
16, 64
2, 64
3, 64
3, 64
5, 64
1, 64
28, 64
38, 64
33, 64
29, 64
8, 64
6, 64
21, 64
16, 64
3, 64
40, 64
24, 64
4, 64
32, 64
44, 64
77, 77
95, 95
3, 95
5, 95
16, 95
39, 95
38, 95
43, 95
105, 105
35, 105
10, 105
13, 105
29, 105
0, 105
6, 105
20, 105
13, 105
42, 105
12, 105
39, 105
7, 105
30, 105
17, 105
27, 105
8, 105
1, 105
12, 105
7, 105
67, 105
57, 105
10, 105
13, 105
27, 105
5, 105
61, 105
46, 105
8, 105
5, 105
49, 105
8, 105
7, 105
16, 105
48, 105
19, 105
17, 105
1, 105
8, 105
7, 105
18, 105
19, 105
1, 105
12, 105
86, 105
17, 105
4, 105
8, 105
11, 105
4, 105
46, 105
14, 105
2, 105
30, 105
9, 105
4, 105
58, 105
5, 105
2, 105
22, 105
13, 105
44, 105
27, 105
13, 105
18, 105
21, 105
10, 105
0, 105
7, 105
1, 105
18, 105
3, 105
7, 105
16, 105
17, 105
28, 105
0, 105
18, 105
9, 105
21, 105
3, 105
22, 105
6, 105
4, 105
10, 105
17, 105
4, 105
24, 105
6, 105
74, 105
22, 105
62, 105
1, 105
11, 105
16, 105
3, 105
12, 105
35, 105
11, 105
20, 105
10, 105
47, 105
23, 105
30, 105
1, 105
27, 105
45, 105
14, 105
38, 105
6, 105
154, 154
113, 154
49, 154
29, 154
66, 154
191, 191
1, 191
18, 191
31, 191
19, 191
1, 191
154, 191
4, 191
150, 191
103, 191
3, 191
9, 191
28, 191
28, 191
18, 191
1, 191
17, 191
5, 191
24, 191
325, 325
175, 325
18, 325
6, 325
146, 325
32, 325
72, 325
44, 325
10, 325
40, 325
34, 325
111, 325
12, 325
430, 430
127, 430
7, 430
53, 430
3, 430
53, 430
40, 430
10, 430
103, 430
57, 430
33, 430
145, 430
12, 430
77, 430
7, 430
122, 430
3, 430
6, 430
155, 430
59, 430
3, 430
39, 430
17, 430
1, 430
6, 430
15, 430
9, 430
12, 430
8, 430
10, 430
12, 430
12, 430
30, 430
38, 430
18, 430
8, 430
6, 430
9, 430
25, 430
39, 430
18, 430
16, 430
7, 430
24, 430
4, 430
35, 430
29, 430
40, 430
7, 430
18, 430
56, 430
10, 430
3, 430
15, 430
47, 430
13, 430
12, 430
14, 430
12, 430
10, 430
1, 430
4, 430
7, 430
64, 430
2, 430
31, 430
14, 430
7, 430
9, 430
27, 430
2, 430
18, 430
4, 430
9, 430
4, 430
9, 430
1, 430
35, 430
16, 430
2, 430
25, 430
24, 430
22, 430
15, 430
43, 430
76, 430
4, 430
43, 430
32, 430
1, 430
3, 430
50, 430
11, 430
40, 430
3, 430
26, 430
14, 430
1, 430
36, 430
19, 430
41, 430
38, 430
79, 430
33, 430
6, 430
27, 430
15, 430
30, 430
11, 430
75, 430
4, 430
11, 430
54, 430
14, 430
88, 430
153, 430
41, 430
14, 430
82, 430
65, 430
13, 430
43, 430
25, 430
13, 430
18, 430
54, 430
12, 430
94, 430
242, 430
175, 430
24, 430
6, 430
32, 430
136, 430
19, 430
64, 430
154, 430
69, 430
31, 430
69, 430
19, 430
91, 430
13, 430
41, 430
23, 430
72, 430
70, 430
7, 430
13, 430
102, 430
65, 430
79, 430
7, 430
165, 430
3, 430
48, 430
191, 430
10, 430
37, 430
43, 430
40, 430
2, 430
2, 430
1, 430
5, 430
17, 430
5, 430
46, 430
16, 430
7, 430
50, 430
18, 430
35, 430
26, 430
8, 430
14, 430
38, 430
8, 430
11, 430
39, 430
26, 430
45, 430
5, 430
6, 430
12, 430
15, 430
19, 430
6, 430
49, 430
47, 430
20, 430
13, 430
17, 430
14, 430
28, 430
13, 430
28, 430
10, 430
15, 430
8, 430
41, 430
7, 430
9, 430
18, 430
14, 430
12, 430
7, 430
14, 430
33, 430
45, 430
12, 430
19, 430
47, 430
9, 430
14, 430
5, 430
7, 430
31, 430
1, 430
14, 430
6, 430
14, 430
2, 430
15, 430
15, 430
45, 430
2, 430
5, 430
9, 430
21, 430
7, 430
28, 430
1, 430
8, 430
14, 430
11, 430
32, 430
4, 430
10, 430
9, 430
13, 430
27, 430
3, 430
3, 430
25, 430
10, 430
6, 430
18, 430
2, 430
2, 430
13, 430
26, 430
26, 430
2, 430
10, 430
9, 430
7, 430
12, 430
2, 430
53, 430
4, 430
1, 430
17, 430
18, 430
21, 430
4, 430
8, 430
11, 430
24, 430
2, 430
10, 430
27, 430
12, 430
18, 430
34, 430
16, 430
34, 430
12, 430
15, 430
3, 430
4, 430
29, 430
6, 430
3, 430
48, 430
83, 430
10, 430
38, 430
20, 430
19, 430
32, 430
23, 430
48, 430
77, 430
5, 430
39, 430
279, 430
61, 430
8, 430
40, 430
7, 430
4, 430
24, 430
16, 430
189, 430
9, 430
5, 430
318, 430
85, 430
68, 430
4, 430
56, 430
34, 430
197, 430
81, 430
6, 430
40, 430
83, 430
13, 430
40, 430
2, 430
109, 430
38, 430
45, 430
42, 430
7, 430
42, 430
49, 430
#Algorithm: ExpectedSARSA, Speed: 1, Boost: 5, PM: False, Env size: (20, 20), Car size: (6, 5),
#Counter: 10000000, Nsteps: 10000000, Gamma: 1, LearnRate: 0.01, Eps: 0.5, Epsdecay: 0.9
0, 0
0, 0
0, 0
0, 0
1, 1
2, 2
0, 2
4, 4
0, 4
7, 7
0, 7
2, 7
2, 7
0, 7
3, 7
4, 7
1, 7
2, 7
6, 7
0, 7
5, 7
1, 7
0, 7
8, 8
0, 8
2, 8
0, 8
0, 8
1, 8
0, 8
4, 8
5, 8
4, 8
3, 8
0, 8
0, 8
4, 8
4, 8
0, 8
3, 8
0, 8
2, 8
8, 8
5, 8
1, 8
3, 8
0, 8
1, 8
3, 8
2, 8
2, 8
3, 8
1, 8
0, 8
4, 8
1, 8
3, 8
1, 8
2, 8
0, 8
0, 8
0, 8
2, 8
2, 8
4, 8
2, 8
0, 8
0, 8
8, 8
4, 8
7, 8
8, 8
4, 8
2, 8
0, 8
2, 8
1, 8
4, 8
4, 8
5, 8
2, 8
4, 8
1, 8
2, 8
19, 19
7, 19
2, 19
1, 19
0, 19
7, 19
1, 19
1, 19
0, 19
2, 19
2, 19
1, 19
4, 19
3, 19
4, 19
6, 19
3, 19
1, 19
1, 19
0, 19
1, 19
3, 19
9, 19
1, 19
4, 19
2, 19
11, 19
1, 19
0, 19
2, 19
0, 19
3, 19
1, 19
0, 19
8, 19
0, 19
1, 19
0, 19
7, 19
0, 19
13, 19
0, 19
4, 19
0, 19
1, 19
2, 19
5, 19
8, 19
2, 19
2, 19
8, 19
2, 19
0, 19
0, 19
11, 19
3, 19
1, 19
0, 19
0, 19
3, 19
4, 19
7, 19
3, 19
0, 19
1, 19
6, 19
4, 19
5, 19
1, 19
17, 19
1, 19
0, 19
9, 19
1, 19
0, 19
3, 19
1, 19
13, 19
3, 19
4, 19
6, 19
4, 19
3, 19
0, 19
0, 19
3, 19
0, 19
6, 19
0, 19
3, 19
1, 19
5, 19
1, 19
0, 19
0, 19
2, 19
1, 19
6, 19
3, 19
7, 19
3, 19
7, 19
9, 19
3, 19
0, 19
2, 19
2, 19
2, 19
1, 19
16, 19
4, 19
1, 19
2, 19
1, 19
2, 19
4, 19
1, 19
5, 19
3, 19
3, 19
0, 19
5, 19
7, 19
14, 19
0, 19
4, 19
7, 19
3, 19
10, 19
3, 19
11, 19
3, 19
7, 19
3, 19
0, 19
4, 19
1, 19
15, 19
5, 19
5, 19
5, 19
1, 19
5, 19
1, 19
12, 19
6, 19
0, 19
14, 19
1, 19
0, 19
5, 19
4, 19
3, 19
4, 19
4, 19
2, 19
9, 19
6, 19
4, 19
0, 19
1, 19
0, 19
0, 19
2, 19
9, 19
2, 19
7, 19
0, 19
0, 19
6, 19
4, 19
2, 19
0, 19
4, 19
3, 19
14, 19
4, 19
1, 19
3, 19
5, 19
0, 19
5, 19
0, 19
9, 19
16, 19
2, 19
2, 19
8, 19
6, 19
1, 19
10, 19
0, 19
11, 19
6, 19
5, 19
5, 19
1, 19
0, 19
4, 19
17, 19
4, 19
4, 19
7, 19
0, 19
1, 19
16, 19
4, 19
10, 19
4, 19
8, 19
16, 19
22, 22
0, 22
8, 22
14, 22
4, 22
4, 22
1, 22
3, 22
2, 22
7, 22
0, 22
7, 22
6, 22
3, 22
1, 22
0, 22
0, 22
1, 22
0, 22
12, 22
4, 22
2, 22
2, 22
3, 22
7, 22
7, 22
0, 22
2, 22
5, 22
9, 22
4, 22
2, 22
5, 22
11, 22
7, 22
8, 22
5, 22
5, 22
12, 22
0, 22
0, 22
3, 22
1, 22
3, 22
1, 22
5, 22
2, 22
2, 22
10, 22
2, 22
11, 22
0, 22
7, 22
1, 22
3, 22
2, 22
7, 22
0, 22
1, 22
4, 22
4, 22
4, 22
2, 22
1, 22
10, 22
3, 22
3, 22
1, 22
0, 22
2, 22
5, 22
6, 22
4, 22
5, 22
3, 22
13, 22
5, 22
1, 22
8, 22
7, 22
3, 22
2, 22
6, 22
10, 22
2, 22
7, 22
13, 22
4, 22
5, 22
4, 22
4, 22
0, 22
5, 22
2, 22
3, 22
2, 22
0, 22
0, 22
3, 22
0, 22
9, 22
9, 22
1, 22
0, 22
0, 22
12, 22
10, 22
8, 22
9, 22
16, 22
4, 22
1, 22
9, 22
1, 22
1, 22
10, 22
1, 22
4, 22
2, 22
6, 22
6, 22
0, 22
14, 22
1, 22
0, 22
2, 22
51, 51
1, 51
5, 51
8, 51
3, 51
0, 51
1, 51
2, 51
8, 51
5, 51
8, 51
1, 51
6, 51
4, 51
1, 51
12, 51
9, 51
2, 51
1, 51
6, 51
1, 51
2, 51
7, 51
5, 51
6, 51
1, 51
3, 51
3, 51
8, 51
3, 51
10, 51
6, 51
13, 51
0, 51
0, 51
1, 51
1, 51
3, 51
3, 51
12, 51
2, 51
1, 51
2, 51
5, 51
6, 51
3, 51
3, 51
0, 51
4, 51
8, 51
8, 51
4, 51
14, 51
9, 51
1, 51
0, 51
7, 51
10, 51
2, 51
0, 51
3, 51
0, 51
15, 51
2, 51
0, 51
0, 51
0, 51
12, 51
1, 51
10, 51
5, 51
0, 51
5, 51
6, 51
4, 51
6, 51
1, 51
5, 51
5, 51
8, 51
4, 51
15, 51
4, 51
0, 51
1, 51
2, 51
5, 51
17, 51
10, 51
7, 51
0, 51
0, 51
0, 51
4, 51
21, 51
6, 51
1, 51
7, 51
13, 51
9, 51
7, 51
3, 51
0, 51
0, 51
0, 51
2, 51
15, 51
8, 51
8, 51
11, 51
2, 51
10, 51
15, 51
17, 51
0, 51
6, 51
3, 51
0, 51
9, 51
4, 51
11, 51
10, 51
0, 51
3, 51
1, 51
2, 51
9, 51
7, 51
2, 51
1, 51
13, 51
5, 51
4, 51
8, 51
1, 51
3, 51
2, 51
16, 51
12, 51
30, 51
36, 51
9, 51
2, 51
3, 51
17, 51
3, 51
2, 51
8, 51
0, 51
1, 51
18, 51
1, 51
1, 51
12, 51
8, 51
1, 51
7, 51
5, 51
16, 51
3, 51
3, 51
5, 51
0, 51
0, 51
3, 51
7, 51
2, 51
1, 51
8, 51
2, 51
2, 51
2, 51
2, 51
8, 51
2, 51
5, 51
12, 51
14, 51
12, 51
2, 51
5, 51
4, 51
0, 51
0, 51
1, 51
10, 51
3, 51
4, 51
2, 51
4, 51
7, 51
26, 51
14, 51
7, 51
8, 51
2, 51
10, 51
8, 51
4, 51
2, 51
2, 51
2, 51
2, 51
7, 51
0, 51
6, 51
6, 51
2, 51
2, 51
13, 51
10, 51
8, 51
4, 51
11, 51
5, 51
3, 51
9, 51
6, 51
27, 51
29, 51
6, 51
2, 51
9, 51
2, 51
2, 51
4, 51
15, 51
4, 51
8, 51
17, 51
16, 51
5, 51
6, 51
6, 51
13, 51
3, 51
15, 51
10, 51
9, 51
8, 51
2, 51
4, 51
12, 51
12, 51
22, 51
7, 51
2, 51
8, 51
11, 51
4, 51
19, 51
20, 51
4, 51
5, 51
16, 51
3, 51
21, 51
13, 51
6, 51
2, 51
20, 51
8, 51
5, 51
13, 51
8, 51
10, 51
8, 51
6, 51
9, 51
48, 51
16, 51
1, 51
20, 51
9, 51
23, 51
2, 51
18, 51
1, 51
5, 51
13, 51
10, 51
10, 51
2, 51
11, 51
7, 51
10, 51
22, 51
4, 51
13, 51
2, 51
7, 51
23, 51
3, 51
4, 51
12, 51
9, 51
22, 51
28, 51
8, 51
32, 51
3, 51
0, 51
5, 51
6, 51
6, 51
15, 51
10, 51
0, 51
6, 51
8, 51
21, 51
14, 51
3, 51
36, 51
17, 51
6, 51
7, 51
12, 51
8, 51
9, 51
8, 51
12, 51
2, 51
1, 51
4, 51
33, 51
8, 51
21, 51
2, 51
6, 51
9, 51
54, 54
3, 54
8, 54
14, 54
28, 54
4, 54
17, 54
5, 54
9, 54
8, 54
21, 54
13, 54
2, 54
7, 54
5, 54
9, 54
16, 54
5, 54
14, 54
22, 54
17, 54
7, 54
11, 54
6, 54
10, 54
20, 54
20, 54
13, 54
3, 54
10, 54
11, 54
55, 55
2, 55
33, 55
12, 55
2, 55
10, 55
17, 55
1, 55
22, 55
9, 55
2, 55
6, 55
0, 55
28, 55
3, 55
25, 55
5, 55
9, 55
21, 55
23, 55
4, 55
14, 55
1, 55
36, 55
2, 55
10, 55
4, 55
6, 55
3, 55
8, 55
1, 55
15, 55
12, 55
5, 55
34, 55
11, 55
17, 55
13, 55
4, 55
4, 55
26, 55
7, 55
22, 55
4, 55
6, 55
16, 55
5, 55
11, 55
8, 55
7, 55
11, 55
33, 55
5, 55
22, 55
1, 55
3, 55
5, 55
6, 55
17, 55
2, 55
1, 55
33, 55
14, 55
1, 55
19, 55
10, 55
16, 55
0, 55
7, 55
5, 55
22, 55
32, 55
35, 55
6, 55
28, 55
11, 55
8, 55
14, 55
9, 55
18, 55
9, 55
28, 55
0, 55
19, 55
10, 55
27, 55
13, 55
37, 55
3, 55
8, 55
13, 55
2, 55
21, 55
5, 55
3, 55
16, 55
0, 55
7, 55
3, 55
5, 55
64, 64
15, 64
6, 64
26, 64
2, 64
32, 64
1, 64
13, 64
5, 64
18, 64
5, 64
1, 64
2, 64
4, 64
7, 64
31, 64
8, 64
32, 64
8, 64
9, 64
41, 64
15, 64
18, 64
5, 64
66, 66
8, 66
7, 66
4, 66
13, 66
27, 66
7, 66
31, 66
5, 66
13, 66
38, 66
4, 66
10, 66
37, 66
7, 66
59, 66
4, 66
25, 66
22, 66
35, 66
13, 66
7, 66
14, 66
12, 66
41, 66
22, 66
44, 66
26, 66
4, 66
7, 66
9, 66
16, 66
16, 66
4, 66
13, 66
47, 66
3, 66
57, 66
5, 66
1, 66
37, 66
11, 66
30, 66
19, 66
9, 66
46, 66
4, 66
5, 66
2, 66
1, 66
22, 66
16, 66
13, 66
20, 66
14, 66
24, 66
4, 66
0, 66
9, 66
6, 66
25, 66
0, 66
19, 66
1, 66
4, 66
36, 66
27, 66
64, 66
3, 66
8, 66
28, 66
15, 66
39, 66
21, 66
17, 66
33, 66
87, 87
20, 87
9, 87
33, 87
12, 87
39, 87
19, 87
4, 87
2, 87
46, 87
23, 87
31, 87
9, 87
17, 87
3, 87
15, 87
1, 87
6, 87
2, 87
52, 87
4, 87
0, 87
22, 87
15, 87
59, 87
3, 87
24, 87
10, 87
17, 87
11, 87
6, 87
32, 87
31, 87
4, 87
10, 87
0, 87
66, 87
21, 87
26, 87
32, 87
18, 87
40, 87
36, 87
22, 87
7, 87
18, 87
6, 87
11, 87
37, 87
2, 87
6, 87
28, 87
0, 87
33, 87
4, 87
4, 87
6, 87
50, 87
35, 87
33, 87
8, 87
11, 87
58, 87
8, 87
12, 87
14, 87
4, 87
20, 87
7, 87
3, 87
2, 87
6, 87
6, 87
3, 87
12, 87
40, 87
13, 87
4, 87
11, 87
19, 87
15, 87
8, 87
1, 87
23, 87
4, 87
22, 87
9, 87
11, 87
23, 87
2, 87
5, 87
22, 87
28, 87
21, 87
106, 106
4, 106
12, 106
16, 106
19, 106
17, 106
23, 106
13, 106
1, 106
13, 106
19, 106
2, 106
9, 106
7, 106
9, 106
70, 106
25, 106
2, 106
38, 106
53, 106
6, 106
8, 106
3, 106
2, 106
4, 106
6, 106
1, 106
11, 106
17, 106
36, 106
12, 106
7, 106
5, 106
0, 106
51, 106
8, 106
7, 106
21, 106
5, 106
2, 106
20, 106
17, 106
13, 106
19, 106
5, 106
34, 106
6, 106
8, 106
21, 106
24, 106
31, 106
17, 106
9, 106
7, 106
14, 106
5, 106
34, 106
6, 106
9, 106
31, 106
9, 106
8, 106
18, 106
9, 106
45, 106
13, 106
18, 106
29, 106
23, 106
21, 106
26, 106
8, 106
22, 106
17, 106
5, 106
18, 106
103, 106
7, 106
27, 106
13, 106
6, 106
65, 106
28, 106
10, 106
0, 106
8, 106
4, 106
55, 106
63, 106
5, 106
11, 106
7, 106
9, 106
34, 106
16, 106
18, 106
64, 106
14, 106
5, 106
10, 106
43, 106
27, 106
5, 106
87, 106
27, 106
19, 106
39, 106
59, 106
70, 106
86, 106
35, 106
30, 106
6, 106
8, 106
6, 106
5, 106
17, 106
53, 106
7, 106
12, 106
3, 106
24, 106
34, 106
22, 106
11, 106
23, 106
15, 106
10, 106
66, 106
60, 106
39, 106
17, 106
24, 106
12, 106
46, 106
17, 106
17, 106
26, 106
17, 106
15, 106
35, 106
6, 106
26, 106
15, 106
8, 106
21, 106
6, 106
7, 106
12, 106
7, 106
28, 106
26, 106
15, 106
26, 106
33, 106
11, 106
63, 106
38, 106
11, 106
55, 106
86, 106
5, 106
2, 106
63, 106
64, 106
21, 106
39, 106
26, 106
7, 106
8, 106
12, 106
61, 106
21, 106
23, 106
51, 106
10, 106
5, 106
12, 106
5, 106
2, 106
63, 106
33, 106
16, 106
27, 106
29, 106
8, 106
12, 106
22, 106
5, 106
13, 106
31, 106
17, 106
31, 106
23, 106
12, 106
12, 106
3, 106
13, 106
3, 106
63, 106
1, 106
14, 106
18, 106
5, 106
31, 106
21, 106
55, 106
19, 106
23, 106
29, 106
69, 106
9, 106
55, 106
4, 106
7, 106
37, 106
41, 106
12, 106
6, 106
26, 106
7, 106
4, 106
52, 106
37, 106
58, 106
48, 106
11, 106
113, 113
7, 113
8, 113
54, 113
4, 113
11, 113
1, 113
80, 113
43, 113
0, 113
113, 113
10, 113
12, 113
22, 113
55, 113
5, 113
9, 113
3, 113
26, 113
0, 113
1, 113
4, 113
3, 113
2, 113
24, 113
0, 113
36, 113
8, 113
0, 113
23, 113
21, 113
41, 113
3, 113
48, 113
0, 113
19, 113
15, 113
18, 113
5, 113
29, 113
34, 113
10, 113
26, 113
14, 113
24, 113
19, 113
8, 113
32, 113
8, 113
3, 113
49, 113
8, 113
11, 113
22, 113
9, 113
36, 113
22, 113
10, 113
4, 113
10, 113
1, 113
10, 113
46, 113
4, 113
15, 113
7, 113
25, 113
44, 113
24, 113
36, 113
0, 113
9, 113
48, 113
34, 113
0, 113
18, 113
30, 113
4, 113
5, 113
16, 113
20, 113
11, 113
19, 113
5, 113
31, 113
19, 113
28, 113
9, 113
15, 113
31, 113
27, 113
37, 113
6, 113
75, 113
21, 113
23, 113
4, 113
0, 113
5, 113
2, 113
50, 113
5, 113
23, 113
20, 113
12, 113
61, 113
9, 113
33, 113
14, 113
2, 113
17, 113
33, 113
100, 113
1, 113
30, 113
12, 113
38, 113
76, 113
16, 113
14, 113
8, 113
3, 113
30, 113
19, 113
22, 113
40, 113
85, 113
1, 113
24, 113
66, 113
41, 113
13, 113
29, 113
4, 113
59, 113
2, 113
4, 113
12, 113
5, 113
32, 113
32, 113
43, 113
2, 113
5, 113
11, 113
3, 113
4, 113
24, 113
33, 113
62, 113
9, 113
8, 113
37, 113
3, 113
49, 113
53, 113
45, 113
24, 113
25, 113
57, 113
26, 113
38, 113
18, 113
68, 113
14, 113
20, 113
29, 113
12, 113
26, 113
31, 113
12, 113
20, 113
13, 113
17, 113
27, 113
27, 113
56, 113
50, 113
11, 113
17, 113
31, 113
4, 113
29, 113
31, 113
7, 113
14, 113
31, 113
19, 113
11, 113
1, 113
30, 113
12, 113
2, 113
39, 113
36, 113
5, 113
14, 113
24, 113
38, 113
6, 113
3, 113
54, 113
4, 113
21, 113
5, 113
30, 113
30, 113
44, 113
61, 113
44, 113
3, 113
7, 113
98, 113
64, 113
18, 113
25, 113
17, 113
31, 113
35, 113
26, 113
11, 113
57, 113
69, 113
49, 113
133, 133
7, 133
36, 133
35, 133
81, 133
20, 133
4, 133
22, 133
58, 133
88, 133
92, 133
33, 133
27, 133
78, 133
63, 133
27, 133
39, 133
23, 133
24, 133
24, 133
17, 133
9, 133
25, 133
87, 133
25, 133
161, 161
8, 161
63, 161
6, 161
31, 161
15, 161
34, 161
34, 161
137, 161
16, 161
30, 161
18, 161
65, 161
9, 161
34, 161
73, 161
16, 161
7, 161
94, 161
17, 161
56, 161
9, 161
244, 244
19, 244
15, 244
36, 244
39, 244
85, 244
31, 244
12, 244
324, 324
141, 324
52, 324
26, 324
44, 324
9, 324
68, 324
72, 324
200, 324
226, 324
28, 324
90, 324
161, 324
7, 324
22, 324
39, 324
115, 324
92, 324
53, 324
15, 324
30, 324
11, 324
117, 324
35, 324
67, 324
12, 324
59, 324
102, 324
21, 324
35, 324
73, 324
52, 324
42, 324
156, 324
54, 324
94, 324
29, 324
89, 324
94, 324
13, 324
34, 324
38, 324
26, 324
18, 324
82, 324
85, 324
81, 324
274, 324
85, 324
202, 324
5, 324
68, 324
90, 324
88, 324
97, 324
397, 397
8, 397
3, 397
109, 397
35, 397
97, 397
3, 397
3, 397
21, 397
166, 397
141, 397
194, 397
76, 397
50, 397
5, 397
30, 397
103, 397
159, 397
62, 397
85, 397
77, 397
158, 397
107, 397
358, 397
67, 397
11, 397
52, 397
54, 397
6, 397
68, 397
4, 397
30, 397
213, 397
679, 679
188, 679
112, 679
417, 679
51, 679
184, 679
160, 679
141, 679
15, 679
1007, 1007
18, 1007
219, 1007
5, 1007
156, 1007
110, 1007
398, 1007
905, 1007
101, 1007
449, 1007
88, 1007
227, 1007
249, 1007
86, 1007
11, 1007
134, 1007
80, 1007
101, 1007
17, 1007
318, 1007
#Algorithm: ExpectedSARSA, Speed: 1, Boost: 5, PM: False, Env size: (20, 20), Car size: (6, 5),
#Counter: 10000000, Nsteps: 10000000, Gamma: 1, LearnRate: 0.01, Eps: 0.5, Epsdecay: 0.9
0, 0
0, 0
0, 0
0, 0
2, 2
0, 2
0, 2
0, 2
0, 2
3, 3
0, 3
1, 3
3, 3
3, 3
3, 3
0, 3
2, 3
1, 3
2, 3
0, 3
0, 3
2, 3
8, 8
0, 8
7, 8
2, 8
7, 8
2, 8
3, 8
2, 8
1, 8
5, 8
4, 8
0, 8
2, 8
0, 8
2, 8
0, 8
2, 8
1, 8
0, 8
3, 8
5, 8
4, 8
3, 8
2, 8
11, 11
8, 11
3, 11
1, 11
5, 11
2, 11
4, 11
3, 11
5, 11
8, 11
5, 11
0, 11
2, 11
2, 11
0, 11
0, 11
1, 11
0, 11
0, 11
0, 11
3, 11
6, 11
1, 11
12, 12
4, 12
5, 12
2, 12
9, 12
6, 12
11, 12
26, 26
5, 26
1, 26
3, 26
0, 26
0, 26
8, 26
1, 26
6, 26
3, 26
0, 26
5, 26
1, 26
5, 26
1, 26
0, 26
10, 26
8, 26
1, 26
8, 26
6, 26
2, 26
9, 26
4, 26
0, 26
7, 26
0, 26
6, 26
3, 26
4, 26
2, 26
12, 26
8, 26
12, 26
12, 26
3, 26
9, 26
6, 26
3, 26
6, 26
4, 26
5, 26
4, 26
4, 26
2, 26
12, 26
1, 26
2, 26
8, 26
0, 26
2, 26
2, 26
4, 26
7, 26
4, 26
3, 26
2, 26
0, 26
1, 26
3, 26
3, 26
13, 26
1, 26
6, 26
2, 26
3, 26
2, 26
3, 26
0, 26
7, 26
4, 26
2, 26
3, 26
0, 26
0, 26
3, 26
9, 26
1, 26
13, 26
0, 26
9, 26
1, 26
9, 26
1, 26
1, 26
5, 26
2, 26
4, 26
0, 26
2, 26
1, 26
0, 26
3, 26
6, 26
0, 26
1, 26
4, 26
1, 26
2, 26
11, 26
7, 26
4, 26
5, 26
3, 26
4, 26
0, 26
11, 26
2, 26
15, 26
2, 26
5, 26
1, 26
2, 26
5, 26
2, 26
5, 26
4, 26
4, 26
3, 26
5, 26
1, 26
14, 26
4, 26
2, 26
0, 26
6, 26
3, 26
9, 26
4, 26
13, 26
1, 26
5, 26
8, 26
4, 26
2, 26
1, 26
6, 26
0, 26
2, 26
3, 26
4, 26
2, 26
1, 26
5, 26
7, 26
0, 26
2, 26
1, 26
10, 26
0, 26
14, 26
6, 26
0, 26
0, 26
3, 26
7, 26
3, 26
3, 26
3, 26
0, 26
10, 26
22, 26
2, 26
2, 26
8, 26
9, 26
1, 26
11, 26
22, 26
2, 26
20, 26
9, 26
11, 26
5, 26
7, 26
1, 26
13, 26
4, 26
2, 26
31, 31
13, 31
1, 31
42, 42
3, 42
5, 42
0, 42
10, 42
4, 42
4, 42
8, 42
6, 42
0, 42
4, 42
27, 42
2, 42
7, 42
3, 42
4, 42
2, 42
2, 42
8, 42
16, 42
8, 42
3, 42
15, 42
5, 42
7, 42
0, 42
1, 42
1, 42
6, 42
3, 42
4, 42
7, 42
3, 42
25, 42
3, 42
19, 42
6, 42
2, 42
6, 42
26, 42
24, 42
5, 42
14, 42
1, 42
13, 42
15, 42
6, 42
14, 42
28, 42
9, 42
2, 42
10, 42
8, 42
2, 42
8, 42
3, 42
18, 42
3, 42
11, 42
10, 42
22, 42
14, 42
22, 42
14, 42
1, 42
3, 42
4, 42
10, 42
8, 42
14, 42
7, 42
8, 42
19, 42
6, 42
9, 42
15, 42
5, 42
24, 42
43, 43
14, 43
4, 43
4, 43
6, 43
5, 43
3, 43
15, 43
5, 43
5, 43
6, 43
4, 43
11, 43
13, 43
23, 43
6, 43
5, 43
9, 43
20, 43
5, 43
7, 43
12, 43
3, 43
16, 43
9, 43
2, 43
7, 43
12, 43
3, 43
7, 43
2, 43
13, 43
13, 43
11, 43
5, 43
3, 43
3, 43
2, 43
9, 43
11, 43
3, 43
2, 43
6, 43
0, 43
6, 43
5, 43
1, 43
1, 43
7, 43
1, 43
22, 43
1, 43
1, 43
6, 43
6, 43
1, 43
4, 43
0, 43
6, 43
1, 43
5, 43
18, 43
4, 43
10, 43
4, 43
1, 43
5, 43
8, 43
12, 43
13, 43
2, 43
19, 43
1, 43
5, 43
19, 43
0, 43
0, 43
1, 43
8, 43
0, 43
7, 43
2, 43
0, 43
3, 43
2, 43
1, 43
12, 43
1, 43
1, 43
5, 43
2, 43
7, 43
3, 43
3, 43
6, 43
4, 43
19, 43
5, 43
5, 43
3, 43
5, 43
0, 43
12, 43
2, 43
21, 43
8, 43
2, 43
10, 43
6, 43
9, 43
2, 43
0, 43
10, 43
7, 43
3, 43
1, 43
23, 43
12, 43
1, 43
26, 43
7, 43
8, 43
1, 43
1, 43
6, 43
6, 43
1, 43
2, 43
10, 43
2, 43
2, 43
0, 43
6, 43
13, 43
20, 43
0, 43
0, 43
0, 43
2, 43
0, 43
3, 43
4, 43
1, 43
3, 43
6, 43
7, 43
5, 43
7, 43
7, 43
10, 43
9, 43
12, 43
3, 43
3, 43
1, 43
1, 43
28, 43
1, 43
10, 43
4, 43
0, 43
17, 43
2, 43
6, 43
4, 43
6, 43
2, 43
11, 43
15, 43
2, 43
6, 43
7, 43
14, 43
5, 43
6, 43
1, 43
15, 43
2, 43
5, 43
3, 43
3, 43
4, 43
4, 43
5, 43
3, 43
0, 43
0, 43
1, 43
0, 43
13, 43
15, 43
10, 43
0, 43
0, 43
16, 43
7, 43
0, 43
1, 43
1, 43
1, 43
36, 43
6, 43
6, 43
0, 43
23, 43
3, 43
3, 43
7, 43
6, 43
15, 43
8, 43
18, 43
0, 43
4, 43
13, 43
4, 43
6, 43
4, 43
3, 43
9, 43
12, 43
6, 43
50, 50
12, 50
9, 50
11, 50
3, 50
1, 50
4, 50
10, 50
3, 50
24, 50
6, 50
0, 50
5, 50
23, 50
0, 50
9, 50
3, 50
5, 50
45, 50
26, 50
1, 50
43, 50
4, 50
1, 50
2, 50
5, 50
6, 50
3, 50
5, 50
12, 50
4, 50
11, 50
24, 50
15, 50
12, 50
7, 50
11, 50
4, 50
6, 50
3, 50
7, 50
20, 50
22, 50
21, 50
9, 50
8, 50
8, 50
8, 50
16, 50
11, 50
14, 50
20, 50
1, 50
2, 50
21, 50
29, 50
9, 50
26, 50
23, 50
7, 50
5, 50
30, 50
13, 50
23, 50
29, 50
9, 50
6, 50
17, 50
15, 50
4, 50
10, 50
3, 50
2, 50
9, 50
28, 50
6, 50
21, 50
3, 50
25, 50
22, 50
8, 50
9, 50
5, 50
13, 50
5, 50
3, 50
7, 50
26, 50
2, 50
7, 50
49, 50
20, 50
6, 50
6, 50
3, 50
36, 50
6, 50
8, 50
6, 50
12, 50
21, 50
11, 50
45, 50
67, 67
31, 67
16, 67
32, 67
2, 67
2, 67
0, 67
15, 67
18, 67
22, 67
4, 67
18, 67
0, 67
6, 67
1, 67
13, 67
0, 67
1, 67
5, 67
2, 67
0, 67
0, 67
7, 67
17, 67
1, 67
16, 67
2, 67
5, 67
4, 67
8, 67
7, 67
10, 67
8, 67
18, 67
26, 67
8, 67
16, 67
4, 67
2, 67
7, 67
2, 67
26, 67
15, 67
5, 67
19, 67
9, 67
12, 67
5, 67
5, 67
13, 67
9, 67
74, 74
0, 74
61, 74
12, 74
28, 74
33, 74
10, 74
15, 74
7, 74
10, 74
27, 74
11, 74
4, 74
17, 74
7, 74
6, 74
23, 74
17, 74
2, 74
11, 74
14, 74
30, 74
17, 74
5, 74
8, 74
18, 74
20, 74
2, 74
13, 74
14, 74
14, 74
15, 74
10, 74
13, 74
29, 74
37, 74
10, 74
11, 74
23, 74
1, 74
23, 74
0, 74
12, 74
3, 74
7, 74
26, 74
10, 74
12, 74
18, 74
7, 74
26, 74
21, 74
4, 74
9, 74
34, 74
6, 74
0, 74
1, 74
18, 74
9, 74
14, 74
6, 74
4, 74
1, 74
1, 74
29, 74
7, 74
4, 74
1, 74
3, 74
21, 74
14, 74
1, 74
5, 74
1, 74
14, 74
1, 74
18, 74
7, 74
14, 74
6, 74
4, 74
5, 74
0, 74
14, 74
2, 74
6, 74
6, 74
3, 74
2, 74
7, 74
17, 74
21, 74
7, 74
9, 74
6, 74
6, 74
13, 74
7, 74
1, 74
10, 74
5, 74
2, 74
5, 74
7, 74
14, 74
0, 74
9, 74
6, 74
22, 74
4, 74
16, 74
1, 74
51, 74
5, 74
0, 74
8, 74
8, 74
4, 74
29, 74
2, 74
4, 74
4, 74
0, 74
3, 74
1, 74
26, 74
4, 74
0, 74
9, 74
8, 74
0, 74
2, 74
6, 74
23, 74
23, 74
6, 74
30, 74
2, 74
16, 74
20, 74
5, 74
15, 74
33, 74
7, 74
3, 74
0, 74
36, 74
4, 74
37, 74
26, 74
29, 74
61, 74
6, 74
52, 74
28, 74
34, 74
19, 74
44, 74
49, 74
20, 74
47, 74
37, 74
41, 74
160, 160
40, 160
51, 160
42, 160
69, 160
56, 160
34, 160
9, 160
83, 160
8, 160
14, 160
71, 160
104, 160
16, 160
245, 245
6, 245
30, 245
33, 245
25, 245
79, 245
29, 245
102, 245
147, 245
55, 245
76, 245
136, 245
40, 245
13, 245
25, 245
197, 245
64, 245
62, 245
30, 245
32, 245
53, 245
46, 245
244, 245
167, 245
16, 245
11, 245
69, 245
132, 245
30, 245
24, 245
92, 245
86, 245
132, 245
8, 245
224, 245
14, 245
8, 245
46, 245
26, 245
31, 245
24, 245
61, 245
18, 245
104, 245
82, 245
277, 277
122, 277
32, 277
65, 277
95, 277
16, 277
34, 277
46, 277
149, 277
83, 277
21, 277
21, 277
16, 277
187, 277
85, 277
130, 277
44, 277
412, 412
224, 412
38, 412
5, 412
53, 412
25, 412
5, 412
86, 412
13, 412
256, 412
9, 412
42, 412
32, 412
62, 412
32, 412
49, 412
18, 412
33, 412
139, 412
64, 412
127, 412
107, 412
12, 412
20, 412
34, 412
36, 412
18, 412
217, 412
47, 412
41, 412
83, 412
261, 412
25, 412
73, 412
59, 412
146, 412
59, 412
57, 412
49, 412
153, 412
30, 412
7, 412
186, 412
220, 412
56, 412
170, 412
14, 412
25, 412
160, 412
5, 412
222, 412
109, 412
198, 412
2001, 2001
2001, 2001
147, 2001
734, 2001
543, 2001
408, 2001
372, 2001
319, 2001
945, 2001
2001, 2001
280, 2001
2001, 2001
1588, 2001
985, 2001
356, 2001
452, 2001
2001, 2001
683, 2001
1354, 2001
364, 2001
2001, 2001
692, 2001
536, 2001
43, 2001
2001, 2001
27, 2001
1688, 2001
184, 2001
1171, 2001
808, 2001
2001, 2001
749, 2001
2001, 2001
1275, 2001
2001, 2001
2001, 2001
690, 2001
759, 2001
1381, 2001
1683, 2001
1668, 2001
693, 2001
672, 2001
40, 2001
2001, 2001
234, 2001
154, 2001
424, 2001
1281, 2001
1260, 2001
1366, 2001
1535, 2001
1104, 2001
253, 2001
344, 2001
321, 2001
169, 2001
2001, 2001
130, 2001
402, 2001
238, 2001
2001, 2001
676, 2001
375, 2001
588, 2001
2001, 2001
1389, 2001
2001, 2001
848, 2001
1425, 2001
615, 2001
1329, 2001
173, 2001
657, 2001
1438, 2001
2001, 2001
2001, 2001
538, 2001
239, 2001
163, 2001
593, 2001
902, 2001
2001, 2001
364, 2001
746, 2001
1158, 2001
311, 2001
921, 2001
437, 2001
689, 2001
329, 2001
882, 2001
1182, 2001
1982, 2001
2001, 2001
2001, 2001
1506, 2001
1653, 2001
138, 2001
537, 2001
482, 2001
1539, 2001
52, 2001
1376, 2001
788, 2001
1212, 2001
1473, 2001
1041, 2001
720, 2001
1464, 2001
1128, 2001
165, 2001
922, 2001
702, 2001
1275, 2001
619, 2001
2001, 2001
875, 2001
1670, 2001
777, 2001
1096, 2001
1383, 2001
516, 2001
221, 2001
322, 2001
239, 2001
1723, 2001
1498, 2001
1521, 2001
1054, 2001
792, 2001
742, 2001
659, 2001
799, 2001
2001, 2001
69, 2001
131, 2001
2001, 2001
2001, 2001
1209, 2001
1180, 2001
108, 2001
1620, 2001
260, 2001
22, 2001
1778, 2001
1917, 2001
1038, 2001
1161, 2001
16, 2001
1383, 2001
2001, 2001
2001, 2001
1028, 2001
237, 2001
2001, 2001
171, 2001
573, 2001
365, 2001
2001, 2001
1800, 2001
333, 2001
340, 2001
1542, 2001
281, 2001
2001, 2001
251, 2001
863, 2001
407, 2001
1745, 2001
890, 2001
2001, 2001
591, 2001
1400, 2001
940, 2001
1255, 2001
201, 2001
231, 2001
483, 2001
68, 2001
2001, 2001
388, 2001
287, 2001
732, 2001
8, 2001
306, 2001
191, 2001
180, 2001
390, 2001
902, 2001
1539, 2001
1395, 2001
2001, 2001
704, 2001
126, 2001
2001, 2001
2001, 2001
318, 2001
149, 2001
341, 2001
1179, 2001
942, 2001
919, 2001
235, 2001
454, 2001
258, 2001
408, 2001
2001, 2001
54, 2001
29, 2001
177, 2001
1469, 2001
361, 2001
1783, 2001
170, 2001
259, 2001
14, 2001
17, 2001
71, 2001
930, 2001
1444, 2001
1686, 2001
2001, 2001
1884, 2001
725, 2001
1067, 2001
1059, 2001
2001, 2001
1654, 2001
1061, 2001
1908, 2001
790, 2001
2001, 2001
533, 2001
377, 2001
29, 2001
1440, 2001
334, 2001
962, 2001
821, 2001
1255, 2001
2001, 2001
1305, 2001
387, 2001
2001, 2001
1840, 2001
851, 2001
1259, 2001
1438, 2001
2001, 2001
381, 2001
170, 2001
1248, 2001
396, 2001
542, 2001
679, 2001
172, 2001
2001, 2001
623, 2001
2001, 2001
895, 2001
1772, 2001
94, 2001
2001, 2001
2001, 2001
112, 2001
965, 2001
485, 2001
1657, 2001
739, 2001
835, 2001
1317, 2001
1957, 2001
951, 2001
67, 2001
2001, 2001
381, 2001
616, 2001
52, 2001
341, 2001
1535, 2001
49, 2001
1026, 2001
24, 2001
693, 2001
321, 2001
425, 2001
440, 2001
1159, 2001
481, 2001
1807, 2001
224, 2001
541, 2001
242, 2001
331, 2001
797, 2001
177, 2001
703, 2001
576, 2001
25, 2001
2001, 2001
1751, 2001
134, 2001
403, 2001
1898, 2001
994, 2001
2001, 2001
2001, 2001
1745, 2001
1199, 2001
1225, 2001
141, 2001
2001, 2001
2001, 2001
2001, 2001
320, 2001
1271, 2001
1896, 2001
265, 2001
383, 2001
2001, 2001
136, 2001
136, 2001
2001, 2001
1953, 2001
1154, 2001
251, 2001
809, 2001
2001, 2001
668, 2001
1236, 2001
99, 2001
355, 2001
2001, 2001
2001, 2001
1161, 2001
1623, 2001
1707, 2001
272, 2001
1260, 2001
590, 2001
592, 2001
67, 2001
292, 2001
2001, 2001
791, 2001
199, 2001
516, 2001
1924, 2001
439, 2001
725, 2001
461, 2001
1109, 2001
2001, 2001
708, 2001
803, 2001
1405, 2001
941, 2001
232, 2001
85, 2001
16, 2001
349, 2001
2001, 2001
1728, 2001
2001, 2001
379, 2001
406, 2001
2001, 2001
61, 2001
772, 2001
387, 2001
2001, 2001
291, 2001
261, 2001
519, 2001
1284, 2001
154, 2001
1251, 2001
784, 2001
1508, 2001
55, 2001
660, 2001
1915, 2001
1803, 2001
46, 2001
356, 2001
345, 2001
165, 2001
2001, 2001
132, 2001
1200, 2001
306, 2001
2001, 2001
199, 2001
642, 2001
279, 2001
1096, 2001
988, 2001
1626, 2001
1141, 2001
642, 2001
777, 2001
412, 2001
132, 2001
777, 2001
1586, 2001
993, 2001
225, 2001
909, 2001
2001, 2001
452, 2001
2001, 2001
2001, 2001
2001, 2001
109, 2001
259, 2001
431, 2001
2001, 2001
418, 2001
66, 2001
1546, 2001
552, 2001
1084, 2001
2001, 2001
1971, 2001
2001, 2001
941, 2001
446, 2001
848, 2001
271, 2001
2001, 2001
2001, 2001
635, 2001
649, 2001
227, 2001
577, 2001
930, 2001
2001, 2001
169, 2001
509, 2001
1015, 2001
1067, 2001
608, 2001
1592, 2001
2001, 2001
78, 2001
1448, 2001
1970, 2001
112, 2001
611, 2001
85, 2001
2001, 2001
127, 2001
2001, 2001
2001, 2001
1111, 2001
237, 2001
1387, 2001
1524, 2001
1270, 2001
812, 2001
1706, 2001
597, 2001
436, 2001
2001, 2001
967, 2001
2001, 2001
1645, 2001
736, 2001
560, 2001
307, 2001
2001, 2001
749, 2001
309, 2001
957, 2001
1079, 2001
171, 2001
425, 2001
2001, 2001
162, 2001
450, 2001
497, 2001
2001, 2001
2001, 2001
738, 2001
2001, 2001
1747, 2001
1901, 2001
120, 2001
2001, 2001
1011, 2001
1732, 2001
650, 2001
324, 2001
2001, 2001
1238, 2001
468, 2001
2001, 2001
2001, 2001
2001, 2001
254, 2001
2001, 2001
520, 2001
825, 2001
364, 2001
2001, 2001
617, 2001
1954, 2001
22, 2001
2001, 2001
1323, 2001
1416, 2001
821, 2001
997, 2001
728, 2001
117, 2001
2001, 2001
1024, 2001
659, 2001
1692, 2001
171, 2001
597, 2001
242, 2001
2001, 2001
1163, 2001
221, 2001
2001, 2001
1496, 2001
351, 2001
288, 2001
259, 2001
141, 2001
345, 2001
2001, 2001
1930, 2001
2001, 2001
1026, 2001
694, 2001
138, 2001
130, 2001
1235, 2001
231, 2001
300, 2001
778, 2001
299, 2001
683, 2001
390, 2001
1353, 2001
934, 2001
106, 2001
2001, 2001
302, 2001
13, 2001
496, 2001
540, 2001
220, 2001
1642, 2001
2001, 2001
644, 2001
550, 2001
1304, 2001
720, 2001
486, 2001
1201, 2001
2001, 2001
1933, 2001
2001, 2001
346, 2001
131, 2001
709, 2001
77, 2001
525, 2001
788, 2001
742, 2001
448, 2001
1559, 2001
370, 2001
989, 2001
2001, 2001
183, 2001
424, 2001
126, 2001
470, 2001
2001, 2001
2001, 2001
180, 2001
2001, 2001
16, 2001
1114, 2001
61, 2001
854, 2001
2001, 2001
40, 2001
169, 2001
211, 2001
2001, 2001
178, 2001
283, 2001
2001, 2001
2001, 2001
485, 2001
192, 2001
1141, 2001
1502, 2001
154, 2001
1265, 2001
2001, 2001
2001, 2001
843, 2001
285, 2001
839, 2001
949, 2001
1980, 2001
482, 2001
140, 2001
875, 2001
2001, 2001
1172, 2001
2001, 2001
266, 2001
342, 2001
2001, 2001
820, 2001
548, 2001
1454, 2001
1163, 2001
149, 2001
1058, 2001
910, 2001
2001, 2001
200, 2001
2001, 2001
81, 2001
1783, 2001
2001, 2001
499, 2001
1201, 2001
2001, 2001
2001, 2001
1529, 2001
1304, 2001
127, 2001
54, 2001
1377, 2001
221, 2001
316, 2001
1940, 2001
1561, 2001
1684, 2001
530, 2001
2001, 2001
2001, 2001
263, 2001
2001, 2001
1334, 2001
2001, 2001
2001, 2001
363, 2001
2001, 2001
236, 2001
1585, 2001
88, 2001
1665, 2001
820, 2001
2001, 2001
1897, 2001
2001, 2001
2001, 2001
400, 2001
1143, 2001
1988, 2001
170, 2001
665, 2001
2001, 2001
1308, 2001
2001, 2001
575, 2001
113, 2001
717, 2001
534, 2001
2001, 2001
188, 2001
903, 2001
585, 2001
419, 2001
763, 2001
414, 2001
132, 2001
668, 2001
31, 2001
650, 2001
706, 2001
1913, 2001
359, 2001
30, 2001
#Algorithm: ExpectedSARSA, Speed: 1, Boost: 5, PM: False, Env size: (20, 20), Car size: (6, 5),
#Counter: 10000000, Nsteps: 10000000, Gamma: 1, LearnRate: 0.01, Eps: 0.5, Epsdecay: 0.9
0, 0
0, 0
0, 0
0, 0
1, 1
0, 1
2, 2
1, 2
0, 2
0, 2
0, 2
0, 2
0, 2
1, 2
1, 2
2, 2
2, 2
10, 10
0, 10
1, 10
1, 10
4, 10
3, 10
1, 10
3, 10
1, 10
1, 10
1, 10
4, 10
1, 10
9, 10
2, 10
9, 10
7, 10
2, 10
0, 10
1, 10
4, 10
11, 11
2, 11
1, 11
1, 11
0, 11
1, 11
1, 11
0, 11
0, 11
3, 11
3, 11
6, 11
1, 11
1, 11
2, 11
1, 11
1, 11
3, 11
2, 11
3, 11
3, 11
1, 11
8, 11
1, 11
1, 11
8, 11
1, 11
0, 11
0, 11
0, 11
0, 11
0, 11
0, 11
4, 11
1, 11
0, 11
2, 11
2, 11
0, 11
3, 11
2, 11
6, 11
1, 11
1, 11
1, 11
1, 11
6, 11
1, 11
10, 11
5, 11
4, 11
3, 11
3, 11
2, 11
3, 11
1, 11
3, 11
1, 11
2, 11
2, 11
10, 11
6, 11
5, 11
4, 11
7, 11
5, 11
9, 11
6, 11
0, 11
1, 11
5, 11
1, 11
0, 11
0, 11
5, 11
0, 11
3, 11
3, 11
2, 11
0, 11
1, 11
9, 11
7, 11
3, 11
9, 11
4, 11
1, 11
1, 11
9, 11
9, 11
10, 11
4, 11
19, 19
3, 19
7, 19
1, 19
3, 19
3, 19
1, 19
2, 19
2, 19
2, 19
12, 19
1, 19
8, 19
1, 19
2, 19
4, 19
1, 19
2, 19
1, 19
6, 19
9, 19
6, 19
1, 19
5, 19
2, 19
4, 19
0, 19
0, 19
1, 19
0, 19
0, 19
4, 19
6, 19
2, 19
1, 19
1, 19
3, 19
2, 19
5, 19
1, 19
0, 19
1, 19
3, 19
3, 19
1, 19
2, 19
2, 19
0, 19
1, 19
0, 19
2, 19
1, 19
2, 19
1, 19
3, 19
0, 19
0, 19
3, 19
0, 19
5, 19
3, 19
1, 19
1, 19
2, 19
2, 19
1, 19
0, 19
4, 19
2, 19
4, 19
3, 19
3, 19
5, 19
1, 19
0, 19
11, 19
2, 19
10, 19
1, 19
2, 19
0, 19
3, 19
2, 19
2, 19
3, 19
3, 19
3, 19
3, 19
1, 19
1, 19
10, 19
4, 19
2, 19
3, 19
1, 19
9, 19
0, 19
4, 19
0, 19
7, 19
5, 19
13, 19
13, 19
4, 19
6, 19
1, 19
5, 19
3, 19
1, 19
9, 19
1, 19
15, 19
0, 19
10, 19
6, 19
13, 19
0, 19
2, 19
0, 19
13, 19
10, 19
4, 19
8, 19
3, 19
5, 19
1, 19
6, 19
6, 19
0, 19
1, 19
5, 19
3, 19
2, 19
1, 19
4, 19
1, 19
8, 19
3, 19
7, 19
2, 19
22, 22
1, 22
8, 22
2, 22
3, 22
1, 22
4, 22
0, 22
7, 22
7, 22
1, 22
16, 22
12, 22
4, 22
5, 22
8, 22
1, 22
0, 22
0, 22
1, 22
2, 22
3, 22
12, 22
7, 22
7, 22
7, 22
2, 22
7, 22
5, 22
1, 22
4, 22
0, 22
12, 22
4, 22
7, 22
7, 22
3, 22
2, 22
5, 22
4, 22
4, 22
3, 22
4, 22
16, 22
8, 22
7, 22
1, 22
3, 22
1, 22
4, 22
4, 22
4, 22
4, 22
13, 22
0, 22
17, 22
16, 22
3, 22
5, 22
1, 22
8, 22
1, 22
15, 22
4, 22
6, 22
0, 22
2, 22
0, 22
7, 22
1, 22
1, 22
8, 22
12, 22
5, 22
5, 22
1, 22
17, 22
0, 22
1, 22
0, 22
2, 22
4, 22
0, 22
2, 22
2, 22
1, 22
1, 22
19, 22
4, 22
1, 22
4, 22
1, 22
12, 22
4, 22
9, 22
14, 22
6, 22
8, 22
3, 22
8, 22
5, 22
3, 22
10, 22
1, 22
11, 22
10, 22
2, 22
12, 22
1, 22
0, 22
6, 22
2, 22
11, 22
9, 22
7, 22
5, 22
4, 22
2, 22
12, 22
3, 22
4, 22
9, 22
2, 22
15, 22
7, 22
8, 22
4, 22
11, 22
9, 22
2, 22
3, 22
3, 22
1, 22
1, 22
3, 22
2, 22
2, 22
3, 22
1, 22
4, 22
6, 22
2, 22
10, 22
16, 22
0, 22
1, 22
8, 22
7, 22
14, 22
1, 22
6, 22
1, 22
3, 22
3, 22
3, 22
15, 22
5, 22
9, 22
10, 22
8, 22
4, 22
27, 27
5, 27
1, 27
5, 27
4, 27
4, 27
5, 27
1, 27
8, 27
1, 27
4, 27
5, 27
23, 27
14, 27
8, 27
2, 27
5, 27
11, 27
7, 27
3, 27
2, 27
0, 27
0, 27
12, 27
2, 27
9, 27
23, 27
2, 27
7, 27
4, 27
5, 27
6, 27
2, 27
4, 27
1, 27
6, 27
7, 27
6, 27
1, 27
1, 27
0, 27
0, 27
12, 27
4, 27
3, 27
14, 27
8, 27
6, 27
10, 27
22, 27
22, 27
24, 27
4, 27
12, 27
1, 27
4, 27
9, 27
0, 27
9, 27
6, 27
7, 27
2, 27
15, 27
7, 27
4, 27
6, 27
2, 27
2, 27
39, 39
3, 39
12, 39
0, 39
20, 39
0, 39
10, 39
19, 39
1, 39
9, 39
7, 39
23, 39
1, 39
6, 39
4, 39
5, 39
9, 39
15, 39
24, 39
15, 39
0, 39
5, 39
34, 39
5, 39
8, 39
7, 39
13, 39
12, 39
3, 39
1, 39
17, 39
0, 39
8, 39
18, 39
7, 39
7, 39
4, 39
2, 39
4, 39
10, 39
22, 39
2, 39
4, 39
2, 39
6, 39
9, 39
7, 39
3, 39
4, 39
26, 39
11, 39
15, 39
6, 39
3, 39
11, 39
9, 39
2, 39
8, 39
7, 39
5, 39
0, 39
14, 39
10, 39
11, 39
5, 39
9, 39
0, 39
5, 39
7, 39
0, 39
3, 39
6, 39
7, 39
3, 39
6, 39
24, 39
0, 39
0, 39
1, 39
22, 39
5, 39
5, 39
3, 39
2, 39
24, 39
1, 39
3, 39
1, 39
4, 39
5, 39
24, 39
9, 39
17, 39
6, 39
16, 39
4, 39
4, 39
6, 39
1, 39
51, 51
21, 51
2, 51
5, 51
4, 51
10, 51
8, 51
14, 51
1, 51
7, 51
23, 51
5, 51
5, 51
9, 51
8, 51
9, 51
56, 56
3, 56
3, 56
3, 56
9, 56
5, 56
31, 56
8, 56
15, 56
0, 56
1, 56
2, 56
5, 56
8, 56
7, 56
8, 56
8, 56
5, 56
9, 56
9, 56
21, 56
1, 56
39, 56
0, 56
0, 56
10, 56
11, 56
6, 56
9, 56
6, 56
13, 56
1, 56
7, 56
0, 56
37, 56
36, 56
5, 56
2, 56
0, 56
12, 56
14, 56
5, 56
13, 56
0, 56
6, 56
10, 56
0, 56
5, 56
4, 56
1, 56
13, 56
3, 56
13, 56
6, 56
9, 56
10, 56
7, 56
18, 56
22, 56
37, 56
23, 56
41, 56
8, 56
11, 56
10, 56
20, 56
9, 56
0, 56
6, 56
1, 56
17, 56
0, 56
0, 56
9, 56
12, 56
9, 56
0, 56
9, 56
7, 56
3, 56
16, 56
3, 56
9, 56
6, 56
0, 56
1, 56
5, 56
11, 56
6, 56
7, 56
1, 56
8, 56
12, 56
4, 56
2, 56
23, 56
10, 56
6, 56
3, 56
0, 56
10, 56
12, 56
10, 56
14, 56
6, 56
12, 56
2, 56
39, 56
0, 56
7, 56
7, 56
11, 56
15, 56
0, 56
26, 56
4, 56
0, 56
6, 56
27, 56
1, 56
3, 56
19, 56
5, 56
2, 56
14, 56
7, 56
7, 56
3, 56
8, 56
3, 56
5, 56
15, 56
5, 56
3, 56
7, 56
6, 56
10, 56
0, 56
30, 56
4, 56
2, 56
6, 56
0, 56
16, 56
0, 56
25, 56
5, 56
32, 56
6, 56
19, 56
28, 56
10, 56
12, 56
7, 56
23, 56
31, 56
5, 56
6, 56
11, 56
49, 56
8, 56
11, 56
21, 56
16, 56
7, 56
21, 56
21, 56
8, 56
3, 56
32, 56
10, 56
4, 56
1, 56
2, 56
22, 56
3, 56
15, 56
45, 56
6, 56
7, 56
3, 56
10, 56
27, 56
16, 56
34, 56
21, 56
2, 56
1, 56
1, 56
2, 56
7, 56
1, 56
1, 56
1, 56
0, 56
6, 56
0, 56
3, 56
17, 56
13, 56
4, 56
11, 56
2, 56
8, 56
6, 56
13, 56
0, 56
7, 56
8, 56
11, 56
4, 56
19, 56
10, 56
8, 56
0, 56
1, 56
18, 56
5, 56
0, 56
2, 56
6, 56
26, 56
7, 56
15, 56
0, 56
7, 56
0, 56
16, 56
12, 56
37, 56
20, 56
11, 56
10, 56
8, 56
0, 56
18, 56
1, 56
27, 56
38, 56
36, 56
11, 56
3, 56
52, 56
1, 56
1, 56
4, 56
2, 56
6, 56
8, 56
27, 56
13, 56
8, 56
5, 56
6, 56
2, 56
26, 56
2, 56
5, 56
3, 56
8, 56
11, 56
10, 56
53, 56
9, 56
32, 56
48, 56
12, 56
24, 56
4, 56
27, 56
7, 56
80, 80
1, 80
37, 80
23, 80
3, 80
0, 80
3, 80
1, 80
32, 80
6, 80
12, 80
4, 80
15, 80
39, 80
21, 80
0, 80
16, 80
8, 80
9, 80
0, 80
4, 80
24, 80
42, 80
22, 80
13, 80
3, 80
2, 80
21, 80
62, 80
19, 80
40, 80
31, 80
0, 80
15, 80
8, 80
30, 80
8, 80
29, 80
44, 80
19, 80
31, 80
0, 80
49, 80
6, 80
19, 80
26, 80
7, 80
9, 80
1, 80
12, 80
5, 80
22, 80
0, 80
2, 80
28, 80
0, 80
12, 80
0, 80
109, 109
0, 109
10, 109
28, 109
47, 109
41, 109
3, 109
42, 109
11, 109
55, 109
107, 109
51, 109
29, 109
11, 109
33, 109
4, 109
25, 109
10, 109
24, 109
8, 109
6, 109
9, 109
31, 109
7, 109
0, 109
0, 109
22, 109
1, 109
4, 109
13, 109
26, 109
20, 109
19, 109
29, 109
2, 109
3, 109
3, 109
4, 109
4, 109
0, 109
39, 109
9, 109
6, 109
17, 109
18, 109
17, 109
18, 109
5, 109
52, 109
23, 109
0, 109
9, 109
8, 109
12, 109
4, 109
4, 109
17, 109
3, 109
14, 109
42, 109
11, 109
56, 109
11, 109
22, 109
68, 109
46, 109
1, 109
11, 109
10, 109
16, 109
64, 109
28, 109
41, 109
25, 109
48, 109
46, 109
40, 109
9, 109
14, 109
29, 109
23, 109
31, 109
16, 109
19, 109
3, 109
14, 109
1, 109
17, 109
18, 109
62, 109
37, 109
24, 109
2, 109
5, 109
21, 109
82, 109
34, 109
14, 109
21, 109
86, 109
40, 109
7, 109
27, 109
50, 109
5, 109
28, 109
19, 109
2, 109
53, 109
47, 109
18, 109
29, 109
4, 109
89, 109
38, 109
44, 109
11, 109
4, 109
58, 109
65, 109
10, 109
25, 109
32, 109
18, 109
75, 109
19, 109
42, 109
109, 109
1, 109
21, 109
86, 109
21, 109
1, 109
36, 109
44, 109
0, 109
19, 109
79, 109
13, 109
10, 109
8, 109
4, 109
26, 109
1, 109
9, 109
31, 109
14, 109
18, 109
30, 109
97, 109
29, 109
81, 109
7, 109
77, 109
18, 109
2, 109
13, 109
117, 117
18, 117
16, 117
71, 117
24, 117
15, 117
0, 117
16, 117
15, 117
90, 117
6, 117
117, 117
13, 117
25, 117
1, 117
30, 117
30, 117
20, 117
24, 117
13, 117
3, 117
16, 117
7, 117
56, 117
23, 117
1, 117
34, 117
141, 141
85, 141
272, 272
5, 272
23, 272
47, 272
29, 272
30, 272
94, 272
70, 272
21, 272
6, 272
14, 272
6, 272
76, 272
80, 272
2, 272
30, 272
100, 272
11, 272
24, 272
54, 272
14, 272
70, 272
17, 272
172, 272
28, 272
9, 272
10, 272
3, 272
7, 272
14, 272
35, 272
73, 272
34, 272
53, 272
8, 272
9, 272
129, 272
28, 272
15, 272
31, 272
7, 272
21, 272
6, 272
4, 272
26, 272
20, 272
21, 272
59, 272
10, 272
97, 272
5, 272
11, 272
34, 272
28, 272
56, 272
13, 272
63, 272
16, 272
6, 272
11, 272
60, 272
1, 272
17, 272
10, 272
6, 272
29, 272
45, 272
62, 272
59, 272
11, 272
2, 272
42, 272
16, 272
38, 272
4, 272
3, 272
71, 272
106, 272
58, 272
10, 272
27, 272
40, 272
1, 272
7, 272
38, 272
106, 272
10, 272
24, 272
48, 272
59, 272
3, 272
36, 272
0, 272
2, 272
2, 272
19, 272
109, 272
3, 272
6, 272
12, 272
89, 272
50, 272
38, 272
37, 272
6, 272
17, 272
165, 272
10, 272
76, 272
42, 272
10, 272
1, 272
19, 272
9, 272
10, 272
15, 272
37, 272
9, 272
103, 272
65, 272
72, 272
29, 272
30, 272
86, 272
10, 272
50, 272
62, 272
25, 272
12, 272
46, 272
46, 272
80, 272
116, 272
109, 272
12, 272
26, 272
35, 272
81, 272
89, 272
7, 272
5, 272
224, 272
48, 272
82, 272
34, 272
30, 272
32, 272
43, 272
91, 272
62, 272
23, 272
45, 272
184, 272
83, 272
93, 272
19, 272
65, 272
128, 272
60, 272
5, 272
48, 272
5, 272
41, 272
158, 272
20, 272
4, 272
168, 272
23, 272
23, 272
111, 272
30, 272
45, 272
21, 272
21, 272
37, 272
51, 272
94, 272
19, 272
63, 272
21, 272
23, 272
71, 272
12, 272
50, 272
243, 272
48, 272
126, 272
257, 272
51, 272
14, 272
3, 272
10, 272
6, 272
15, 272
72, 272
48, 272
28, 272
11, 272
31, 272
17, 272
56, 272
48, 272
41, 272
25, 272
46, 272
48, 272
12, 272
93, 272
46, 272
2, 272
25, 272
7, 272
32, 272
53, 272
54, 272
137, 272
65, 272
105, 272
1, 272
18, 272
22, 272
41, 272
19, 272
12, 272
9, 272
1, 272
48, 272
1, 272
35, 272
14, 272
26, 272
33, 272
0, 272
33, 272
97, 272
6, 272
88, 272
39, 272
97, 272
1, 272
38, 272
18, 272
2, 272
3, 272
37, 272
52, 272
26, 272
119, 272
22, 272
40, 272
44, 272
21, 272
9, 272
13, 272
147, 272
3, 272
12, 272
80, 272
49, 272
6, 272
140, 272
52, 272
15, 272
17, 272
49, 272
10, 272
32, 272
16, 272
21, 272
55, 272
72, 272
76, 272
0, 272
0, 272
0, 272
11, 272
120, 272
45, 272
36, 272
63, 272
308, 308
26, 308
54, 308
12, 308
0, 308
36, 308
126, 308
42, 308
29, 308
197, 308
10, 308
24, 308
8, 308
29, 308
83, 308
0, 308
38, 308
21, 308
61, 308
13, 308
45, 308
26, 308
20, 308
30, 308
66, 308
3, 308
2, 308
89, 308
3, 308
22, 308
9, 308
19, 308
34, 308
0, 308
38, 308
22, 308
28, 308
87, 308
4, 308
19, 308
24, 308
97, 308
33, 308
40, 308
16, 308
69, 308
80, 308
35, 308
29, 308
63, 308
32, 308
70, 308
37, 308
36, 308
26, 308
27, 308
4, 308
89, 308
3, 308
25, 308
2, 308
115, 308
11, 308
41, 308
13, 308
85, 308
50, 308
130, 308
44, 308
10, 308
55, 308
1, 308
55, 308
124, 308
18, 308
152, 308
5, 308
18, 308
52, 308
150, 308
54, 308
27, 308
59, 308
57, 308
92, 308
22, 308
26, 308
9, 308
13, 308
24, 308
53, 308
14, 308
1, 308
3, 308
5, 308
5, 308
4, 308
9, 308
32, 308
26, 308
35, 308
93, 308
47, 308
32, 308
20, 308
3, 308
18, 308
12, 308
2, 308
5, 308
6, 308
12, 308
15, 308
4, 308
46, 308
3, 308
15, 308
4, 308
1, 308
1, 308
38, 308
12, 308
30, 308
9, 308
2, 308
2, 308
6, 308
4, 308
15, 308
6, 308
19, 308
10, 308
1, 308
6, 308
2, 308
3, 308
7, 308
1, 308
12, 308
1, 308
13, 308
19, 308
9, 308
8, 308
11, 308
11, 308
9, 308
9, 308
14, 308
4, 308
3, 308
2, 308
3, 308
21, 308
8, 308
19, 308
12, 308
20, 308
9, 308
3, 308
28, 308
38, 308
4, 308
41, 308
1, 308
38, 308
7, 308
1, 308
23, 308
8, 308
56, 308
2, 308
2, 308
13, 308
2, 308
16, 308
26, 308
3, 308
1, 308
12, 308
21, 308
29, 308
11, 308
1, 308
1, 308
7, 308
6, 308
11, 308
11, 308
19, 308
31, 308
9, 308
14, 308
4, 308
48, 308
0, 308
9, 308
23, 308
37, 308
9, 308
5, 308
4, 308
12, 308
12, 308
6, 308
16, 308
7, 308
4, 308
11, 308
12, 308
25, 308
21, 308
14, 308
42, 308
12, 308
1, 308
13, 308
13, 308
16, 308
12, 308
41, 308
6, 308
0, 308
10, 308
2, 308
4, 308
43, 308
16, 308
23, 308
15, 308
23, 308
27, 308
2, 308
38, 308
38, 308
25, 308
9, 308
41, 308
13, 308
40, 308
0, 308
17, 308
67, 308
38, 308
69, 308
103, 308
21, 308
337, 337
107, 337
142, 337
5, 337
46, 337
6, 337
4, 337
21, 337
7, 337
9, 337
9, 337
4, 337
24, 337
46, 337
4, 337
4, 337
7, 337
12, 337
8, 337
37, 337
19, 337
3, 337
15, 337
5, 337
47, 337
17, 337
13, 337
6, 337
23, 337
10, 337
9, 337
10, 337
20, 337
33, 337
29, 337
5, 337
44, 337
5, 337
8, 337
14, 337
7, 337
9, 337
19, 337
5, 337
#Algorithm: ExpectedSARSA, Speed: 1, Boost: 5, PM: False, Env size: (20, 20), Car size: (6, 5),
#Counter: 10000000, Nsteps: 10000000, Gamma: 1, LearnRate: 0.01, Eps: 0.5, Epsdecay: 0.9
0, 0
1, 1
0, 1
0, 1
0, 1
0, 1
0, 1
1, 1
1, 1
1, 1
0, 1
0, 1
0, 1
0, 1
3, 3
3, 3
2, 3
0, 3
1, 3
1, 3
0, 3
2, 3
4, 4
9, 9
2, 9
3, 9
3, 9
6, 9
2, 9
4, 9
6, 9
2, 9
7, 9
4, 9
2, 9
5, 9
0, 9
0, 9
3, 9
0, 9
0, 9
1, 9
3, 9
0, 9
4, 9
2, 9
2, 9
3, 9
8, 9
1, 9
2, 9
2, 9
4, 9
1, 9
3, 9
3, 9
2, 9
3, 9
1, 9
3, 9
7, 9
2, 9
4, 9
5, 9
5, 9
1, 9
1, 9
0, 9
5, 9
2, 9
2, 9
2, 9
12, 12
15, 15
4, 15
3, 15
15, 15
0, 15
2, 15
5, 15
2, 15
0, 15
4, 15
0, 15
2, 15
12, 15
0, 15
2, 15
0, 15
1, 15
0, 15
2, 15
2, 15
1, 15
0, 15
3, 15
4, 15
4, 15
11, 15
7, 15
1, 15
6, 15
10, 15
1, 15
4, 15
4, 15
2, 15
5, 15
3, 15
3, 15
3, 15
1, 15
0, 15
5, 15
2, 15
4, 15
0, 15
5, 15
2, 15
6, 15
0, 15
0, 15
5, 15
4, 15
7, 15
3, 15
2, 15
10, 15
3, 15
0, 15
1, 15
2, 15
2, 15
5, 15
3, 15
3, 15
1, 15
3, 15
4, 15
2, 15
2, 15
2, 15
5, 15
3, 15
3, 15
1, 15
1, 15
0, 15
1, 15
7, 15
1, 15
8, 15
1, 15
3, 15
1, 15
1, 15
1, 15
1, 15
1, 15
1, 15
5, 15
4, 15
2, 15
1, 15
3, 15
9, 15
3, 15
0, 15
2, 15
1, 15
6, 15
0, 15
0, 15
0, 15
2, 15
5, 15
3, 15
2, 15
0, 15
2, 15
6, 15
0, 15
3, 15
7, 15
2, 15
3, 15
3, 15
5, 15
0, 15
2, 15
0, 15
5, 15
1, 15
6, 15
2, 15
2, 15
6, 15
3, 15
0, 15
3, 15
0, 15
0, 15
0, 15
19, 19
2, 19
1, 19
16, 19
2, 19
2, 19
3, 19
2, 19
1, 19
3, 19
2, 19
4, 19
3, 19
8, 19
7, 19
4, 19
5, 19
4, 19
1, 19
11, 19
5, 19
4, 19
12, 19
14, 19
2, 19
1, 19
6, 19
3, 19
2, 19
2, 19
3, 19
4, 19
15, 19
3, 19
4, 19
3, 19
0, 19
2, 19
3, 19
6, 19
4, 19
1, 19
4, 19
8, 19
1, 19
9, 19
1, 19
2, 19
1, 19
5, 19
2, 19
3, 19
3, 19
8, 19
7, 19
1, 19
2, 19
9, 19
9, 19
4, 19
1, 19
18, 19
0, 19
7, 19
4, 19
14, 19
8, 19
1, 19
4, 19
12, 19
0, 19
2, 19
8, 19
8, 19
7, 19
12, 19
0, 19
6, 19
2, 19
7, 19
5, 19
12, 19
5, 19
2, 19
6, 19
2, 19
11, 19
4, 19
16, 19
6, 19
5, 19
3, 19
5, 19
8, 19
2, 19
4, 19
1, 19
1, 19
3, 19
12, 19
1, 19
0, 19
9, 19
0, 19
6, 19
5, 19
5, 19
8, 19
7, 19
5, 19
9, 19
16, 19
12, 19
7, 19
11, 19
12, 19
8, 19
9, 19
17, 19
5, 19
6, 19
6, 19
26, 26
6, 26
2, 26
3, 26
11, 26
0, 26
0, 26
1, 26
3, 26
6, 26
16, 26
1, 26
5, 26
17, 26
15, 26
6, 26
20, 26
3, 26
3, 26
9, 26
11, 26
6, 26
8, 26
13, 26
8, 26
4, 26
8, 26
43, 43
19, 43
16, 43
0, 43
9, 43
22, 43
4, 43
6, 43
21, 43
3, 43
16, 43
0, 43
5, 43
13, 43
37, 43
3, 43
20, 43
12, 43
10, 43
12, 43
20, 43
15, 43
2, 43
18, 43
4, 43
5, 43
1, 43
20, 43
21, 43
9, 43
23, 43
5, 43
10, 43
17, 43
16, 43
7, 43
44, 44
8, 44
21, 44
4, 44
2, 44
1, 44
18, 44
3, 44
15, 44
4, 44
26, 44
5, 44
1, 44
3, 44
5, 44
7, 44
5, 44
5, 44
18, 44
14, 44
2, 44
0, 44
14, 44
7, 44
4, 44
10, 44
3, 44
23, 44
18, 44
11, 44
14, 44
3, 44
5, 44
1, 44
5, 44
5, 44
25, 44
2, 44
5, 44
2, 44
9, 44
2, 44
8, 44
6, 44
4, 44
22, 44
25, 44
11, 44
14, 44
22, 44
7, 44
6, 44
4, 44
35, 44
32, 44
9, 44
8, 44
11, 44
11, 44
9, 44
10, 44
13, 44
10, 44
7, 44
7, 44
8, 44
12, 44
2, 44
1, 44
5, 44
14, 44
15, 44
11, 44
11, 44
4, 44
14, 44
2, 44
8, 44
4, 44
14, 44
5, 44
25, 44
9, 44
5, 44
12, 44
2, 44
2, 44
14, 44
16, 44
8, 44
2, 44
28, 44
1, 44
12, 44
3, 44
12, 44
1, 44
12, 44
4, 44
2, 44
14, 44
4, 44
0, 44
0, 44
15, 44
0, 44
9, 44
4, 44
14, 44
14, 44
8, 44
5, 44
7, 44
35, 44
5, 44
9, 44
1, 44
7, 44
9, 44
5, 44
2, 44
8, 44
19, 44
2, 44
30, 44
13, 44
2, 44
8, 44
7, 44
12, 44
12, 44
2, 44
5, 44
1, 44
10, 44
27, 44
15, 44
6, 44
1, 44
7, 44
7, 44
8, 44
10, 44
5, 44
9, 44
11, 44
2, 44
3, 44
1, 44
11, 44
22, 44
17, 44
4, 44
4, 44
14, 44
2, 44
3, 44
6, 44
1, 44
2, 44
6, 44
12, 44
6, 44
12, 44
1, 44
7, 44
2, 44
9, 44
6, 44
1, 44
8, 44
0, 44
9, 44
6, 44
2, 44
5, 44
15, 44
4, 44
3, 44
3, 44
1, 44
15, 44
16, 44
2, 44
9, 44
32, 44
12, 44
10, 44
3, 44
6, 44
11, 44
49, 49
9, 49
1, 49
6, 49
18, 49
7, 49
39, 49
9, 49
40, 49
6, 49
17, 49
6, 49
12, 49
5, 49
6, 49
4, 49
12, 49
16, 49
6, 49
6, 49
3, 49
10, 49
0, 49
8, 49
6, 49
11, 49
19, 49
18, 49
29, 49
19, 49
20, 49
6, 49
12, 49
2, 49
33, 49
5, 49
9, 49
7, 49
3, 49
7, 49
3, 49
27, 49
5, 49
2, 49
3, 49
11, 49
32, 49
16, 49
3, 49
9, 49
8, 49
15, 49
15, 49
30, 49
43, 49
12, 49
9, 49
1, 49
17, 49
3, 49
20, 49
2, 49
21, 49
4, 49
6, 49
13, 49
2, 49
0, 49
1, 49
4, 49
35, 49
6, 49
16, 49
12, 49
4, 49
22, 49
7, 49
7, 49
2, 49
1, 49
0, 49
1, 49
4, 49
16, 49
10, 49
38, 49
0, 49
0, 49
10, 49
26, 49
28, 49
1, 49
12, 49
0, 49
2, 49
1, 49
4, 49
38, 49
9, 49
0, 49
0, 49
18, 49
1, 49
7, 49
10, 49
8, 49
1, 49
6, 49
3, 49
0, 49
2, 49
2, 49
1, 49
0, 49
9, 49
2, 49
6, 49
2, 49
8, 49
1, 49
0, 49
1, 49
9, 49
2, 49
10, 49
1, 49
27, 49
14, 49
7, 49
31, 49
2, 49
15, 49
6, 49
9, 49
10, 49
5, 49
0, 49
25, 49
10, 49
1, 49
2, 49
1, 49
4, 49
44, 49
19, 49
6, 49
2, 49
7, 49
4, 49
2, 49
3, 49
2, 49
4, 49
27, 49
3, 49
11, 49
0, 49
0, 49
6, 49
27, 49
8, 49
23, 49
19, 49
1, 49
7, 49
5, 49
0, 49
5, 49
7, 49
6, 49
8, 49
9, 49
14, 49
25, 49
10, 49
14, 49
0, 49
14, 49
21, 49
1, 49
3, 49
0, 49
4, 49
4, 49
21, 49
14, 49
0, 49
3, 49
4, 49
9, 49
0, 49
4, 49
7, 49
1, 49
3, 49
1, 49
8, 49
14, 49
2, 49
13, 49
1, 49
13, 49
1, 49
1, 49
1, 49
5, 49
3, 49
26, 49
42, 49
5, 49
2, 49
17, 49
15, 49
1, 49
3, 49
0, 49
0, 49
13, 49
0, 49
5, 49
0, 49
12, 49
0, 49
7, 49
4, 49
0, 49
7, 49
0, 49
38, 49
18, 49
1, 49
7, 49
6, 49
3, 49
2, 49
4, 49
8, 49
11, 49
10, 49
0, 49
10, 49
12, 49
24, 49
2, 49
33, 49
7, 49
2, 49
14, 49
4, 49
10, 49
14, 49
2, 49
1, 49
35, 49
0, 49
14, 49
13, 49
5, 49
36, 49
8, 49
4, 49
11, 49
2, 49
5, 49
3, 49
50, 50
36, 50
14, 50
8, 50
91, 91
3, 91
37, 91
0, 91
19, 91
35, 91
20, 91
16, 91
3, 91
9, 91
10, 91
3, 91
49, 91
5, 91
6, 91
0, 91
5, 91
19, 91
6, 91
3, 91
0, 91
2, 91
1, 91
0, 91
3, 91
29, 91
5, 91
9, 91
8, 91
9, 91
5, 91
21, 91
10, 91
9, 91
15, 91
16, 91
0, 91
9, 91
24, 91
10, 91
5, 91
3, 91
3, 91
0, 91
13, 91
6, 91
6, 91
21, 91
2, 91
1, 91
10, 91
21, 91
5, 91
25, 91
25, 91
23, 91
4, 91
24, 91
11, 91
4, 91
15, 91
0, 91
3, 91
41, 91
8, 91
3, 91
29, 91
20, 91
10, 91
30, 91
1, 91
27, 91
0, 91
10, 91
5, 91
22, 91
13, 91
26, 91
24, 91
3, 91
3, 91
10, 91
26, 91
2, 91
10, 91
35, 91
17, 91
15, 91
2, 91
0, 91
0, 91
7, 91
16, 91
13, 91
7, 91
14, 91
4, 91
20, 91
16, 91
42, 91
18, 91
9, 91
29, 91
32, 91
11, 91
17, 91
1, 91
13, 91
2, 91
16, 91
9, 91
39, 91
4, 91
11, 91
16, 91
2, 91
28, 91
10, 91
99, 99
8, 99
8, 99
5, 99
12, 99
55, 99
36, 99
35, 99
32, 99
5, 99
46, 99
17, 99
37, 99
27, 99
16, 99
40, 99
1, 99
8, 99
26, 99
19, 99
18, 99
14, 99
11, 99
1, 99
28, 99
20, 99
3, 99
37, 99
7, 99
20, 99
28, 99
40, 99
18, 99
0, 99
23, 99
10, 99
31, 99
41, 99
75, 99
12, 99
18, 99
13, 99
43, 99
46, 99
14, 99
6, 99
35, 99
20, 99
19, 99
77, 99
41, 99
32, 99
42, 99
85, 99
32, 99
28, 99
17, 99
111, 111
52, 111
16, 111
9, 111
2, 111
13, 111
30, 111
2, 111
27, 111
18, 111
20, 111
59, 111
44, 111
4, 111
10, 111
34, 111
11, 111
7, 111
2, 111
13, 111
29, 111
24, 111
11, 111
30, 111
75, 111
12, 111
13, 111
22, 111
12, 111
15, 111
13, 111
43, 111
38, 111
16, 111
21, 111
3, 111
3, 111
6, 111
2, 111
45, 111
66, 111
10, 111
21, 111
7, 111
5, 111
32, 111
75, 111
24, 111
28, 111
14, 111
18, 111
11, 111
8, 111
28, 111
32, 111
4, 111
6, 111
17, 111
18, 111
65, 111
23, 111
7, 111
21, 111
28, 111
25, 111
59, 111
10, 111
39, 111
5, 111
1, 111
24, 111
28, 111
68, 111
18, 111
12, 111
86, 111
4, 111
24, 111
10, 111
15, 111
19, 111
24, 111
43, 111
9, 111
3, 111
11, 111
20, 111
13, 111
23, 111
14, 111
13, 111
37, 111
4, 111
17, 111
16, 111
19, 111
10, 111
9, 111
13, 111
19, 111
17, 111
8, 111
7, 111
1, 111
0, 111
4, 111
59, 111
9, 111
5, 111
16, 111
20, 111
35, 111
19, 111
3, 111
0, 111
12, 111
26, 111
16, 111
18, 111
1, 111
2, 111
5, 111
21, 111
0, 111
31, 111
3, 111
8, 111
128, 128
90, 128
11, 128
20, 128
10, 128
28, 128
74, 128
0, 128
19, 128
20, 128
19, 128
9, 128
11, 128
55, 128
6, 128
4, 128
1, 128
36, 128
17, 128
29, 128
11, 128
13, 128
3, 128
22, 128
8, 128
49, 128
26, 128
0, 128
13, 128
14, 128
12, 128
12, 128
16, 128
9, 128
28, 128
0, 128
22, 128
7, 128
8, 128
22, 128
18, 128
5, 128
3, 128
19, 128
26, 128
24, 128
14, 128
6, 128
19, 128
39, 128
2, 128
7, 128
1, 128
89, 128
9, 128
14, 128
25, 128
34, 128
7, 128
12, 128
93, 128
29, 128
27, 128
18, 128
14, 128
6, 128
10, 128
2, 128
23, 128
14, 128
13, 128
2, 128
18, 128
10, 128
6, 128
16, 128
29, 128
25, 128
4, 128
20, 128
11, 128
0, 128
52, 128
9, 128
11, 128
41, 128
56, 128
18, 128
14, 128
4, 128
7, 128
1, 128
25, 128
11, 128
10, 128
29, 128
8, 128
17, 128
120, 128
1, 128
14, 128
0, 128
82, 128
45, 128
18, 128
41, 128
57, 128
73, 128
18, 128
2, 128
70, 128
26, 128
25, 128
16, 128
82, 128
44, 128
4, 128
81, 128
66, 128
25, 128
31, 128
5, 128
4, 128
1, 128
9, 128
113, 128
57, 128
19, 128
19, 128
206, 206
9, 206
27, 206
31, 206
19, 206
46, 206
9, 206
63, 206
18, 206
6, 206
1, 206
8, 206
61, 206
52, 206
77, 206
56, 206
49, 206
27, 206
65, 206
78, 206
169, 206
14, 206
46, 206
21, 206
57, 206
26, 206
30, 206
81, 206
9, 206
70, 206
42, 206
105, 206
73, 206
72, 206
30, 206
184, 206
108, 206
10, 206
53, 206
55, 206
82, 206
140, 206
107, 206
172, 206
17, 206
79, 206
17, 206
16, 206
14, 206
4, 206
55, 206
345, 345
267, 345
11, 345
6, 345
225, 345
32, 345
40, 345
162, 345
18, 345
17, 345
232, 345
134, 345
37, 345
51, 345
23, 345
16, 345
106, 345
16, 345
75, 345
168, 345
22, 345
41, 345
70, 345
122, 345
6, 345
86, 345
53, 345
301, 345
8, 345
16, 345
140, 345
18, 345
85, 345
309, 345
194, 345
152, 345
11, 345
89, 345
43, 345
491, 491
71, 491
43, 491
63, 491
278, 491
3, 491
11, 491
43, 491
55, 491
36, 491
75, 491
20, 491
135, 491
2, 491
23, 491
97, 491
99, 491
89, 491
30, 491
14, 491
22, 491
237, 491
93, 491
130, 491
13, 491
35, 491
5, 491
16, 491
13, 491
28, 491
16, 491
8, 491
17, 491
13, 491
104, 491
9, 491
23, 491
17, 491
16, 491
77, 491
347, 491
24, 491
121, 491
73, 491
20, 491
35, 491
27, 491
44, 491
11, 491
53, 491
36, 491
71, 491
139, 491
18, 491
134, 491
40, 491
166, 491
98, 491
68, 491
51, 491
76, 491
13, 491
3, 491
84, 491
101, 491
84, 491
120, 491
395, 491
84, 491
171, 491
362, 491
27, 491
204, 491
25, 491
36, 491
44, 491
108, 491
7, 491
99, 491
120, 491
65, 491
36, 491
29, 491
6, 491
118, 491
38, 491
68, 491
56, 491
154, 491
59, 491
88, 491
27, 491
160, 491
326, 491
65, 491
106, 491
12, 491
122, 491
20, 491
140, 491
10, 491
108, 491
28, 491
204, 491
34, 491
24, 491
42, 491
163, 491
194, 491
137, 491
41, 491
50, 491
88, 491
14, 491
176, 491
61, 491
73, 491
144, 491
53, 491
19, 491
101, 491
9, 491
115, 491
670, 670
118, 670
8, 670
325, 670
220, 670
72, 670
118, 670
46, 670
115, 670
103, 670
98, 670
98, 670
105, 670
22, 670
32, 670
74, 670
61, 670
1, 670
128, 670
273, 670
128, 670
163, 670
71, 670
101, 670
40, 670
17, 670
80, 670
89, 670
57, 670
105, 670
73, 670
48, 670
98, 670
22, 670
45, 670
197, 670
101, 670
138, 670
76, 670
285, 670
161, 670
13, 670
375, 670
18, 670
3, 670
37, 670
158, 670
32, 670
70, 670
3, 670
44, 670
13, 670
241, 670
41, 670
168, 670
86, 670
28, 670
179, 670
21, 670
93, 670
133, 670
133, 670
95, 670
177, 670
85, 670
56, 670
204, 670
472, 670
62, 670
57, 670
10, 670
1, 670
104, 670
189, 670
63, 670
277, 670
201, 670
79, 670
39, 670
813, 813
26, 813
162, 813
146, 813
382, 813
111, 813
13, 813
57, 813
207, 813
275, 813
2, 813
30, 813
73, 813
161, 813
3, 813
776, 813
124, 813
121, 813
124, 813
234, 813
154, 813
48, 813
1253, 1253
142, 1253
60, 1253
114, 1253
507, 1253
282, 1253
178, 1253
205, 1253
80, 1253
5, 1253
1, 1253
61, 1253
88, 1253
254, 1253
41, 1253
20, 1253
39, 1253
68, 1253
29, 1253
206, 1253
944, 1253
638, 1253
32, 1253
78, 1253
4, 1253
5, 1253
68, 1253
404, 1253
2, 1253
100, 1253
100, 1253
75, 1253
170, 1253
65, 1253
155, 1253
23, 1253
158, 1253
5, 1253
158, 1253
93, 1253
31, 1253
148, 1253
139, 1253
59, 1253
234, 1253
114, 1253
32, 1253
61, 1253
30, 1253
127, 1253
159, 1253
122, 1253
433, 1253
2001, 2001
2001, 2001
2001, 2001
1380, 2001
2001, 2001
748, 2001
707, 2001
2001, 2001
162, 2001
377, 2001
1121, 2001
2001, 2001
1519, 2001
128, 2001
2001, 2001
585, 2001
2001, 2001
90, 2001
593, 2001
1787, 2001
817, 2001
2001, 2001
1349, 2001
2001, 2001
2001, 2001
441, 2001
1630, 2001
1960, 2001
1230, 2001
1606, 2001
107, 2001
1442, 2001
2001, 2001
2001, 2001
2001, 2001
584, 2001
757, 2001
304, 2001
481, 2001
1383, 2001
921, 2001
927, 2001
77, 2001
2001, 2001
1943, 2001
387, 2001
793, 2001
1398, 2001
1231, 2001
1930, 2001
856, 2001
825, 2001
982, 2001
357, 2001
