#Algorithm: ExpectedSARSA, Speed: 1, Boost: 4, PM: False, Env size: (20, 20), Car size: (5, 4),
#Counter: 10000000, Nsteps: 10000000, Gamma: 1, LearnRate: 0.01, Eps: 0.5, Epsdecay: 0.9
0, 0
0, 0
0, 0
1, 1
0, 1
0, 1
0, 1
0, 1
1, 1
2, 2
0, 2
4, 4
0, 4
6, 6
1, 6
2, 6
7, 7
0, 7
2, 7
2, 7
0, 7
1, 7
0, 7
0, 7
2, 7
3, 7
0, 7
0, 7
5, 7
0, 7
3, 7
9, 9
3, 9
3, 9
8, 9
3, 9
13, 13
2, 13
2, 13
7, 13
2, 13
3, 13
16, 16
10, 16
5, 16
7, 16
3, 16
9, 16
0, 16
0, 16
1, 16
7, 16
3, 16
3, 16
4, 16
56, 56
2, 56
5, 56
2, 56
8, 56
0, 56
0, 56
1, 56
0, 56
0, 56
4, 56
0, 56
4, 56
1, 56
8, 56
1, 56
2, 56
23, 56
2, 56
0, 56
7, 56
14, 56
11, 56
3, 56
4, 56
12, 56
11, 56
6, 56
5, 56
1, 56
2, 56
8, 56
1, 56
2, 56
5, 56
5, 56
0, 56
4, 56
3, 56
0, 56
1, 56
10, 56
7, 56
6, 56
2, 56
3, 56
8, 56
2, 56
1, 56
0, 56
4, 56
2, 56
4, 56
8, 56
3, 56
1, 56
0, 56
2, 56
0, 56
1, 56
1, 56
12, 56
2, 56
12, 56
3, 56
19, 56
4, 56
4, 56
41, 56
2, 56
1, 56
2, 56
0, 56
1, 56
18, 56
11, 56
2, 56
5, 56
0, 56
9, 56
1, 56
24, 56
20, 56
9, 56
12, 56
16, 56
9, 56
15, 56
17, 56
9, 56
23, 56
1, 56
1, 56
0, 56
9, 56
2, 56
5, 56
3, 56
0, 56
3, 56
13, 56
4, 56
0, 56
2, 56
13, 56
3, 56
5, 56
7, 56
1, 56
2, 56
11, 56
35, 56
9, 56
2, 56
2, 56
17, 56
4, 56
3, 56
16, 56
4, 56
35, 56
3, 56
19, 56
10, 56
26, 56
0, 56
4, 56
25, 56
34, 56
9, 56
7, 56
3, 56
3, 56
27, 56
13, 56
10, 56
7, 56
0, 56
12, 56
6, 56
42, 56
12, 56
12, 56
14, 56
4, 56
5, 56
9, 56
20, 56
4, 56
18, 56
3, 56
19, 56
3, 56
37, 56
19, 56
7, 56
4, 56
1, 56
0, 56
5, 56
7, 56
10, 56
3, 56
2, 56
3, 56
4, 56
2, 56
10, 56
35, 56
21, 56
6, 56
17, 56
25, 56
14, 56
3, 56
13, 56
15, 56
0, 56
0, 56
10, 56
19, 56
7, 56
8, 56
8, 56
12, 56
0, 56
12, 56
11, 56
11, 56
2, 56
31, 56
7, 56
12, 56
15, 56
6, 56
29, 56
3, 56
34, 56
20, 56
10, 56
30, 56
3, 56
4, 56
2, 56
9, 56
0, 56
1, 56
10, 56
15, 56
58, 58
7, 58
5, 58
41, 58
5, 58
30, 58
7, 58
8, 58
4, 58
12, 58
13, 58
39, 58
37, 58
76, 76
17, 76
42, 76
3, 76
24, 76
19, 76
22, 76
5, 76
5, 76
2, 76
12, 76
3, 76
8, 76
10, 76
12, 76
16, 76
10, 76
4, 76
29, 76
3, 76
0, 76
1, 76
15, 76
21, 76
14, 76
3, 76
11, 76
1, 76
10, 76
0, 76
10, 76
9, 76
3, 76
2, 76
7, 76
12, 76
26, 76
13, 76
23, 76
4, 76
7, 76
5, 76
3, 76
25, 76
17, 76
58, 76
7, 76
18, 76
7, 76
23, 76
17, 76
29, 76
7, 76
40, 76
5, 76
12, 76
39, 76
23, 76
16, 76
66, 76
5, 76
17, 76
44, 76
53, 76
23, 76
25, 76
2, 76
0, 76
6, 76
1, 76
1, 76
11, 76
4, 76
23, 76
17, 76
3, 76
9, 76
18, 76
17, 76
18, 76
10, 76
7, 76
20, 76
18, 76
14, 76
1, 76
28, 76
20, 76
7, 76
14, 76
11, 76
46, 76
5, 76
40, 76
7, 76
9, 76
22, 76
7, 76
19, 76
4, 76
5, 76
13, 76
17, 76
0, 76
1, 76
4, 76
0, 76
46, 76
3, 76
5, 76
37, 76
3, 76
7, 76
1, 76
11, 76
12, 76
8, 76
1, 76
1, 76
24, 76
8, 76
6, 76
4, 76
9, 76
3, 76
14, 76
10, 76
27, 76
7, 76
18, 76
29, 76
12, 76
60, 76
57, 76
24, 76
0, 76
42, 76
7, 76
2, 76
9, 76
1, 76
18, 76
6, 76
7, 76
31, 76
18, 76
3, 76
19, 76
21, 76
7, 76
9, 76
14, 76
20, 76
5, 76
13, 76
1, 76
9, 76
0, 76
31, 76
16, 76
9, 76
10, 76
83, 83
7, 83
37, 83
58, 83
12, 83
12, 83
23, 83
29, 83
20, 83
10, 83
12, 83
27, 83
10, 83
2, 83
1, 83
11, 83
14, 83
8, 83
42, 83
48, 83
21, 83
36, 83
18, 83
16, 83
40, 83
22, 83
17, 83
35, 83
4, 83
1, 83
62, 83
5, 83
14, 83
31, 83
47, 83
1, 83
21, 83
0, 83
43, 83
22, 83
4, 83
0, 83
3, 83
21, 83
11, 83
9, 83
14, 83
14, 83
15, 83
16, 83
10, 83
8, 83
10, 83
21, 83
5, 83
7, 83
13, 83
42, 83
0, 83
17, 83
26, 83
6, 83
7, 83
11, 83
7, 83
3, 83
0, 83
10, 83
8, 83
0, 83
3, 83
56, 83
3, 83
5, 83
2, 83
1, 83
7, 83
29, 83
11, 83
25, 83
34, 83
11, 83
32, 83
13, 83
40, 83
2, 83
10, 83
3, 83
25, 83
30, 83
20, 83
61, 83
31, 83
38, 83
4, 83
38, 83
51, 83
13, 83
40, 83
1, 83
4, 83
8, 83
43, 83
10, 83
5, 83
4, 83
12, 83
62, 83
6, 83
16, 83
8, 83
10, 83
17, 83
7, 83
0, 83
94, 94
16, 94
35, 94
3, 94
3, 94
8, 94
56, 94
4, 94
8, 94
38, 94
4, 94
1, 94
23, 94
62, 94
19, 94
9, 94
2, 94
39, 94
13, 94
10, 94
2, 94
40, 94
1, 94
67, 94
15, 94
22, 94
8, 94
27, 94
0, 94
2, 94
3, 94
0, 94
39, 94
7, 94
21, 94
16, 94
13, 94
5, 94
45, 94
49, 94
49, 94
24, 94
7, 94
32, 94
131, 131
22, 131
27, 131
21, 131
10, 131
30, 131
18, 131
0, 131
10, 131
37, 131
0, 131
3, 131
28, 131
29, 131
11, 131
30, 131
26, 131
4, 131
37, 131
6, 131
5, 131
2, 131
8, 131
6, 131
2, 131
20, 131
15, 131
11, 131
1, 131
19, 131
15, 131
22, 131
13, 131
6, 131
2, 131
4, 131
46, 131
2, 131
2, 131
20, 131
12, 131
13, 131
27, 131
3, 131
22, 131
12, 131
16, 131
2, 131
1, 131
1, 131
1, 131
19, 131
22, 131
1, 131
4, 131
13, 131
14, 131
14, 131
10, 131
4, 131
13, 131
6, 131
29, 131
13, 131
15, 131
31, 131
28, 131
18, 131
17, 131
29, 131
5, 131
12, 131
8, 131
10, 131
6, 131
16, 131
19, 131
16, 131
5, 131
2, 131
19, 131
51, 131
31, 131
12, 131
6, 131
4, 131
3, 131
6, 131
16, 131
20, 131
15, 131
17, 131
27, 131
5, 131
31, 131
18, 131
14, 131
26, 131
11, 131
25, 131
14, 131
14, 131
4, 131
6, 131
41, 131
8, 131
4, 131
76, 131
14, 131
2, 131
37, 131
25, 131
3, 131
16, 131
18, 131
8, 131
28, 131
17, 131
12, 131
28, 131
7, 131
4, 131
7, 131
5, 131
33, 131
3, 131
23, 131
21, 131
8, 131
4, 131
13, 131
3, 131
30, 131
9, 131
8, 131
0, 131
8, 131
10, 131
8, 131
43, 131
2, 131
2, 131
12, 131
6, 131
46, 131
0, 131
27, 131
5, 131
11, 131
6, 131
4, 131
9, 131
36, 131
11, 131
16, 131
13, 131
2, 131
11, 131
18, 131
12, 131
16, 131
20, 131
6, 131
1, 131
7, 131
5, 131
12, 131
14, 131
12, 131
16, 131
54, 131
12, 131
8, 131
69, 131
21, 131
15, 131
11, 131
6, 131
18, 131
0, 131
12, 131
37, 131
15, 131
10, 131
5, 131
9, 131
28, 131
0, 131
19, 131
14, 131
8, 131
2, 131
54, 131
28, 131
5, 131
56, 131
8, 131
25, 131
9, 131
36, 131
21, 131
2, 131
29, 131
19, 131
6, 131
11, 131
8, 131
8, 131
2, 131
31, 131
3, 131
8, 131
10, 131
46, 131
10, 131
6, 131
12, 131
2, 131
23, 131
15, 131
3, 131
4, 131
5, 131
19, 131
12, 131
23, 131
23, 131
4, 131
30, 131
19, 131
73, 131
10, 131
10, 131
5, 131
6, 131
9, 131
49, 131
29, 131
9, 131
5, 131
4, 131
13, 131
1, 131
0, 131
45, 131
22, 131
6, 131
4, 131
7, 131
28, 131
3, 131
46, 131
2, 131
34, 131
17, 131
39, 131
24, 131
12, 131
17, 131
18, 131
21, 131
3, 131
0, 131
7, 131
6, 131
38, 131
5, 131
5, 131
9, 131
14, 131
19, 131
25, 131
57, 131
9, 131
59, 131
38, 131
6, 131
8, 131
3, 131
6, 131
15, 131
4, 131
2, 131
6, 131
7, 131
1, 131
16, 131
36, 131
3, 131
4, 131
5, 131
34, 131
15, 131
11, 131
28, 131
7, 131
32, 131
9, 131
13, 131
6, 131
10, 131
0, 131
1, 131
8, 131
16, 131
14, 131
20, 131
17, 131
1, 131
2, 131
21, 131
16, 131
3, 131
31, 131
24, 131
8, 131
2, 131
8, 131
4, 131
7, 131
25, 131
20, 131
6, 131
66, 131
23, 131
12, 131
1, 131
3, 131
7, 131
50, 131
15, 131
10, 131
22, 131
12, 131
3, 131
18, 131
8, 131
10, 131
8, 131
3, 131
21, 131
3, 131
3, 131
22, 131
21, 131
16, 131
4, 131
43, 131
17, 131
44, 131
4, 131
1, 131
8, 131
7, 131
25, 131
4, 131
1, 131
5, 131
21, 131
1, 131
45, 131
35, 131
9, 131
9, 131
7, 131
23, 131
6, 131
4, 131
27, 131
2, 131
2, 131
8, 131
14, 131
16, 131
0, 131
8, 131
8, 131
24, 131
16, 131
9, 131
19, 131
17, 131
1, 131
9, 131
9, 131
26, 131
3, 131
7, 131
6, 131
25, 131
13, 131
10, 131
26, 131
20, 131
2, 131
39, 131
129, 131
8, 131
61, 131
28, 131
5, 131
14, 131
22, 131
38, 131
46, 131
2, 131
17, 131
5, 131
10, 131
15, 131
21, 131
23, 131
11, 131
3, 131
29, 131
13, 131
5, 131
14, 131
13, 131
48, 131
1, 131
0, 131
4, 131
1, 131
9, 131
31, 131
14, 131
23, 131
0, 131
15, 131
18, 131
4, 131
68, 131
3, 131
13, 131
42, 131
3, 131
5, 131
35, 131
17, 131
67, 131
2, 131
7, 131
76, 131
3, 131
4, 131
19, 131
4, 131
1, 131
12, 131
14, 131
17, 131
43, 131
17, 131
6, 131
9, 131
14, 131
28, 131
7, 131
1, 131
34, 131
4, 131
3, 131
12, 131
5, 131
10, 131
31, 131
17, 131
21, 131
13, 131
46, 131
4, 131
37, 131
62, 131
6, 131
48, 131
139, 139
67, 139
45, 139
26, 139
9, 139
1, 139
125, 139
79, 139
21, 139
10, 139
170, 170
21, 170
43, 170
2, 170
0, 170
46, 170
2, 170
175, 175
25, 175
258, 258
36, 258
226, 258
146, 258
230, 258
217, 258
9, 258
16, 258
227, 258
412, 412
108, 412
123, 412
124, 412
696, 696
40, 696
142, 696
204, 696
49, 696
30, 696
367, 696
16, 696
59, 696
202, 696
322, 696
490, 696
50, 696
104, 696
415, 696
84, 696
69, 696
155, 696
218, 696
585, 696
7, 696
47, 696
428, 696
142, 696
120, 696
231, 696
22, 696
279, 696
104, 696
73, 696
7, 696
108, 696
2, 696
9, 696
275, 696
139, 696
147, 696
194, 696
228, 696
19, 696
337, 696
144, 696
30, 696
182, 696
254, 696
59, 696
70, 696
39, 696
773, 773
49, 773
174, 773
290, 773
102, 773
630, 773
851, 851
29, 851
69, 851
372, 851
301, 851
254, 851
49, 851
230, 851
13, 851
351, 851
584, 851
198, 851
425, 851
88, 851
287, 851
374, 851
321, 851
35, 851
159, 851
564, 851
139, 851
478, 851
81, 851
69, 851
267, 851
192, 851
173, 851
92, 851
897, 897
60, 897
319, 897
247, 897
65, 897
24, 897
196, 897
1090, 1090
742, 1090
214, 1090
356, 1090
70, 1090
556, 1090
44, 1090
75, 1090
14, 1090
198, 1090
111, 1090
44, 1090
25, 1090
775, 1090
518, 1090
538, 1090
197, 1090
51, 1090
400, 1090
264, 1090
663, 1090
130, 1090
751, 1090
324, 1090
175, 1090
1324, 1324
139, 1324
97, 1324
221, 1324
1108, 1324
1126, 1324
48, 1324
81, 1324
509, 1324
298, 1324
493, 1324
62, 1324
213, 1324
460, 1324
480, 1324
382, 1324
1368, 1368
563, 1368
1769, 1769
1303, 1769
15, 1769
871, 1769
1008, 1769
2001, 2001
1535, 2001
2001, 2001
1480, 2001
871, 2001
1101, 2001
56, 2001
2001, 2001
2001, 2001
2001, 2001
2001, 2001
2001, 2001
2001, 2001
534, 2001
2001, 2001
2001, 2001
202, 2001
262, 2001
1653, 2001
2001, 2001
2001, 2001
2001, 2001
2001, 2001
2001, 2001
2001, 2001
2001, 2001
2001, 2001
624, 2001
2001, 2001
2001, 2001
2001, 2001
2001, 2001
2001, 2001
2001, 2001
2001, 2001
2001, 2001
2001, 2001
2001, 2001
2001, 2001
2001, 2001
268, 2001
2001, 2001
2001, 2001
2001, 2001
2001, 2001
2001, 2001
2001, 2001
1642, 2001
2001, 2001
2001, 2001
2001, 2001
2001, 2001
2001, 2001
2001, 2001
2001, 2001
1989, 2001
2001, 2001
1935, 2001
824, 2001
2001, 2001
2001, 2001
2001, 2001
2001, 2001
2001, 2001
2001, 2001
2001, 2001
2001, 2001
2001, 2001
2001, 2001
1045, 2001
2001, 2001
2001, 2001
2001, 2001
2001, 2001
2001, 2001
2001, 2001
2001, 2001
2001, 2001
2001, 2001
2001, 2001
2001, 2001
2001, 2001
2001, 2001
2001, 2001
2001, 2001
1898, 2001
2001, 2001
2001, 2001
2001, 2001
770, 2001
2001, 2001
2001, 2001
1623, 2001
1392, 2001
2001, 2001
1064, 2001
2001, 2001
2001, 2001
2001, 2001
1046, 2001
2001, 2001
2001, 2001
2001, 2001
2001, 2001
2001, 2001
2001, 2001
2001, 2001
2001, 2001
1366, 2001
2001, 2001
2001, 2001
2001, 2001
2001, 2001
1897, 2001
996, 2001
2001, 2001
681, 2001
1304, 2001
2001, 2001
2001, 2001
1780, 2001
2001, 2001
1476, 2001
2001, 2001
2001, 2001
2001, 2001
2001, 2001
2001, 2001
2001, 2001
2001, 2001
2001, 2001
2001, 2001
2001, 2001
812, 2001
2001, 2001
2001, 2001
2001, 2001
2001, 2001
2001, 2001
1006, 2001
2001, 2001
2001, 2001
2001, 2001
2001, 2001
2001, 2001
2001, 2001
111, 2001
2001, 2001
2001, 2001
2001, 2001
2001, 2001
2001, 2001
2001, 2001
932, 2001
2001, 2001
2001, 2001
2001, 2001
2001, 2001
2001, 2001
2001, 2001
2001, 2001
2001, 2001
2001, 2001
2001, 2001
2001, 2001
2001, 2001
2001, 2001
2001, 2001
2001, 2001
2001, 2001
2001, 2001
2001, 2001
2001, 2001
2001, 2001
2001, 2001
2001, 2001
2001, 2001
2001, 2001
335, 2001
2001, 2001
2001, 2001
2001, 2001
607, 2001
2001, 2001
497, 2001
2001, 2001
2001, 2001
2001, 2001
2001, 2001
1742, 2001
1928, 2001
2001, 2001
2001, 2001
2001, 2001
2001, 2001
2001, 2001
2001, 2001
2001, 2001
2001, 2001
2001, 2001
2001, 2001
2001, 2001
2001, 2001
2001, 2001
2001, 2001
2001, 2001
2001, 2001
1879, 2001
2001, 2001
2001, 2001
2001, 2001
1661, 2001
2001, 2001
2001, 2001
2001, 2001
2001, 2001
2001, 2001
2001, 2001
2001, 2001
2001, 2001
2001, 2001
2001, 2001
2001, 2001
2001, 2001
2001, 2001
125, 2001
56, 2001
1563, 2001
2001, 2001
2001, 2001
2001, 2001
1549, 2001
2001, 2001
2001, 2001
2001, 2001
2001, 2001
2001, 2001
2001, 2001
2001, 2001
2001, 2001
449, 2001
2001, 2001
2001, 2001
2001, 2001
40, 2001
2001, 2001
2001, 2001
2001, 2001
1771, 2001
2001, 2001
2001, 2001
2001, 2001
2001, 2001
2001, 2001
2001, 2001
2001, 2001
2001, 2001
#Algorithm: ExpectedSARSA, Speed: 1, Boost: 4, PM: False, Env size: (20, 20), Car size: (5, 4),
#Counter: 10000000, Nsteps: 10000000, Gamma: 1, LearnRate: 0.01, Eps: 0.5, Epsdecay: 0.9
3, 3
0, 3
1, 3
1, 3
4, 4
5, 5
0, 5
1, 5
5, 5
0, 5
7, 7
0, 7
4, 7
0, 7
0, 7
3, 7
4, 7
1, 7
6, 7
3, 7
7, 7
3, 7
3, 7
1, 7
2, 7
2, 7
6, 7
4, 7
3, 7
4, 7
2, 7
4, 7
5, 7
0, 7
2, 7
3, 7
2, 7
6, 7
2, 7
11, 11
3, 11
8, 11
5, 11
0, 11
2, 11
0, 11
0, 11
10, 11
5, 11
13, 13
17, 17
18, 18
6, 18
2, 18
5, 18
5, 18
5, 18
4, 18
2, 18
2, 18
2, 18
3, 18
3, 18
4, 18
0, 18
1, 18
1, 18
0, 18
0, 18
10, 18
2, 18
8, 18
0, 18
0, 18
10, 18
6, 18
38, 38
9, 38
2, 38
4, 38
7, 38
16, 38
2, 38
7, 38
4, 38
12, 38
0, 38
29, 38
3, 38
8, 38
0, 38
2, 38
1, 38
10, 38
9, 38
4, 38
10, 38
5, 38
1, 38
5, 38
16, 38
2, 38
1, 38
5, 38
9, 38
1, 38
17, 38
7, 38
8, 38
7, 38
8, 38
7, 38
1, 38
1, 38
2, 38
11, 38
3, 38
8, 38
19, 38
3, 38
18, 38
8, 38
3, 38
1, 38
0, 38
0, 38
3, 38
7, 38
13, 38
19, 38
7, 38
3, 38
2, 38
1, 38
6, 38
2, 38
8, 38
4, 38
3, 38
3, 38
6, 38
4, 38
6, 38
3, 38
10, 38
5, 38
0, 38
7, 38
23, 38
4, 38
8, 38
5, 38
5, 38
10, 38
7, 38
1, 38
1, 38
4, 38
10, 38
6, 38
33, 38
5, 38
5, 38
10, 38
19, 38
3, 38
4, 38
9, 38
14, 38
2, 38
27, 38
10, 38
5, 38
8, 38
0, 38
1, 38
17, 38
3, 38
6, 38
10, 38
4, 38
11, 38
4, 38
31, 38
47, 47
19, 47
31, 47
2, 47
18, 47
10, 47
11, 47
3, 47
2, 47
14, 47
3, 47
39, 47
18, 47
11, 47
5, 47
16, 47
13, 47
7, 47
13, 47
5, 47
7, 47
13, 47
3, 47
9, 47
2, 47
11, 47
5, 47
10, 47
7, 47
7, 47
10, 47
5, 47
30, 47
26, 47
67, 67
24, 67
81, 81
7, 81
15, 81
15, 81
20, 81
1, 81
21, 81
0, 81
10, 81
1, 81
2, 81
30, 81
11, 81
46, 81
31, 81
0, 81
18, 81
11, 81
38, 81
39, 81
5, 81
2, 81
8, 81
50, 81
3, 81
25, 81
46, 81
33, 81
13, 81
31, 81
51, 81
14, 81
18, 81
6, 81
13, 81
4, 81
20, 81
7, 81
0, 81
45, 81
23, 81
6, 81
13, 81
30, 81
21, 81
12, 81
6, 81
8, 81
3, 81
12, 81
1, 81
34, 81
13, 81
27, 81
18, 81
5, 81
0, 81
24, 81
36, 81
41, 81
21, 81
6, 81
43, 81
36, 81
11, 81
39, 81
7, 81
15, 81
30, 81
17, 81
3, 81
21, 81
27, 81
10, 81
44, 81
52, 81
23, 81
18, 81
18, 81
8, 81
18, 81
25, 81
17, 81
4, 81
21, 81
39, 81
106, 106
36, 106
9, 106
30, 106
19, 106
11, 106
16, 106
3, 106
1, 106
6, 106
8, 106
23, 106
23, 106
40, 106
32, 106
64, 106
74, 106
6, 106
32, 106
22, 106
19, 106
20, 106
11, 106
1, 106
8, 106
19, 106
32, 106
12, 106
16, 106
7, 106
14, 106
39, 106
7, 106
8, 106
31, 106
9, 106
41, 106
9, 106
27, 106
10, 106
70, 106
8, 106
1, 106
17, 106
38, 106
16, 106
2, 106
20, 106
12, 106
14, 106
27, 106
11, 106
0, 106
13, 106
73, 106
8, 106
2, 106
42, 106
4, 106
7, 106
21, 106
14, 106
65, 106
33, 106
14, 106
22, 106
2, 106
0, 106
7, 106
24, 106
1, 106
72, 106
21, 106
15, 106
5, 106
34, 106
40, 106
5, 106
6, 106
40, 106
6, 106
19, 106
27, 106
20, 106
6, 106
31, 106
53, 106
9, 106
2, 106
24, 106
16, 106
8, 106
26, 106
12, 106
8, 106
11, 106
3, 106
3, 106
42, 106
16, 106
106, 106
45, 106
12, 106
4, 106
0, 106
16, 106
59, 106
7, 106
5, 106
48, 106
26, 106
49, 106
31, 106
17, 106
18, 106
32, 106
24, 106
4, 106
6, 106
15, 106
26, 106
57, 106
55, 106
14, 106
41, 106
0, 106
33, 106
1, 106
10, 106
19, 106
12, 106
13, 106
7, 106
27, 106
31, 106
14, 106
17, 106
7, 106
9, 106
6, 106
38, 106
17, 106
33, 106
33, 106
1, 106
12, 106
2, 106
50, 106
8, 106
9, 106
11, 106
6, 106
53, 106
45, 106
12, 106
11, 106
3, 106
5, 106
5, 106
13, 106
15, 106
72, 106
31, 106
30, 106
14, 106
54, 106
50, 106
5, 106
11, 106
30, 106
44, 106
11, 106
49, 106
31, 106
63, 106
18, 106
0, 106
4, 106
153, 153
8, 153
70, 153
26, 153
23, 153
61, 153
22, 153
11, 153
57, 153
29, 153
92, 153
29, 153
3, 153
55, 153
9, 153
56, 153
33, 153
1, 153
3, 153
22, 153
9, 153
31, 153
65, 153
6, 153
25, 153
3, 153
17, 153
181, 181
116, 181
2, 181
25, 181
10, 181
21, 181
23, 181
43, 181
36, 181
8, 181
24, 181
18, 181
16, 181
5, 181
33, 181
21, 181
19, 181
56, 181
17, 181
19, 181
2, 181
53, 181
37, 181
60, 181
17, 181
11, 181
8, 181
14, 181
13, 181
4, 181
42, 181
13, 181
49, 181
36, 181
42, 181
64, 181
16, 181
35, 181
40, 181
24, 181
58, 181
6, 181
57, 181
19, 181
4, 181
21, 181
16, 181
54, 181
4, 181
22, 181
29, 181
8, 181
13, 181
23, 181
47, 181
48, 181
3, 181
5, 181
6, 181
20, 181
2, 181
64, 181
30, 181
36, 181
43, 181
103, 181
95, 181
53, 181
62, 181
2, 181
4, 181
3, 181
15, 181
25, 181
15, 181
99, 181
28, 181
33, 181
27, 181
15, 181
21, 181
117, 181
19, 181
4, 181
38, 181
3, 181
20, 181
17, 181
3, 181
10, 181
11, 181
26, 181
2, 181
21, 181
36, 181
43, 181
37, 181
47, 181
30, 181
35, 181
165, 181
22, 181
27, 181
14, 181
15, 181
6, 181
7, 181
35, 181
103, 181
31, 181
44, 181
84, 181
46, 181
7, 181
28, 181
72, 181
45, 181
3, 181
2, 181
106, 181
118, 181
36, 181
31, 181
74, 181
6, 181
47, 181
7, 181
52, 181
38, 181
2, 181
51, 181
36, 181
14, 181
24, 181
1, 181
36, 181
5, 181
24, 181
12, 181
0, 181
22, 181
18, 181
14, 181
22, 181
35, 181
59, 181
11, 181
6, 181
7, 181
11, 181
46, 181
13, 181
9, 181
30, 181
65, 181
37, 181
81, 181
7, 181
25, 181
5, 181
3, 181
44, 181
8, 181
14, 181
1, 181
54, 181
4, 181
78, 181
13, 181
78, 181
2, 181
46, 181
39, 181
30, 181
13, 181
49, 181
85, 181
78, 181
9, 181
60, 181
89, 181
59, 181
11, 181
2, 181
8, 181
78, 181
8, 181
51, 181
5, 181
36, 181
139, 181
20, 181
201, 201
28, 201
229, 229
74, 229
19, 229
19, 229
36, 229
14, 229
8, 229
8, 229
20, 229
22, 229
29, 229
3, 229
6, 229
29, 229
22, 229
5, 229
4, 229
12, 229
36, 229
18, 229
64, 229
19, 229
21, 229
136, 229
1, 229
86, 229
5, 229
37, 229
63, 229
8, 229
23, 229
7, 229
54, 229
0, 229
6, 229
22, 229
33, 229
10, 229
11, 229
15, 229
97, 229
2, 229
75, 229
27, 229
2, 229
6, 229
14, 229
13, 229
15, 229
44, 229
100, 229
3, 229
167, 229
36, 229
18, 229
3, 229
16, 229
5, 229
61, 229
108, 229
21, 229
57, 229
5, 229
41, 229
35, 229
19, 229
73, 229
52, 229
41, 229
17, 229
41, 229
6, 229
11, 229
82, 229
40, 229
32, 229
34, 229
114, 229
66, 229
27, 229
15, 229
9, 229
6, 229
36, 229
31, 229
14, 229
13, 229
24, 229
80, 229
12, 229
11, 229
15, 229
17, 229
13, 229
31, 229
10, 229
4, 229
7, 229
7, 229
77, 229
177, 229
70, 229
32, 229
38, 229
14, 229
14, 229
49, 229
60, 229
38, 229
25, 229
9, 229
11, 229
55, 229
72, 229
2, 229
44, 229
6, 229
87, 229
32, 229
63, 229
36, 229
44, 229
52, 229
78, 229
43, 229
47, 229
99, 229
6, 229
45, 229
39, 229
92, 229
14, 229
84, 229
23, 229
16, 229
61, 229
5, 229
15, 229
53, 229
130, 229
6, 229
70, 229
15, 229
55, 229
12, 229
104, 229
55, 229
38, 229
53, 229
80, 229
151, 229
36, 229
111, 229
109, 229
67, 229
20, 229
88, 229
13, 229
52, 229
3, 229
24, 229
144, 229
19, 229
18, 229
22, 229
14, 229
42, 229
34, 229
132, 229
7, 229
14, 229
35, 229
42, 229
116, 229
81, 229
84, 229
9, 229
130, 229
34, 229
12, 229
38, 229
62, 229
92, 229
47, 229
236, 236
213, 236
101, 236
68, 236
12, 236
44, 236
86, 236
56, 236
14, 236
29, 236
10, 236
19, 236
62, 236
40, 236
56, 236
23, 236
1, 236
122, 236
78, 236
116, 236
68, 236
4, 236
35, 236
45, 236
28, 236
47, 236
155, 236
61, 236
2, 236
12, 236
25, 236
7, 236
120, 236
12, 236
8, 236
85, 236
43, 236
81, 236
31, 236
51, 236
77, 236
20, 236
6, 236
3, 236
19, 236
6, 236
35, 236
18, 236
127, 236
32, 236
33, 236
144, 236
11, 236
33, 236
70, 236
66, 236
157, 236
58, 236
93, 236
23, 236
241, 241
21, 241
9, 241
55, 241
30, 241
5, 241
109, 241
54, 241
167, 241
125, 241
30, 241
30, 241
142, 241
94, 241
74, 241
120, 241
82, 241
39, 241
127, 241
14, 241
225, 241
36, 241
10, 241
36, 241
120, 241
36, 241
14, 241
68, 241
100, 241
38, 241
54, 241
41, 241
133, 241
21, 241
50, 241
37, 241
213, 241
42, 241
20, 241
98, 241
83, 241
3, 241
116, 241
76, 241
110, 241
14, 241
38, 241
38, 241
9, 241
9, 241
154, 241
44, 241
18, 241
75, 241
22, 241
300, 300
50, 300
30, 300
127, 300
96, 300
220, 300
69, 300
16, 300
56, 300
3, 300
128, 300
92, 300
33, 300
43, 300
6, 300
39, 300
207, 300
26, 300
136, 300
24, 300
11, 300
194, 300
27, 300
107, 300
53, 300
79, 300
68, 300
30, 300
70, 300
57, 300
51, 300
117, 300
73, 300
46, 300
128, 300
25, 300
236, 300
32, 300
87, 300
11, 300
92, 300
19, 300
67, 300
31, 300
255, 300
139, 300
38, 300
36, 300
30, 300
549, 549
48, 549
25, 549
37, 549
19, 549
25, 549
41, 549
75, 549
12, 549
38, 549
13, 549
24, 549
15, 549
6, 549
31, 549
56, 549
56, 549
3, 549
222, 549
5, 549
231, 549
143, 549
154, 549
5, 549
147, 549
42, 549
10, 549
102, 549
208, 549
42, 549
74, 549
526, 549
37, 549
162, 549
152, 549
110, 549
182, 549
78, 549
56, 549
107, 549
134, 549
5, 549
11, 549
80, 549
69, 549
22, 549
18, 549
40, 549
23, 549
212, 549
71, 549
21, 549
28, 549
386, 549
107, 549
159, 549
28, 549
31, 549
27, 549
89, 549
26, 549
125, 549
13, 549
19, 549
44, 549
113, 549
54, 549
59, 549
82, 549
90, 549
4, 549
9, 549
1, 549
62, 549
13, 549
66, 549
39, 549
30, 549
20, 549
455, 549
65, 549
49, 549
361, 549
166, 549
111, 549
33, 549
253, 549
236, 549
90, 549
94, 549
349, 549
109, 549
57, 549
183, 549
25, 549
93, 549
31, 549
127, 549
168, 549
73, 549
39, 549
64, 549
105, 549
48, 549
58, 549
385, 549
27, 549
15, 549
37, 549
195, 549
158, 549
16, 549
57, 549
103, 549
153, 549
28, 549
90, 549
35, 549
5, 549
91, 549
16, 549
6, 549
83, 549
249, 549
69, 549
50, 549
63, 549
16, 549
68, 549
96, 549
102, 549
15, 549
65, 549
73, 549
204, 549
49, 549
134, 549
83, 549
117, 549
13, 549
31, 549
110, 549
143, 549
68, 549
42, 549
19, 549
134, 549
45, 549
71, 549
9, 549
81, 549
13, 549
63, 549
264, 549
190, 549
3, 549
21, 549
216, 549
303, 549
430, 549
193, 549
63, 549
25, 549
141, 549
86, 549
50, 549
159, 549
35, 549
238, 549
86, 549
23, 549
228, 549
76, 549
70, 549
53, 549
39, 549
10, 549
73, 549
275, 549
106, 549
47, 549
13, 549
64, 549
56, 549
354, 549
112, 549
10, 549
7, 549
48, 549
76, 549
277, 549
10, 549
426, 549
133, 549
25, 549
430, 549
64, 549
173, 549
24, 549
20, 549
252, 549
40, 549
284, 549
83, 549
312, 549
113, 549
211, 549
6, 549
21, 549
7, 549
484, 549
230, 549
226, 549
140, 549
34, 549
79, 549
119, 549
4, 549
104, 549
115, 549
300, 549
161, 549
83, 549
964, 964
25, 964
52, 964
266, 964
156, 964
148, 964
128, 964
6, 964
65, 964
293, 964
47, 964
344, 964
27, 964
8, 964
14, 964
200, 964
441, 964
25, 964
30, 964
317, 964
119, 964
55, 964
244, 964
23, 964
67, 964
148, 964
153, 964
97, 964
160, 964
51, 964
111, 964
104, 964
29, 964
181, 964
120, 964
111, 964
154, 964
51, 964
7, 964
65, 964
43, 964
477, 964
431, 964
159, 964
363, 964
232, 964
93, 964
32, 964
54, 964
145, 964
19, 964
964, 964
50, 964
30, 964
78, 964
189, 964
165, 964
44, 964
270, 964
6, 964
103, 964
81, 964
143, 964
79, 964
109, 964
313, 964
69, 964
295, 964
43, 964
74, 964
64, 964
443, 964
50, 964
243, 964
195, 964
470, 964
303, 964
102, 964
187, 964
39, 964
445, 964
65, 964
579, 964
158, 964
179, 964
148, 964
233, 964
40, 964
338, 964
225, 964
56, 964
184, 964
191, 964
402, 964
44, 964
112, 964
66, 964
46, 964
95, 964
46, 964
65, 964
310, 964
98, 964
2, 964
10, 964
199, 964
310, 964
481, 964
659, 964
467, 964
164, 964
207, 964
120, 964
355, 964
209, 964
56, 964
16, 964
329, 964
392, 964
181, 964
40, 964
154, 964
106, 964
142, 964
222, 964
62, 964
41, 964
389, 964
29, 964
185, 964
77, 964
273, 964
35, 964
46, 964
85, 964
331, 964
115, 964
182, 964
97, 964
24, 964
59, 964
19, 964
334, 964
173, 964
121, 964
1456, 1456
146, 1456
28, 1456
106, 1456
247, 1456
542, 1456
424, 1456
144, 1456
364, 1456
512, 1456
82, 1456
141, 1456
30, 1456
99, 1456
74, 1456
237, 1456
245, 1456
44, 1456
157, 1456
440, 1456
164, 1456
159, 1456
82, 1456
83, 1456
114, 1456
90, 1456
78, 1456
231, 1456
13, 1456
802, 1456
332, 1456
376, 1456
13, 1456
269, 1456
157, 1456
93, 1456
38, 1456
61, 1456
197, 1456
221, 1456
45, 1456
18, 1456
399, 1456
232, 1456
242, 1456
131, 1456
202, 1456
165, 1456
169, 1456
230, 1456
42, 1456
122, 1456
129, 1456
118, 1456
375, 1456
577, 1456
534, 1456
57, 1456
441, 1456
210, 1456
203, 1456
28, 1456
115, 1456
166, 1456
90, 1456
10, 1456
63, 1456
19, 1456
310, 1456
33, 1456
118, 1456
112, 1456
143, 1456
10, 1456
178, 1456
25, 1456
71, 1456
39, 1456
107, 1456
#Algorithm: ExpectedSARSA, Speed: 1, Boost: 4, PM: False, Env size: (20, 20), Car size: (5, 4),
#Counter: 10000000, Nsteps: 10000000, Gamma: 1, LearnRate: 0.01, Eps: 0.5, Epsdecay: 0.9
0, 0
3, 3
3, 3
0, 3
0, 3
4, 4
5, 5
2, 5
0, 5
1, 5
14, 14
10, 14
0, 14
0, 14
1, 14
5, 14
15, 15
21, 21
3, 21
10, 21
8, 21
0, 21
1, 21
1, 21
1, 21
0, 21
0, 21
2, 21
26, 26
0, 26
5, 26
5, 26
1, 26
1, 26
1, 26
0, 26
4, 26
5, 26
9, 26
9, 26
7, 26
5, 26
13, 26
3, 26
18, 26
2, 26
5, 26
11, 26
19, 26
10, 26
2, 26
1, 26
4, 26
10, 26
2, 26
31, 31
9, 31
0, 31
3, 31
9, 31
10, 31
4, 31
25, 31
4, 31
5, 31
2, 31
12, 31
4, 31
8, 31
1, 31
1, 31
3, 31
47, 47
11, 47
6, 47
7, 47
0, 47
12, 47
4, 47
11, 47
26, 47
10, 47
3, 47
4, 47
27, 47
2, 47
2, 47
5, 47
12, 47
1, 47
1, 47
2, 47
3, 47
2, 47
2, 47
4, 47
0, 47
0, 47
7, 47
1, 47
5, 47
1, 47
5, 47
4, 47
0, 47
9, 47
5, 47
5, 47
6, 47
1, 47
2, 47
14, 47
0, 47
1, 47
3, 47
18, 47
3, 47
16, 47
10, 47
15, 47
11, 47
6, 47
4, 47
1, 47
35, 47
3, 47
5, 47
28, 47
6, 47
0, 47
6, 47
2, 47
3, 47
17, 47
5, 47
10, 47
13, 47
38, 47
10, 47
9, 47
1, 47
5, 47
3, 47
13, 47
12, 47
2, 47
3, 47
4, 47
17, 47
2, 47
5, 47
1, 47
0, 47
4, 47
22, 47
4, 47
1, 47
3, 47
3, 47
67, 67
1, 67
45, 67
2, 67
9, 67
0, 67
10, 67
0, 67
25, 67
16, 67
1, 67
25, 67
6, 67
32, 67
15, 67
39, 67
8, 67
130, 130
11, 130
6, 130
2, 130
31, 130
13, 130
1, 130
35, 130
35, 130
3, 130
9, 130
13, 130
15, 130
8, 130
2, 130
13, 130
6, 130
7, 130
14, 130
1, 130
4, 130
40, 130
58, 130
8, 130
18, 130
2, 130
10, 130
6, 130
6, 130
12, 130
19, 130
19, 130
15, 130
8, 130
28, 130
18, 130
18, 130
7, 130
8, 130
4, 130
15, 130
11, 130
5, 130
4, 130
12, 130
47, 130
8, 130
0, 130
78, 130
45, 130
9, 130
7, 130
0, 130
23, 130
12, 130
26, 130
13, 130
34, 130
9, 130
3, 130
2, 130
20, 130
18, 130
27, 130
7, 130
3, 130
2, 130
21, 130
27, 130
9, 130
3, 130
5, 130
2, 130
7, 130
6, 130
6, 130
3, 130
31, 130
7, 130
0, 130
26, 130
1, 130
4, 130
5, 130
8, 130
17, 130
16, 130
2, 130
15, 130
19, 130
32, 130
17, 130
41, 130
15, 130
8, 130
0, 130
11, 130
4, 130
25, 130
4, 130
2, 130
47, 130
6, 130
13, 130
32, 130
20, 130
14, 130
3, 130
24, 130
12, 130
41, 130
3, 130
5, 130
4, 130
18, 130
14, 130
9, 130
4, 130
39, 130
0, 130
39, 130
26, 130
0, 130
23, 130
10, 130
17, 130
3, 130
9, 130
10, 130
26, 130
35, 130
6, 130
27, 130
16, 130
1, 130
6, 130
46, 130
1, 130
12, 130
26, 130
38, 130
9, 130
22, 130
12, 130
4, 130
18, 130
16, 130
0, 130
0, 130
4, 130
0, 130
41, 130
81, 130
15, 130
17, 130
43, 130
15, 130
4, 130
119, 130
7, 130
13, 130
4, 130
3, 130
15, 130
42, 130
8, 130
0, 130
2, 130
22, 130
12, 130
15, 130
18, 130
19, 130
35, 130
24, 130
8, 130
32, 130
40, 130
15, 130
3, 130
9, 130
19, 130
32, 130
16, 130
4, 130
60, 130
61, 130
91, 130
35, 130
3, 130
5, 130
10, 130
3, 130
30, 130
10, 130
0, 130
21, 130
21, 130
9, 130
41, 130
2, 130
25, 130
43, 130
7, 130
50, 130
12, 130
39, 130
5, 130
60, 130
4, 130
17, 130
5, 130
53, 130
9, 130
18, 130
17, 130
12, 130
5, 130
36, 130
19, 130
51, 130
7, 130
2, 130
5, 130
19, 130
9, 130
10, 130
21, 130
3, 130
44, 130
32, 130
20, 130
3, 130
24, 130
3, 130
107, 130
22, 130
23, 130
35, 130
75, 130
44, 130
41, 130
40, 130
64, 130
20, 130
5, 130
8, 130
17, 130
18, 130
36, 130
0, 130
11, 130
14, 130
1, 130
15, 130
25, 130
5, 130
36, 130
66, 130
27, 130
17, 130
1, 130
39, 130
22, 130
12, 130
8, 130
7, 130
13, 130
8, 130
0, 130
22, 130
43, 130
131, 131
36, 131
10, 131
6, 131
46, 131
7, 131
25, 131
18, 131
76, 131
31, 131
15, 131
25, 131
20, 131
53, 131
10, 131
16, 131
8, 131
7, 131
2, 131
26, 131
19, 131
4, 131
2, 131
37, 131
2, 131
1, 131
15, 131
3, 131
28, 131
109, 131
29, 131
15, 131
28, 131
1, 131
5, 131
33, 131
9, 131
20, 131
85, 131
4, 131
35, 131
27, 131
20, 131
22, 131
63, 131
50, 131
7, 131
8, 131
3, 131
26, 131
7, 131
20, 131
22, 131
7, 131
45, 131
57, 131
31, 131
32, 131
8, 131
35, 131
124, 131
117, 131
83, 131
10, 131
51, 131
6, 131
2, 131
1, 131
11, 131
18, 131
90, 131
7, 131
20, 131
11, 131
6, 131
49, 131
56, 131
19, 131
18, 131
0, 131
11, 131
9, 131
52, 131
35, 131
64, 131
0, 131
4, 131
4, 131
20, 131
41, 131
141, 141
5, 141
121, 141
35, 141
87, 141
115, 141
11, 141
87, 141
7, 141
19, 141
48, 141
41, 141
47, 141
4, 141
17, 141
26, 141
0, 141
16, 141
86, 141
27, 141
31, 141
15, 141
30, 141
21, 141
12, 141
10, 141
120, 141
20, 141
87, 141
7, 141
127, 141
23, 141
15, 141
46, 141
8, 141
156, 156
121, 156
13, 156
68, 156
1, 156
26, 156
32, 156
47, 156
33, 156
16, 156
47, 156
19, 156
44, 156
50, 156
17, 156
95, 156
22, 156
64, 156
56, 156
24, 156
69, 156
66, 156
4, 156
4, 156
20, 156
15, 156
15, 156
65, 156
30, 156
11, 156
1, 156
53, 156
40, 156
12, 156
199, 199
2, 199
70, 199
14, 199
24, 199
74, 199
5, 199
23, 199
87, 199
13, 199
46, 199
15, 199
14, 199
1, 199
24, 199
64, 199
18, 199
10, 199
48, 199
9, 199
5, 199
120, 199
14, 199
20, 199
7, 199
57, 199
22, 199
9, 199
54, 199
3, 199
59, 199
13, 199
6, 199
49, 199
28, 199
11, 199
22, 199
5, 199
39, 199
34, 199
53, 199
19, 199
33, 199
6, 199
9, 199
22, 199
8, 199
7, 199
25, 199
52, 199
14, 199
49, 199
25, 199
128, 199
4, 199
17, 199
72, 199
33, 199
81, 199
72, 199
25, 199
47, 199
61, 199
59, 199
59, 199
14, 199
57, 199
1, 199
14, 199
13, 199
7, 199
6, 199
152, 199
71, 199
62, 199
96, 199
48, 199
109, 199
183, 199
148, 199
195, 199
30, 199
27, 199
58, 199
42, 199
97, 199
19, 199
30, 199
53, 199
62, 199
98, 199
36, 199
123, 199
30, 199
55, 199
21, 199
63, 199
34, 199
102, 199
107, 199
150, 199
16, 199
115, 199
36, 199
26, 199
200, 200
18, 200
168, 200
58, 200
90, 200
140, 200
33, 200
107, 200
25, 200
6, 200
12, 200
26, 200
97, 200
52, 200
8, 200
121, 200
55, 200
80, 200
7, 200
60, 200
14, 200
11, 200
49, 200
271, 271
112, 271
147, 271
29, 271
97, 271
219, 271
50, 271
173, 271
99, 271
129, 271
56, 271
76, 271
124, 271
22, 271
4, 271
95, 271
77, 271
15, 271
58, 271
229, 271
4, 271
5, 271
152, 271
73, 271
57, 271
48, 271
78, 271
100, 271
94, 271
11, 271
54, 271
14, 271
35, 271
24, 271
43, 271
146, 271
42, 271
8, 271
38, 271
55, 271
170, 271
162, 271
28, 271
39, 271
91, 271
144, 271
134, 271
73, 271
2, 271
78, 271
54, 271
68, 271
64, 271
39, 271
243, 271
126, 271
61, 271
131, 271
45, 271
75, 271
145, 271
41, 271
93, 271
133, 271
152, 271
98, 271
4, 271
148, 271
107, 271
12, 271
88, 271
177, 271
99, 271
56, 271
90, 271
63, 271
16, 271
28, 271
74, 271
133, 271
54, 271
55, 271
34, 271
68, 271
93, 271
72, 271
36, 271
24, 271
278, 278
164, 278
48, 278
6, 278
90, 278
54, 278
45, 278
66, 278
483, 483
4, 483
53, 483
114, 483
42, 483
145, 483
100, 483
49, 483
147, 483
55, 483
179, 483
13, 483
250, 483
155, 483
188, 483
27, 483
28, 483
222, 483
15, 483
82, 483
7, 483
323, 483
12, 483
386, 483
21, 483
240, 483
177, 483
148, 483
144, 483
58, 483
133, 483
19, 483
49, 483
207, 483
54, 483
8, 483
66, 483
69, 483
289, 483
171, 483
39, 483
30, 483
60, 483
131, 483
22, 483
181, 483
145, 483
291, 483
69, 483
622, 622
97, 622
33, 622
190, 622
396, 622
36, 622
131, 622
177, 622
120, 622
20, 622
86, 622
213, 622
90, 622
122, 622
10, 622
36, 622
35, 622
76, 622
490, 622
589, 622
40, 622
417, 622
266, 622
14, 622
515, 622
1142, 1142
843, 1142
132, 1142
303, 1142
83, 1142
549, 1142
684, 1142
622, 1142
540, 1142
714, 1142
860, 1142
127, 1142
1294, 1294
652, 1294
272, 1294
738, 1294
458, 1294
2001, 2001
1880, 2001
367, 2001
283, 2001
652, 2001
141, 2001
107, 2001
621, 2001
137, 2001
56, 2001
43, 2001
376, 2001
1474, 2001
244, 2001
911, 2001
189, 2001
762, 2001
87, 2001
1269, 2001
19, 2001
211, 2001
1100, 2001
382, 2001
669, 2001
526, 2001
532, 2001
161, 2001
623, 2001
305, 2001
781, 2001
64, 2001
230, 2001
1228, 2001
677, 2001
706, 2001
245, 2001
421, 2001
632, 2001
559, 2001
97, 2001
278, 2001
4, 2001
1176, 2001
96, 2001
183, 2001
261, 2001
397, 2001
853, 2001
855, 2001
321, 2001
701, 2001
169, 2001
38, 2001
53, 2001
532, 2001
460, 2001
450, 2001
896, 2001
428, 2001
630, 2001
597, 2001
49, 2001
82, 2001
64, 2001
865, 2001
1118, 2001
200, 2001
178, 2001
279, 2001
43, 2001
524, 2001
82, 2001
862, 2001
559, 2001
115, 2001
305, 2001
17, 2001
682, 2001
18, 2001
2001, 2001
89, 2001
1002, 2001
49, 2001
426, 2001
414, 2001
76, 2001
117, 2001
136, 2001
318, 2001
370, 2001
178, 2001
10, 2001
570, 2001
269, 2001
1746, 2001
193, 2001
180, 2001
103, 2001
131, 2001
888, 2001
392, 2001
10, 2001
44, 2001
1377, 2001
953, 2001
958, 2001
91, 2001
647, 2001
835, 2001
383, 2001
126, 2001
1287, 2001
32, 2001
176, 2001
632, 2001
79, 2001
6, 2001
252, 2001
1796, 2001
209, 2001
113, 2001
965, 2001
713, 2001
542, 2001
348, 2001
44, 2001
670, 2001
253, 2001
465, 2001
373, 2001
524, 2001
46, 2001
597, 2001
670, 2001
116, 2001
289, 2001
139, 2001
230, 2001
245, 2001
79, 2001
122, 2001
16, 2001
497, 2001
298, 2001
792, 2001
929, 2001
539, 2001
625, 2001
268, 2001
293, 2001
547, 2001
384, 2001
430, 2001
1275, 2001
781, 2001
476, 2001
973, 2001
1030, 2001
2001, 2001
399, 2001
1174, 2001
1080, 2001
170, 2001
405, 2001
94, 2001
8, 2001
153, 2001
64, 2001
121, 2001
78, 2001
522, 2001
769, 2001
120, 2001
505, 2001
308, 2001
73, 2001
195, 2001
1119, 2001
832, 2001
75, 2001
571, 2001
661, 2001
325, 2001
1262, 2001
850, 2001
1687, 2001
63, 2001
416, 2001
79, 2001
170, 2001
107, 2001
400, 2001
49, 2001
553, 2001
506, 2001
173, 2001
628, 2001
257, 2001
817, 2001
1937, 2001
420, 2001
11, 2001
180, 2001
480, 2001
543, 2001
49, 2001
432, 2001
642, 2001
2001, 2001
614, 2001
628, 2001
1276, 2001
43, 2001
137, 2001
307, 2001
1230, 2001
1377, 2001
42, 2001
677, 2001
598, 2001
64, 2001
1313, 2001
20, 2001
2001, 2001
68, 2001
961, 2001
10, 2001
81, 2001
106, 2001
81, 2001
236, 2001
971, 2001
285, 2001
317, 2001
63, 2001
64, 2001
150, 2001
151, 2001
344, 2001
658, 2001
256, 2001
49, 2001
177, 2001
610, 2001
1069, 2001
98, 2001
810, 2001
48, 2001
39, 2001
134, 2001
289, 2001
10, 2001
702, 2001
939, 2001
684, 2001
668, 2001
438, 2001
251, 2001
1475, 2001
557, 2001
791, 2001
97, 2001
37, 2001
751, 2001
42, 2001
171, 2001
205, 2001
258, 2001
2001, 2001
1035, 2001
2001, 2001
1260, 2001
169, 2001
1301, 2001
476, 2001
1342, 2001
348, 2001
2001, 2001
235, 2001
283, 2001
223, 2001
1656, 2001
755, 2001
21, 2001
1015, 2001
215, 2001
299, 2001
9, 2001
755, 2001
501, 2001
36, 2001
1211, 2001
199, 2001
332, 2001
143, 2001
263, 2001
1652, 2001
338, 2001
130, 2001
283, 2001
180, 2001
142, 2001
202, 2001
758, 2001
155, 2001
393, 2001
406, 2001
1285, 2001
169, 2001
9, 2001
30, 2001
238, 2001
184, 2001
444, 2001
23, 2001
576, 2001
174, 2001
655, 2001
469, 2001
134, 2001
1042, 2001
66, 2001
214, 2001
27, 2001
36, 2001
21, 2001
179, 2001
185, 2001
86, 2001
737, 2001
2001, 2001
836, 2001
491, 2001
357, 2001
1408, 2001
411, 2001
348, 2001
464, 2001
188, 2001
179, 2001
4, 2001
589, 2001
189, 2001
92, 2001
150, 2001
497, 2001
1082, 2001
135, 2001
657, 2001
662, 2001
105, 2001
21, 2001
233, 2001
407, 2001
166, 2001
773, 2001
82, 2001
598, 2001
41, 2001
73, 2001
1681, 2001
1574, 2001
92, 2001
994, 2001
361, 2001
308, 2001
428, 2001
1008, 2001
856, 2001
85, 2001
402, 2001
410, 2001
86, 2001
426, 2001
120, 2001
245, 2001
68, 2001
306, 2001
1719, 2001
64, 2001
531, 2001
590, 2001
105, 2001
53, 2001
1401, 2001
190, 2001
1437, 2001
998, 2001
474, 2001
186, 2001
77, 2001
775, 2001
1533, 2001
883, 2001
858, 2001
221, 2001
122, 2001
175, 2001
466, 2001
1149, 2001
999, 2001
279, 2001
116, 2001
1166, 2001
374, 2001
243, 2001
296, 2001
86, 2001
108, 2001
110, 2001
139, 2001
117, 2001
275, 2001
334, 2001
773, 2001
668, 2001
231, 2001
669, 2001
202, 2001
29, 2001
102, 2001
125, 2001
407, 2001
786, 2001
380, 2001
714, 2001
49, 2001
1388, 2001
389, 2001
791, 2001
998, 2001
807, 2001
2001, 2001
183, 2001
181, 2001
200, 2001
790, 2001
1569, 2001
1672, 2001
1281, 2001
85, 2001
169, 2001
231, 2001
375, 2001
2001, 2001
2001, 2001
816, 2001
237, 2001
246, 2001
111, 2001
449, 2001
875, 2001
2001, 2001
1077, 2001
807, 2001
170, 2001
131, 2001
237, 2001
8, 2001
367, 2001
226, 2001
162, 2001
155, 2001
115, 2001
111, 2001
666, 2001
73, 2001
624, 2001
1118, 2001
546, 2001
824, 2001
535, 2001
436, 2001
2001, 2001
156, 2001
1083, 2001
304, 2001
488, 2001
434, 2001
1479, 2001
337, 2001
266, 2001
167, 2001
1384, 2001
514, 2001
661, 2001
398, 2001
808, 2001
1289, 2001
2001, 2001
140, 2001
500, 2001
355, 2001
208, 2001
1146, 2001
504, 2001
1192, 2001
755, 2001
51, 2001
840, 2001
392, 2001
537, 2001
1263, 2001
1047, 2001
728, 2001
286, 2001
1442, 2001
1349, 2001
634, 2001
853, 2001
1707, 2001
89, 2001
710, 2001
1247, 2001
2001, 2001
380, 2001
715, 2001
493, 2001
420, 2001
123, 2001
164, 2001
237, 2001
455, 2001
6, 2001
18, 2001
54, 2001
181, 2001
7, 2001
875, 2001
2001, 2001
112, 2001
567, 2001
253, 2001
34, 2001
123, 2001
251, 2001
574, 2001
368, 2001
1473, 2001
382, 2001
1105, 2001
209, 2001
955, 2001
412, 2001
220, 2001
461, 2001
337, 2001
254, 2001
618, 2001
584, 2001
46, 2001
871, 2001
352, 2001
1234, 2001
445, 2001
1936, 2001
1480, 2001
484, 2001
231, 2001
147, 2001
1348, 2001
92, 2001
268, 2001
233, 2001
735, 2001
924, 2001
214, 2001
533, 2001
1051, 2001
808, 2001
88, 2001
92, 2001
467, 2001
42, 2001
81, 2001
818, 2001
657, 2001
1699, 2001
#Algorithm: ExpectedSARSA, Speed: 1, Boost: 4, PM: False, Env size: (20, 20), Car size: (5, 4),
#Counter: 10000000, Nsteps: 10000000, Gamma: 1, LearnRate: 0.01, Eps: 0.5, Epsdecay: 0.9
1, 1
0, 1
8, 8
0, 8
0, 8
0, 8
0, 8
4, 8
1, 8
3, 8
2, 8
2, 8
6, 8
1, 8
19, 19
1, 19
0, 19
5, 19
21, 21
3, 21
1, 21
0, 21
0, 21
0, 21
2, 21
1, 21
1, 21
0, 21
3, 21
0, 21
4, 21
3, 21
7, 21
2, 21
6, 21
2, 21
3, 21
7, 21
0, 21
7, 21
1, 21
30, 30
0, 30
6, 30
1, 30
3, 30
7, 30
2, 30
0, 30
3, 30
14, 30
4, 30
7, 30
1, 30
10, 30
6, 30
1, 30
0, 30
12, 30
2, 30
0, 30
13, 30
1, 30
9, 30
3, 30
5, 30
3, 30
0, 30
6, 30
3, 30
9, 30
6, 30
0, 30
3, 30
8, 30
10, 30
1, 30
5, 30
6, 30
10, 30
13, 30
5, 30
2, 30
2, 30
1, 30
7, 30
2, 30
15, 30
11, 30
5, 30
0, 30
1, 30
2, 30
1, 30
0, 30
1, 30
5, 30
11, 30
1, 30
10, 30
12, 30
5, 30
17, 30
2, 30
1, 30
6, 30
3, 30
14, 30
4, 30
4, 30
3, 30
4, 30
4, 30
2, 30
4, 30
6, 30
5, 30
6, 30
11, 30
2, 30
13, 30
8, 30
4, 30
51, 51
6, 51
4, 51
17, 51
2, 51
3, 51
1, 51
10, 51
15, 51
7, 51
28, 51
3, 51
34, 51
5, 51
23, 51
1, 51
11, 51
13, 51
5, 51
1, 51
5, 51
3, 51
3, 51
13, 51
2, 51
4, 51
5, 51
26, 51
6, 51
4, 51
9, 51
7, 51
2, 51
0, 51
7, 51
2, 51
11, 51
6, 51
8, 51
0, 51
0, 51
2, 51
8, 51
2, 51
14, 51
1, 51
8, 51
10, 51
9, 51
1, 51
14, 51
12, 51
1, 51
7, 51
16, 51
6, 51
12, 51
12, 51
5, 51
2, 51
33, 51
8, 51
22, 51
1, 51
0, 51
2, 51
2, 51
10, 51
1, 51
20, 51
6, 51
10, 51
3, 51
19, 51
4, 51
5, 51
5, 51
14, 51
27, 51
5, 51
8, 51
16, 51
23, 51
15, 51
4, 51
11, 51
20, 51
40, 51
4, 51
5, 51
0, 51
3, 51
10, 51
18, 51
40, 51
4, 51
2, 51
16, 51
16, 51
0, 51
19, 51
8, 51
5, 51
23, 51
5, 51
8, 51
5, 51
9, 51
12, 51
61, 61
1, 61
3, 61
2, 61
2, 61
12, 61
0, 61
6, 61
27, 61
11, 61
49, 61
5, 61
32, 61
12, 61
12, 61
5, 61
18, 61
14, 61
0, 61
4, 61
4, 61
19, 61
14, 61
12, 61
5, 61
3, 61
21, 61
23, 61
5, 61
19, 61
14, 61
29, 61
4, 61
0, 61
7, 61
33, 61
48, 61
8, 61
17, 61
22, 61
28, 61
4, 61
17, 61
3, 61
9, 61
34, 61
30, 61
1, 61
5, 61
4, 61
3, 61
5, 61
5, 61
8, 61
26, 61
2, 61
19, 61
4, 61
7, 61
28, 61
7, 61
34, 61
11, 61
10, 61
25, 61
12, 61
30, 61
5, 61
12, 61
14, 61
11, 61
2, 61
10, 61
13, 61
11, 61
13, 61
2, 61
12, 61
2, 61
24, 61
11, 61
21, 61
7, 61
25, 61
7, 61
3, 61
21, 61
7, 61
28, 61
7, 61
8, 61
18, 61
10, 61
5, 61
13, 61
43, 61
0, 61
3, 61
4, 61
10, 61
19, 61
10, 61
54, 61
30, 61
16, 61
9, 61
25, 61
25, 61
7, 61
32, 61
10, 61
0, 61
6, 61
12, 61
2, 61
7, 61
42, 61
5, 61
9, 61
48, 61
8, 61
49, 61
14, 61
25, 61
9, 61
6, 61
4, 61
23, 61
21, 61
13, 61
13, 61
46, 61
9, 61
15, 61
40, 61
16, 61
20, 61
5, 61
12, 61
8, 61
28, 61
1, 61
40, 61
11, 61
9, 61
22, 61
4, 61
19, 61
29, 61
32, 61
16, 61
8, 61
15, 61
6, 61
21, 61
17, 61
4, 61
8, 61
17, 61
5, 61
10, 61
17, 61
13, 61
21, 61
32, 61
0, 61
7, 61
35, 61
23, 61
21, 61
2, 61
30, 61
0, 61
0, 61
11, 61
10, 61
28, 61
7, 61
13, 61
17, 61
28, 61
11, 61
25, 61
9, 61
7, 61
3, 61
7, 61
6, 61
19, 61
25, 61
34, 61
5, 61
3, 61
25, 61
14, 61
26, 61
21, 61
22, 61
13, 61
21, 61
13, 61
21, 61
43, 61
24, 61
26, 61
6, 61
15, 61
7, 61
8, 61
10, 61
16, 61
2, 61
4, 61
0, 61
10, 61
8, 61
28, 61
16, 61
1, 61
6, 61
20, 61
1, 61
45, 61
8, 61
19, 61
22, 61
6, 61
17, 61
55, 61
28, 61
28, 61
7, 61
14, 61
17, 61
26, 61
10, 61
10, 61
9, 61
22, 61
59, 61
35, 61
0, 61
28, 61
18, 61
1, 61
4, 61
28, 61
17, 61
19, 61
13, 61
6, 61
16, 61
5, 61
30, 61
24, 61
22, 61
21, 61
6, 61
6, 61
29, 61
9, 61
1, 61
4, 61
35, 61
44, 61
20, 61
2, 61
38, 61
8, 61
47, 61
14, 61
5, 61
12, 61
7, 61
4, 61
40, 61
2, 61
2, 61
8, 61
5, 61
7, 61
68, 68
14, 68
27, 68
13, 68
13, 68
41, 68
19, 68
97, 97
4, 97
4, 97
7, 97
14, 97
36, 97
7, 97
48, 97
20, 97
19, 97
27, 97
38, 97
13, 97
1, 97
21, 97
21, 97
23, 97
5, 97
10, 97
14, 97
5, 97
4, 97
29, 97
15, 97
13, 97
0, 97
20, 97
11, 97
20, 97
1, 97
41, 97
29, 97
48, 97
9, 97
75, 97
3, 97
14, 97
9, 97
19, 97
1, 97
9, 97
15, 97
24, 97
46, 97
1, 97
44, 97
29, 97
14, 97
5, 97
14, 97
27, 97
13, 97
0, 97
66, 97
20, 97
36, 97
19, 97
35, 97
1, 97
54, 97
18, 97
27, 97
10, 97
11, 97
24, 97
7, 97
16, 97
55, 97
15, 97
12, 97
4, 97
31, 97
33, 97
54, 97
53, 97
15, 97
7, 97
40, 97
34, 97
23, 97
5, 97
75, 97
10, 97
16, 97
19, 97
11, 97
24, 97
13, 97
17, 97
34, 97
5, 97
7, 97
22, 97
57, 97
29, 97
40, 97
8, 97
8, 97
1, 97
16, 97
8, 97
24, 97
26, 97
16, 97
20, 97
58, 97
0, 97
31, 97
5, 97
19, 97
12, 97
10, 97
1, 97
12, 97
18, 97
3, 97
21, 97
14, 97
28, 97
14, 97
60, 97
5, 97
17, 97
11, 97
20, 97
56, 97
2, 97
17, 97
11, 97
68, 97
17, 97
94, 97
4, 97
10, 97
30, 97
32, 97
19, 97
34, 97
22, 97
29, 97
12, 97
8, 97
36, 97
98, 98
12, 98
15, 98
72, 98
62, 98
81, 98
278, 278
28, 278
15, 278
9, 278
14, 278
153, 278
21, 278
31, 278
95, 278
46, 278
0, 278
161, 278
26, 278
83, 278
13, 278
90, 278
3, 278
2, 278
121, 278
30, 278
31, 278
4, 278
5, 278
2, 278
10, 278
11, 278
28, 278
18, 278
69, 278
34, 278
2, 278
10, 278
32, 278
28, 278
80, 278
8, 278
135, 278
140, 278
42, 278
10, 278
167, 278
146, 278
115, 278
42, 278
81, 278
29, 278
10, 278
19, 278
21, 278
59, 278
2, 278
16, 278
65, 278
110, 278
26, 278
82, 278
31, 278
30, 278
80, 278
49, 278
17, 278
1, 278
61, 278
277, 278
50, 278
132, 278
112, 278
109, 278
153, 278
131, 278
37, 278
43, 278
71, 278
118, 278
81, 278
30, 278
319, 319
86, 319
212, 319
22, 319
58, 319
46, 319
239, 319
40, 319
50, 319
169, 319
49, 319
70, 319
85, 319
57, 319
124, 319
207, 319
1, 319
79, 319
68, 319
38, 319
41, 319
30, 319
215, 319
13, 319
20, 319
105, 319
86, 319
51, 319
21, 319
5, 319
11, 319
10, 319
1, 319
6, 319
23, 319
52, 319
43, 319
33, 319
16, 319
21, 319
6, 319
1, 319
27, 319
12, 319
203, 319
32, 319
84, 319
32, 319
38, 319
32, 319
16, 319
46, 319
21, 319
10, 319
34, 319
22, 319
64, 319
58, 319
1, 319
136, 319
2, 319
19, 319
199, 319
85, 319
13, 319
26, 319
19, 319
10, 319
121, 319
108, 319
57, 319
8, 319
10, 319
16, 319
152, 319
10, 319
172, 319
6, 319
0, 319
3, 319
84, 319
53, 319
60, 319
1, 319
139, 319
37, 319
21, 319
26, 319
35, 319
88, 319
19, 319
55, 319
156, 319
45, 319
6, 319
14, 319
36, 319
1, 319
306, 319
316, 319
25, 319
19, 319
29, 319
158, 319
261, 319
15, 319
35, 319
67, 319
30, 319
81, 319
121, 319
17, 319
40, 319
16, 319
15, 319
3, 319
26, 319
47, 319
26, 319
17, 319
27, 319
4, 319
39, 319
8, 319
48, 319
35, 319
48, 319
8, 319
10, 319
28, 319
22, 319
2, 319
60, 319
7, 319
60, 319
168, 319
21, 319
36, 319
33, 319
9, 319
81, 319
55, 319
62, 319
139, 319
67, 319
23, 319
17, 319
133, 319
18, 319
116, 319
22, 319
16, 319
26, 319
240, 319
41, 319
27, 319
11, 319
21, 319
27, 319
279, 319
57, 319
32, 319
47, 319
294, 319
70, 319
123, 319
10, 319
148, 319
109, 319
15, 319
8, 319
25, 319
148, 319
8, 319
39, 319
42, 319
51, 319
14, 319
377, 377
39, 377
198, 377
32, 377
40, 377
39, 377
562, 562
20, 562
205, 562
88, 562
55, 562
29, 562
119, 562
20, 562
72, 562
57, 562
77, 562
505, 562
201, 562
198, 562
193, 562
66, 562
45, 562
66, 562
56, 562
103, 562
138, 562
68, 562
206, 562
344, 562
546, 562
125, 562
98, 562
145, 562
100, 562
17, 562
113, 562
12, 562
78, 562
10, 562
100, 562
61, 562
26, 562
342, 562
88, 562
217, 562
118, 562
145, 562
199, 562
80, 562
71, 562
8, 562
7, 562
37, 562
94, 562
45, 562
15, 562
66, 562
112, 562
16, 562
239, 562
145, 562
27, 562
80, 562
212, 562
110, 562
50, 562
91, 562
178, 562
9, 562
57, 562
179, 562
44, 562
334, 562
113, 562
206, 562
95, 562
103, 562
24, 562
50, 562
223, 562
57, 562
9, 562
118, 562
34, 562
7, 562
230, 562
294, 562
224, 562
160, 562
146, 562
17, 562
26, 562
47, 562
6, 562
275, 562
184, 562
25, 562
19, 562
72, 562
6, 562
431, 562
120, 562
125, 562
67, 562
257, 562
12, 562
75, 562
66, 562
17, 562
24, 562
318, 562
40, 562
94, 562
21, 562
25, 562
149, 562
166, 562
31, 562
93, 562
20, 562
332, 562
10, 562
188, 562
67, 562
64, 562
68, 562
134, 562
102, 562
151, 562
115, 562
83, 562
31, 562
28, 562
97, 562
169, 562
26, 562
25, 562
30, 562
169, 562
47, 562
126, 562
320, 562
77, 562
103, 562
174, 562
33, 562
140, 562
151, 562
6, 562
77, 562
58, 562
50, 562
148, 562
70, 562
404, 562
28, 562
36, 562
57, 562
183, 562
199, 562
75, 562
149, 562
145, 562
98, 562
227, 562
117, 562
46, 562
44, 562
115, 562
12, 562
94, 562
39, 562
101, 562
112, 562
58, 562
130, 562
110, 562
97, 562
27, 562
34, 562
23, 562
12, 562
29, 562
21, 562
45, 562
16, 562
20, 562
4, 562
29, 562
45, 562
157, 562
9, 562
40, 562
86, 562
10, 562
42, 562
77, 562
1, 562
120, 562
18, 562
68, 562
8, 562
105, 562
249, 562
19, 562
239, 562
106, 562
427, 562
422, 562
212, 562
146, 562
100, 562
138, 562
49, 562
35, 562
89, 562
251, 562
51, 562
76, 562
15, 562
250, 562
116, 562
103, 562
287, 562
413, 562
80, 562
282, 562
169, 562
150, 562
177, 562
120, 562
117, 562
326, 562
65, 562
61, 562
45, 562
168, 562
52, 562
536, 562
367, 562
57, 562
72, 562
44, 562
43, 562
36, 562
43, 562
139, 562
184, 562
178, 562
453, 562
209, 562
89, 562
258, 562
247, 562
229, 562
205, 562
289, 562
219, 562
287, 562
414, 562
54, 562
33, 562
217, 562
51, 562
240, 562
57, 562
18, 562
11, 562
70, 562
86, 562
401, 562
38, 562
18, 562
112, 562
124, 562
24, 562
43, 562
55, 562
43, 562
62, 562
64, 562
100, 562
126, 562
41, 562
7, 562
244, 562
358, 562
145, 562
100, 562
94, 562
96, 562
149, 562
295, 562
57, 562
20, 562
314, 562
331, 562
57, 562
90, 562
31, 562
170, 562
272, 562
86, 562
88, 562
91, 562
34, 562
177, 562
492, 562
87, 562
299, 562
59, 562
183, 562
48, 562
94, 562
334, 562
111, 562
15, 562
81, 562
104, 562
59, 562
108, 562
29, 562
184, 562
17, 562
471, 562
22, 562
48, 562
54, 562
80, 562
10, 562
183, 562
112, 562
23, 562
69, 562
82, 562
31, 562
16, 562
88, 562
14, 562
33, 562
22, 562
238, 562
326, 562
99, 562
153, 562
187, 562
48, 562
109, 562
42, 562
25, 562
357, 562
4, 562
95, 562
32, 562
31, 562
26, 562
134, 562
87, 562
177, 562
250, 562
248, 562
270, 562
153, 562
242, 562
198, 562
196, 562
17, 562
153, 562
24, 562
64, 562
255, 562
18, 562
20, 562
141, 562
53, 562
58, 562
270, 562
286, 562
98, 562
193, 562
162, 562
33, 562
103, 562
137, 562
162, 562
35, 562
200, 562
145, 562
29, 562
183, 562
195, 562
77, 562
64, 562
29, 562
497, 562
53, 562
116, 562
11, 562
24, 562
247, 562
61, 562
95, 562
45, 562
104, 562
180, 562
189, 562
291, 562
84, 562
327, 562
10, 562
238, 562
64, 562
12, 562
140, 562
82, 562
28, 562
152, 562
17, 562
98, 562
119, 562
73, 562
201, 562
76, 562
84, 562
91, 562
9, 562
95, 562
65, 562
61, 562
5, 562
119, 562
22, 562
198, 562
381, 562
85, 562
16, 562
25, 562
191, 562
243, 562
39, 562
90, 562
13, 562
7, 562
55, 562
57, 562
39, 562
11, 562
114, 562
78, 562
403, 562
62, 562
63, 562
349, 562
123, 562
12, 562
51, 562
86, 562
489, 562
5, 562
125, 562
54, 562
305, 562
58, 562
69, 562
72, 562
56, 562
344, 562
261, 562
152, 562
15, 562
313, 562
37, 562
23, 562
173, 562
55, 562
98, 562
204, 562
185, 562
11, 562
85, 562
38, 562
256, 562
60, 562
40, 562
396, 562
106, 562
167, 562
197, 562
60, 562
487, 562
358, 562
28, 562
63, 562
168, 562
167, 562
759, 759
31, 759
86, 759
290, 759
76, 759
47, 759
29, 759
190, 759
1137, 1137
80, 1137
49, 1137
278, 1137
334, 1137
342, 1137
272, 1137
629, 1137
60, 1137
74, 1137
86, 1137
23, 1137
264, 1137
169, 1137
97, 1137
93, 1137
231, 1137
72, 1137
106, 1137
344, 1137
102, 1137
100, 1137
185, 1137
84, 1137
228, 1137
1009, 1137
61, 1137
16, 1137
424, 1137
243, 1137
185, 1137
357, 1137
99, 1137
107, 1137
72, 1137
101, 1137
34, 1137
79, 1137
264, 1137
473, 1137
128, 1137
85, 1137
11, 1137
167, 1137
75, 1137
99, 1137
130, 1137
133, 1137
63, 1137
48, 1137
128, 1137
68, 1137
147, 1137
114, 1137
66, 1137
8, 1137
383, 1137
167, 1137
175, 1137
63, 1137
49, 1137
60, 1137
14, 1137
351, 1137
270, 1137
43, 1137
289, 1137
224, 1137
94, 1137
162, 1137
180, 1137
120, 1137
23, 1137
#Algorithm: ExpectedSARSA, Speed: 1, Boost: 4, PM: False, Env size: (20, 20), Car size: (5, 4),
#Counter: 10000000, Nsteps: 10000000, Gamma: 1, LearnRate: 0.01, Eps: 0.5, Epsdecay: 0.9
1, 1
0, 1
0, 1
1, 1
1, 1
1, 1
0, 1
0, 1
0, 1
0, 1
1, 1
0, 1
1, 1
2, 2
1, 2
0, 2
5, 5
7, 7
13, 13
1, 13
1, 13
1, 13
7, 13
2, 13
6, 13
12, 13
1, 13
2, 13
3, 13
9, 13
1, 13
4, 13
5, 13
1, 13
1, 13
1, 13
3, 13
0, 13
1, 13
0, 13
3, 13
5, 13
9, 13
7, 13
1, 13
0, 13
5, 13
15, 15
4, 15
4, 15
0, 15
0, 15
0, 15
6, 15
3, 15
4, 15
5, 15
4, 15
5, 15
1, 15
3, 15
10, 15
0, 15
0, 15
1, 15
3, 15
4, 15
11, 15
11, 15
1, 15
13, 15
0, 15
2, 15
4, 15
5, 15
2, 15
2, 15
1, 15
1, 15
4, 15
2, 15
4, 15
6, 15
10, 15
1, 15
3, 15
8, 15
0, 15
3, 15
0, 15
2, 15
3, 15
4, 15
6, 15
18, 18
0, 18
3, 18
1, 18
9, 18
0, 18
2, 18
0, 18
3, 18
4, 18
8, 18
0, 18
3, 18
7, 18
9, 18
2, 18
8, 18
0, 18
2, 18
21, 21
13, 21
2, 21
6, 21
2, 21
1, 21
1, 21
9, 21
5, 21
2, 21
6, 21
1, 21
10, 21
0, 21
17, 21
11, 21
12, 21
1, 21
4, 21
4, 21
2, 21
6, 21
5, 21
1, 21
2, 21
0, 21
3, 21
7, 21
28, 28
8, 28
2, 28
2, 28
1, 28
0, 28
1, 28
5, 28
14, 28
5, 28
8, 28
5, 28
8, 28
2, 28
3, 28
5, 28
0, 28
3, 28
8, 28
1, 28
3, 28
5, 28
1, 28
1, 28
12, 28
9, 28
3, 28
14, 28
0, 28
0, 28
16, 28
6, 28
0, 28
1, 28
2, 28
3, 28
3, 28
3, 28
1, 28
0, 28
1, 28
6, 28
4, 28
0, 28
1, 28
3, 28
16, 28
5, 28
5, 28
4, 28
2, 28
5, 28
1, 28
7, 28
2, 28
2, 28
0, 28
4, 28
3, 28
0, 28
2, 28
11, 28
11, 28
11, 28
3, 28
10, 28
1, 28
2, 28
9, 28
1, 28
21, 28
6, 28
4, 28
1, 28
0, 28
15, 28
0, 28
6, 28
2, 28
12, 28
0, 28
9, 28
3, 28
3, 28
1, 28
4, 28
0, 28
2, 28
17, 28
14, 28
26, 28
12, 28
0, 28
9, 28
0, 28
11, 28
1, 28
5, 28
3, 28
22, 28
9, 28
1, 28
0, 28
10, 28
1, 28
1, 28
4, 28
4, 28
5, 28
15, 28
3, 28
14, 28
17, 28
6, 28
11, 28
30, 30
7, 30
11, 30
10, 30
3, 30
16, 30
14, 30
2, 30
18, 30
3, 30
7, 30
1, 30
4, 30
4, 30
9, 30
6, 30
2, 30
18, 30
13, 30
4, 30
3, 30
1, 30
3, 30
1, 30
11, 30
4, 30
2, 30
2, 30
3, 30
2, 30
10, 30
17, 30
4, 30
10, 30
1, 30
3, 30
1, 30
5, 30
13, 30
12, 30
3, 30
6, 30
11, 30
12, 30
33, 33
0, 33
19, 33
15, 33
4, 33
5, 33
11, 33
10, 33
48, 48
1, 48
19, 48
18, 48
5, 48
5, 48
3, 48
0, 48
1, 48
8, 48
0, 48
16, 48
4, 48
0, 48
0, 48
7, 48
23, 48
2, 48
22, 48
23, 48
37, 48
28, 48
9, 48
4, 48
3, 48
22, 48
31, 48
5, 48
2, 48
68, 68
34, 68
36, 68
60, 68
7, 68
29, 68
13, 68
6, 68
10, 68
6, 68
0, 68
6, 68
3, 68
2, 68
7, 68
1, 68
2, 68
13, 68
2, 68
25, 68
18, 68
6, 68
38, 68
17, 68
48, 68
25, 68
17, 68
30, 68
3, 68
8, 68
10, 68
2, 68
10, 68
10, 68
2, 68
0, 68
13, 68
0, 68
4, 68
0, 68
0, 68
51, 68
0, 68
5, 68
8, 68
2, 68
3, 68
4, 68
3, 68
3, 68
8, 68
3, 68
4, 68
2, 68
5, 68
5, 68
1, 68
3, 68
13, 68
8, 68
37, 68
16, 68
6, 68
1, 68
4, 68
24, 68
2, 68
3, 68
0, 68
26, 68
4, 68
3, 68
2, 68
108, 108
3, 108
8, 108
65, 108
21, 108
69, 108
8, 108
2, 108
5, 108
4, 108
5, 108
21, 108
16, 108
37, 108
38, 108
11, 108
59, 108
10, 108
4, 108
15, 108
5, 108
5, 108
3, 108
0, 108
24, 108
2, 108
4, 108
1, 108
1, 108
6, 108
33, 108
38, 108
2, 108
10, 108
4, 108
38, 108
10, 108
8, 108
28, 108
4, 108
9, 108
23, 108
13, 108
21, 108
3, 108
0, 108
0, 108
7, 108
53, 108
34, 108
5, 108
23, 108
14, 108
5, 108
7, 108
43, 108
2, 108
10, 108
2, 108
24, 108
6, 108
5, 108
4, 108
11, 108
6, 108
27, 108
17, 108
18, 108
7, 108
4, 108
1, 108
17, 108
8, 108
4, 108
6, 108
16, 108
4, 108
5, 108
19, 108
18, 108
23, 108
8, 108
2, 108
15, 108
21, 108
3, 108
4, 108
12, 108
3, 108
9, 108
16, 108
15, 108
14, 108
2, 108
6, 108
5, 108
14, 108
9, 108
5, 108
20, 108
7, 108
7, 108
3, 108
6, 108
84, 108
11, 108
7, 108
2, 108
3, 108
6, 108
22, 108
29, 108
7, 108
12, 108
6, 108
43, 108
45, 108
5, 108
4, 108
33, 108
4, 108
14, 108
7, 108
7, 108
21, 108
8, 108
30, 108
2, 108
3, 108
9, 108
13, 108
14, 108
1, 108
13, 108
2, 108
3, 108
7, 108
7, 108
8, 108
7, 108
5, 108
33, 108
9, 108
4, 108
35, 108
3, 108
8, 108
3, 108
9, 108
3, 108
18, 108
14, 108
7, 108
26, 108
9, 108
10, 108
8, 108
57, 108
6, 108
9, 108
24, 108
5, 108
42, 108
3, 108
12, 108
15, 108
16, 108
7, 108
36, 108
16, 108
2, 108
13, 108
9, 108
18, 108
5, 108
11, 108
23, 108
3, 108
4, 108
5, 108
1, 108
19, 108
9, 108
4, 108
20, 108
10, 108
15, 108
15, 108
20, 108
4, 108
22, 108
20, 108
29, 108
8, 108
33, 108
51, 108
4, 108
6, 108
4, 108
7, 108
31, 108
10, 108
5, 108
5, 108
6, 108
1, 108
20, 108
4, 108
3, 108
11, 108
24, 108
8, 108
18, 108
19, 108
8, 108
40, 108
15, 108
1, 108
36, 108
3, 108
11, 108
5, 108
9, 108
4, 108
28, 108
13, 108
7, 108
12, 108
88, 108
23, 108
2, 108
42, 108
10, 108
2, 108
5, 108
2, 108
79, 108
5, 108
17, 108
3, 108
22, 108
15, 108
27, 108
16, 108
19, 108
18, 108
57, 108
5, 108
11, 108
9, 108
36, 108
12, 108
4, 108
37, 108
4, 108
30, 108
19, 108
18, 108
12, 108
45, 108
34, 108
2, 108
4, 108
35, 108
12, 108
2, 108
11, 108
9, 108
51, 108
21, 108
5, 108
30, 108
4, 108
13, 108
54, 108
37, 108
6, 108
18, 108
17, 108
11, 108
30, 108
12, 108
35, 108
14, 108
2, 108
71, 108
29, 108
4, 108
10, 108
5, 108
24, 108
11, 108
3, 108
32, 108
24, 108
62, 108
22, 108
11, 108
44, 108
28, 108
9, 108
32, 108
8, 108
25, 108
13, 108
3, 108
20, 108
29, 108
10, 108
82, 108
62, 108
5, 108
10, 108
20, 108
2, 108
29, 108
18, 108
32, 108
25, 108
54, 108
57, 108
26, 108
23, 108
5, 108
61, 108
20, 108
10, 108
6, 108
7, 108
42, 108
105, 108
44, 108
10, 108
3, 108
12, 108
15, 108
56, 108
45, 108
1, 108
24, 108
8, 108
95, 108
66, 108
4, 108
4, 108
14, 108
64, 108
12, 108
15, 108
5, 108
4, 108
6, 108
81, 108
21, 108
30, 108
12, 108
29, 108
24, 108
30, 108
8, 108
7, 108
3, 108
20, 108
7, 108
32, 108
15, 108
16, 108
14, 108
11, 108
52, 108
17, 108
12, 108
32, 108
6, 108
21, 108
18, 108
40, 108
21, 108
11, 108
17, 108
74, 108
45, 108
11, 108
63, 108
34, 108
26, 108
18, 108
38, 108
52, 108
13, 108
5, 108
46, 108
5, 108
11, 108
40, 108
2, 108
75, 108
4, 108
31, 108
33, 108
29, 108
13, 108
8, 108
35, 108
57, 108
30, 108
156, 156
6, 156
19, 156
9, 156
10, 156
115, 156
49, 156
8, 156
53, 156
86, 156
37, 156
72, 156
97, 156
19, 156
21, 156
109, 156
7, 156
73, 156
80, 156
6, 156
47, 156
38, 156
96, 156
152, 156
34, 156
157, 157
22, 157
3, 157
44, 157
82, 157
14, 157
9, 157
4, 157
13, 157
62, 157
30, 157
7, 157
39, 157
52, 157
43, 157
34, 157
35, 157
3, 157
12, 157
26, 157
73, 157
2, 157
62, 157
5, 157
5, 157
66, 157
24, 157
36, 157
21, 157
33, 157
29, 157
15, 157
48, 157
14, 157
62, 157
32, 157
35, 157
81, 157
7, 157
51, 157
59, 157
51, 157
8, 157
88, 157
7, 157
1, 157
21, 157
32, 157
90, 157
18, 157
3, 157
87, 157
105, 157
88, 157
8, 157
96, 157
80, 157
16, 157
121, 157
79, 157
9, 157
57, 157
50, 157
176, 176
47, 176
133, 176
169, 176
5, 176
15, 176
57, 176
19, 176
17, 176
35, 176
73, 176
6, 176
60, 176
62, 176
5, 176
8, 176
13, 176
133, 176
26, 176
14, 176
251, 251
38, 251
33, 251
246, 251
119, 251
33, 251
46, 251
13, 251
63, 251
162, 251
173, 251
103, 251
65, 251
133, 251
146, 251
16, 251
55, 251
605, 605
1067, 1067
191, 1067
52, 1067
236, 1067
241, 1067
54, 1067
11, 1067
55, 1067
100, 1067
806, 1067
202, 1067
56, 1067
32, 1067
112, 1067
34, 1067
326, 1067
551, 1067
179, 1067
70, 1067
503, 1067
86, 1067
35, 1067
86, 1067
159, 1067
437, 1067
371, 1067
114, 1067
202, 1067
197, 1067
185, 1067
35, 1067
71, 1067
122, 1067
462, 1067
74, 1067
668, 1067
330, 1067
164, 1067
458, 1067
6, 1067
332, 1067
413, 1067
113, 1067
39, 1067
101, 1067
384, 1067
116, 1067
45, 1067
73, 1067
15, 1067
546, 1067
503, 1067
17, 1067
331, 1067
633, 1067
148, 1067
484, 1067
161, 1067
55, 1067
7, 1067
337, 1067
108, 1067
449, 1067
372, 1067
651, 1067
368, 1067
235, 1067
265, 1067
27, 1067
363, 1067
529, 1067
133, 1067
388, 1067
180, 1067
2, 1067
232, 1067
354, 1067
88, 1067
293, 1067
275, 1067
143, 1067
251, 1067
745, 1067
151, 1067
868, 1067
753, 1067
1630, 1630
428, 1630
470, 1630
493, 1630
818, 1630
103, 1630
413, 1630
660, 1630
116, 1630
604, 1630
84, 1630
642, 1630
207, 1630
44, 1630
187, 1630
354, 1630
464, 1630
52, 1630
251, 1630
302, 1630
26, 1630
431, 1630
1107, 1630
18, 1630
757, 1630
477, 1630
1897, 1897
35, 1897
314, 1897
13, 1897
236, 1897
185, 1897
253, 1897
339, 1897
392, 1897
321, 1897
8, 1897
233, 1897
29, 1897
525, 1897
17, 1897
93, 1897
92, 1897
1587, 1897
33, 1897
1092, 1897
400, 1897
469, 1897
432, 1897
1789, 1897
453, 1897
1356, 1897
41, 1897
52, 1897
185, 1897
357, 1897
779, 1897
70, 1897
337, 1897
384, 1897
99, 1897
950, 1897
705, 1897
226, 1897
1022, 1897
508, 1897
14, 1897
604, 1897
243, 1897
381, 1897
155, 1897
288, 1897
1462, 1897
75, 1897
426, 1897
148, 1897
431, 1897
387, 1897
1345, 1897
249, 1897
160, 1897
115, 1897
1554, 1897
593, 1897
383, 1897
768, 1897
12, 1897
110, 1897
313, 1897
925, 1897
116, 1897
501, 1897
449, 1897
179, 1897
981, 1897
38, 1897
1003, 1897
200, 1897
60, 1897
104, 1897
456, 1897
52, 1897
91, 1897
1365, 1897
586, 1897
471, 1897
2001, 2001
50, 2001
227, 2001
173, 2001
832, 2001
16, 2001
53, 2001
579, 2001
315, 2001
353, 2001
240, 2001
790, 2001
818, 2001
695, 2001
172, 2001
470, 2001
865, 2001
136, 2001
1699, 2001
222, 2001
76, 2001
839, 2001
478, 2001
174, 2001
73, 2001
803, 2001
9, 2001
156, 2001
46, 2001
1197, 2001
685, 2001
265, 2001
847, 2001
399, 2001
2001, 2001
891, 2001
250, 2001
591, 2001
277, 2001
399, 2001
588, 2001
130, 2001
141, 2001
233, 2001
188, 2001
9, 2001
776, 2001
813, 2001
125, 2001
120, 2001
160, 2001
239, 2001
175, 2001
1289, 2001
5, 2001
124, 2001
793, 2001
245, 2001
430, 2001
445, 2001
17, 2001
2001, 2001
2001, 2001
243, 2001
1418, 2001
403, 2001
463, 2001
201, 2001
57, 2001
26, 2001
486, 2001
553, 2001
634, 2001
510, 2001
12, 2001
2001, 2001
179, 2001
388, 2001
217, 2001
342, 2001
646, 2001
89, 2001
205, 2001
73, 2001
611, 2001
342, 2001
666, 2001
10, 2001
291, 2001
205, 2001
50, 2001
909, 2001
255, 2001
1580, 2001
225, 2001
37, 2001
698, 2001
1320, 2001
84, 2001
1017, 2001
1092, 2001
841, 2001
355, 2001
354, 2001
296, 2001
687, 2001
19, 2001
136, 2001
45, 2001
125, 2001
185, 2001
96, 2001
186, 2001
316, 2001
452, 2001
53, 2001
284, 2001
268, 2001
297, 2001
231, 2001
691, 2001
2001, 2001
105, 2001
455, 2001
185, 2001
1680, 2001
412, 2001
811, 2001
289, 2001
883, 2001
1256, 2001
444, 2001
189, 2001
76, 2001
19, 2001
67, 2001
306, 2001
257, 2001
979, 2001
123, 2001
234, 2001
110, 2001
2001, 2001
1098, 2001
2001, 2001
722, 2001
407, 2001
472, 2001
481, 2001
151, 2001
54, 2001
1919, 2001
444, 2001
999, 2001
277, 2001
720, 2001
19, 2001
424, 2001
947, 2001
199, 2001
39, 2001
1294, 2001
1042, 2001
464, 2001
402, 2001
67, 2001
104, 2001
602, 2001
954, 2001
112, 2001
357, 2001
98, 2001
52, 2001
124, 2001
475, 2001
197, 2001
294, 2001
194, 2001
67, 2001
820, 2001
336, 2001
612, 2001
232, 2001
86, 2001
259, 2001
130, 2001
463, 2001
212, 2001
1301, 2001
374, 2001
1463, 2001
1787, 2001
137, 2001
154, 2001
130, 2001
218, 2001
487, 2001
293, 2001
69, 2001
414, 2001
1175, 2001
221, 2001
32, 2001
48, 2001
320, 2001
1434, 2001
1010, 2001
57, 2001
197, 2001
1176, 2001
245, 2001
237, 2001
254, 2001
618, 2001
364, 2001
340, 2001
52, 2001
762, 2001
87, 2001
464, 2001
261, 2001
397, 2001
129, 2001
1411, 2001
267, 2001
49, 2001
474, 2001
2001, 2001
413, 2001
260, 2001
105, 2001
260, 2001
1723, 2001
347, 2001
1569, 2001
304, 2001
625, 2001
9, 2001
1656, 2001
368, 2001
212, 2001
402, 2001
1624, 2001
23, 2001
523, 2001
438, 2001
752, 2001
89, 2001
434, 2001
2001, 2001
36, 2001
212, 2001
383, 2001
513, 2001
548, 2001
359, 2001
70, 2001
347, 2001
105, 2001
200, 2001
2001, 2001
448, 2001
277, 2001
370, 2001
558, 2001
2001, 2001
1294, 2001
86, 2001
636, 2001
410, 2001
1887, 2001
696, 2001
997, 2001
74, 2001
511, 2001
1297, 2001
375, 2001
116, 2001
469, 2001
230, 2001
286, 2001
957, 2001
120, 2001
709, 2001
811, 2001
171, 2001
1749, 2001
1673, 2001
540, 2001
64, 2001
1388, 2001
24, 2001
112, 2001
117, 2001
1448, 2001
1680, 2001
438, 2001
275, 2001
994, 2001
992, 2001
76, 2001
100, 2001
126, 2001
167, 2001
97, 2001
576, 2001
806, 2001
583, 2001
93, 2001
99, 2001
1728, 2001
113, 2001
193, 2001
993, 2001
351, 2001
73, 2001
489, 2001
642, 2001
1392, 2001
263, 2001
246, 2001
350, 2001
990, 2001
45, 2001
181, 2001
249, 2001
2001, 2001
864, 2001
2001, 2001
241, 2001
2001, 2001
816, 2001
620, 2001
17, 2001
1265, 2001
437, 2001
568, 2001
398, 2001
1086, 2001
638, 2001
263, 2001
1201, 2001
423, 2001
361, 2001
27, 2001
556, 2001
404, 2001
44, 2001
654, 2001
522, 2001
502, 2001
423, 2001
609, 2001
315, 2001
75, 2001
16, 2001
499, 2001
31, 2001
190, 2001
192, 2001
611, 2001
194, 2001
330, 2001
691, 2001
235, 2001
1348, 2001
