#Algorithm: ExpectedSARSA, Speed: 1, Boost: 3, PM: False, Env size: (20, 20), Car size: (3, 2),
#Counter: 100, Nsteps: 10000000, Gamma: 1, LearnRate: 0.01, Eps: 0.5, Epsdecay: 0.9
6, 6
2, 6
21, 21
10, 21
2, 21
96, 96
56, 96
47, 96
107, 107
28, 107
205, 205
209, 209
201, 209
27, 209
116, 209
187, 209
124, 209
231, 231
164, 231
116, 231
363, 363
30, 363
71, 363
31, 363
33, 363
75, 363
146, 363
27, 363
136, 363
176, 363
44, 363
76, 363
238, 363
204, 363
73, 363
51, 363
91, 363
20, 363
109, 363
94, 363
68, 363
205, 363
157, 363
63, 363
73, 363
235, 363
893, 893
201, 893
275, 893
62, 893
1256, 1256
271, 1256
213, 1256
247, 1256
121, 1256
1411, 1411
278, 1411
573, 1411
211, 1411
206, 1411
511, 1411
533, 1411
477, 1411
1274, 1411
294, 1411
1438, 1438
1428, 1438
1241, 1438
1413, 1438
1411, 1438
1277, 1438
1261, 1438
1252, 1438
1431, 1438
1405, 1438
1405, 1438
1405, 1438
1453, 1453
1489, 1489
1401, 1489
1416, 1489
1400, 1489
1418, 1489
1454, 1489
1403, 1489
1400, 1489
1407, 1489
1411, 1489
1401, 1489
1405, 1489
1455, 1489
1403, 1489
1427, 1489
1403, 1489
1420, 1489
1442, 1489
1318, 1489
1401, 1489
1403, 1489
1429, 1489
1429, 1489
1404, 1489
1300, 1489
1300, 1489
1359, 1489
530, 1489
1374, 1489
1280, 1489
1323, 1489
1418, 1489
1417, 1489
1434, 1489
1260, 1489
1209, 1489
1255, 1489
1414, 1489
1376, 1489
1407, 1489
1403, 1489
1403, 1489
1401, 1489
1427, 1489
1411, 1489
1436, 1489
1418, 1489
1465, 1489
1419, 1489
1415, 1489
1402, 1489
1485, 1489
1451, 1489
1409, 1489
61, 1489
1452, 1489
1438, 1489
1412, 1489
1468, 1489
1403, 1489
1218, 1489
397, 1489
1417, 1489
1400, 1489
1413, 1489
1412, 1489
1418, 1489
1406, 1489
1412, 1489
1404, 1489
1404, 1489
1433, 1489
1273, 1489
1417, 1489
1405, 1489
876, 1489
1414, 1489
1418, 1489
1482, 1489
1323, 1489
1403, 1489
1400, 1489
1219, 1489
1265, 1489
1242, 1489
1340, 1489
1402, 1489
1400, 1489
1352, 1489
1430, 1489
1374, 1489
1406, 1489
1438, 1489
1429, 1489
1406, 1489
1461, 1489
1433, 1489
1421, 1489
1403, 1489
1414, 1489
1507, 1507
1426, 1507
1404, 1507
1419, 1507
1403, 1507
1409, 1507
1418, 1507
1410, 1507
1427, 1507
1409, 1507
1422, 1507
1426, 1507
1464, 1507
1482, 1507
1417, 1507
1403, 1507
1426, 1507
1422, 1507
1430, 1507
1430, 1507
1410, 1507
1446, 1507
#Algorithm: ExpectedSARSA, Speed: 1, Boost: 3, PM: False, Env size: (20, 20), Car size: (3, 2),
#Counter: 100, Nsteps: 10000000, Gamma: 1, LearnRate: 0.01, Eps: 0.5, Epsdecay: 0.9
0, 0
2, 2
2, 2
8, 8
9, 9
1, 9
1, 9
5, 9
14, 14
9, 14
4, 14
50, 50
0, 50
7, 50
7, 50
14, 50
40, 50
0, 50
55, 55
81, 81
102, 102
107, 107
49, 107
56, 107
116, 116
147, 147
57, 147
43, 147
146, 147
92, 147
140, 147
152, 152
129, 152
137, 152
101, 152
73, 152
38, 152
143, 152
200, 200
38, 200
18, 200
25, 200
69, 200
26, 200
19, 200
58, 200
22, 200
7, 200
67, 200
112, 200
32, 200
39, 200
178, 200
26, 200
34, 200
28, 200
58, 200
13, 200
29, 200
95, 200
44, 200
39, 200
28, 200
22, 200
18, 200
40, 200
43, 200
27, 200
80, 200
29, 200
197, 200
215, 215
203, 215
166, 215
21, 215
34, 215
10, 215
22, 215
15, 215
46, 215
56, 215
53, 215
70, 215
207, 215
211, 215
168, 215
19, 215
104, 215
35, 215
210, 215
144, 215
181, 215
98, 215
165, 215
237, 237
47, 237
211, 237
154, 237
129, 237
135, 237
142, 237
206, 237
203, 237
273, 273
322, 322
234, 322
141, 322
182, 322
109, 322
211, 322
257, 322
1404, 1404
1400, 1404
1459, 1459
1418, 1459
1360, 1459
820, 1459
1074, 1459
1403, 1459
911, 1459
802, 1459
1408, 1459
1402, 1459
297, 1459
1445, 1459
1082, 1459
1418, 1459
1402, 1459
832, 1459
1422, 1459
481, 1459
1402, 1459
1406, 1459
939, 1459
1425, 1459
539, 1459
1431, 1459
1403, 1459
818, 1459
1401, 1459
1414, 1459
68, 1459
1414, 1459
1412, 1459
1403, 1459
1400, 1459
1405, 1459
1435, 1459
1401, 1459
1407, 1459
1433, 1459
1427, 1459
1421, 1459
1270, 1459
1400, 1459
1297, 1459
1429, 1459
1407, 1459
1400, 1459
1400, 1459
1425, 1459
1406, 1459
1408, 1459
1401, 1459
1400, 1459
1433, 1459
1451, 1459
1401, 1459
1420, 1459
1420, 1459
1425, 1459
1424, 1459
1478, 1478
1448, 1478
1431, 1478
1431, 1478
1430, 1478
1418, 1478
1411, 1478
1406, 1478
418, 1478
1426, 1478
1418, 1478
1403, 1478
119, 1478
1414, 1478
1416, 1478
1407, 1478
1459, 1478
1443, 1478
1478, 1478
1400, 1478
1413, 1478
1462, 1478
1402, 1478
1409, 1478
1415, 1478
1401, 1478
1410, 1478
660, 1478
#Algorithm: ExpectedSARSA, Speed: 1, Boost: 3, PM: False, Env size: (20, 20), Car size: (3, 2),
#Counter: 100, Nsteps: 10000000, Gamma: 1, LearnRate: 0.01, Eps: 0.5, Epsdecay: 0.9
4, 4
3, 4
5, 5
17, 17
23, 23
0, 23
4, 23
32, 32
24, 32
8, 32
62, 62
39, 62
24, 62
42, 62
143, 143
111, 143
50, 143
169, 169
7, 169
16, 169
11, 169
33, 169
30, 169
40, 169
54, 169
93, 169
56, 169
122, 169
52, 169
126, 169
101, 169
38, 169
1, 169
80, 169
78, 169
137, 169
199, 199
42, 199
7, 199
51, 199
203, 203
182, 203
138, 203
102, 203
206, 206
203, 206
205, 206
110, 206
111, 206
52, 206
78, 206
224, 224
203, 224
54, 224
96, 224
209, 224
215, 224
210, 224
200, 224
37, 224
235, 235
812, 812
298, 812
740, 812
53, 812
79, 812
233, 812
844, 844
168, 844
50, 844
228, 844
1198, 1198
125, 1198
124, 1198
52, 1198
69, 1198
50, 1198
44, 1198
146, 1198
123, 1198
233, 1198
113, 1198
255, 1198
458, 1198
176, 1198
95, 1198
1408, 1408
210, 1408
316, 1408
749, 1408
248, 1408
208, 1408
527, 1408
712, 1408
732, 1408
712, 1408
1040, 1408
1160, 1408
211, 1408
205, 1408
205, 1408
201, 1408
88, 1408
242, 1408
267, 1408
207, 1408
203, 1408
204, 1408
696, 1408
184, 1408
285, 1408
284, 1408
241, 1408
267, 1408
289, 1408
286, 1408
214, 1408
189, 1408
224, 1408
222, 1408
212, 1408
217, 1408
244, 1408
273, 1408
298, 1408
128, 1408
133, 1408
119, 1408
233, 1408
345, 1408
321, 1408
238, 1408
259, 1408
169, 1408
499, 1408
234, 1408
270, 1408
209, 1408
223, 1408
209, 1408
258, 1408
275, 1408
287, 1408
534, 1408
210, 1408
202, 1408
214, 1408
229, 1408
277, 1408
236, 1408
224, 1408
216, 1408
201, 1408
205, 1408
237, 1408
257, 1408
220, 1408
230, 1408
223, 1408
245, 1408
237, 1408
204, 1408
305, 1408
246, 1408
201, 1408
340, 1408
289, 1408
360, 1408
210, 1408
270, 1408
211, 1408
218, 1408
235, 1408
280, 1408
219, 1408
240, 1408
217, 1408
244, 1408
217, 1408
301, 1408
207, 1408
208, 1408
243, 1408
306, 1408
248, 1408
324, 1408
220, 1408
206, 1408
388, 1408
271, 1408
271, 1408
207, 1408
228, 1408
201, 1408
361, 1408
263, 1408
206, 1408
213, 1408
393, 1408
237, 1408
#Algorithm: ExpectedSARSA, Speed: 1, Boost: 3, PM: False, Env size: (20, 20), Car size: (3, 2),
#Counter: 100, Nsteps: 10000000, Gamma: 1, LearnRate: 0.01, Eps: 0.5, Epsdecay: 0.9
0, 0
5, 5
9, 9
7, 9
12, 12
4, 12
3, 12
2, 12
3, 12
6, 12
17, 17
10, 17
27, 27
28, 28
14, 28
3, 28
9, 28
18, 28
56, 56
14, 56
65, 65
53, 65
19, 65
66, 66
5, 66
16, 66
64, 66
9, 66
19, 66
36, 66
5, 66
30, 66
57, 66
70, 70
109, 109
25, 109
33, 109
8, 109
48, 109
40, 109
31, 109
147, 147
101, 147
94, 147
0, 147
63, 147
17, 147
87, 147
20, 147
59, 147
70, 147
26, 147
89, 147
176, 176
200, 200
177, 200
7, 200
6, 200
43, 200
97, 200
44, 200
123, 200
6, 200
100, 200
174, 200
107, 200
94, 200
107, 200
201, 201
188, 201
39, 201
203, 203
11, 203
117, 203
72, 203
181, 203
82, 203
63, 203
22, 203
9, 203
20, 203
23, 203
30, 203
9, 203
26, 203
200, 203
14, 203
76, 203
6, 203
30, 203
85, 203
64, 203
17, 203
41, 203
20, 203
37, 203
17, 203
218, 218
62, 218
209, 218
44, 218
57, 218
13, 218
99, 218
201, 218
30, 218
47, 218
116, 218
202, 218
50, 218
30, 218
77, 218
55, 218
42, 218
19, 218
32, 218
100, 218
26, 218
68, 218
72, 218
57, 218
208, 218
208, 218
107, 218
21, 218
23, 218
103, 218
208, 218
219, 219
12, 219
155, 219
101, 219
8, 219
65, 219
78, 219
41, 219
19, 219
18, 219
11, 219
110, 219
16, 219
73, 219
17, 219
71, 219
14, 219
39, 219
58, 219
244, 244
204, 244
245, 245
16, 245
205, 245
289, 289
212, 289
288, 289
227, 289
69, 289
215, 289
221, 289
292, 292
204, 292
206, 292
86, 292
24, 292
252, 292
219, 292
168, 292
239, 292
35, 292
271, 292
142, 292
135, 292
261, 292
228, 292
205, 292
205, 292
244, 292
243, 292
210, 292
218, 292
245, 292
664, 664
721, 721
745, 745
14, 745
708, 745
466, 745
330, 745
14, 745
201, 745
532, 745
423, 745
768, 768
705, 768
707, 768
711, 768
732, 768
439, 768
712, 768
704, 768
#Algorithm: ExpectedSARSA, Speed: 1, Boost: 3, PM: False, Env size: (20, 20), Car size: (3, 2),
#Counter: 100, Nsteps: 10000000, Gamma: 1, LearnRate: 0.01, Eps: 0.5, Epsdecay: 0.9
1, 1
24, 24
30, 30
8, 30
37, 37
16, 37
57, 57
121, 121
0, 121
22, 121
4, 121
5, 121
50, 121
9, 121
152, 152
13, 152
83, 152
106, 152
49, 152
98, 152
137, 152
72, 152
66, 152
53, 152
2, 152
6, 152
114, 152
23, 152
0, 152
30, 152
4, 152
104, 152
111, 152
106, 152
200, 200
87, 200
202, 202
84, 202
47, 202
5, 202
144, 202
16, 202
59, 202
48, 202
220, 220
76, 220
46, 220
352, 352
40, 352
189, 352
352, 352
640, 640
656, 656
441, 656
744, 744
616, 744
601, 744
727, 744
437, 744
726, 744
867, 867
196, 867
730, 867
709, 867
236, 867
6, 867
240, 867
55, 867
202, 867
213, 867
3, 867
76, 867
41, 867
52, 867
224, 867
29, 867
22, 867
16, 867
32, 867
34, 867
14, 867
154, 867
65, 867
36, 867
65, 867
223, 867
206, 867
262, 867
29, 867
205, 867
1223, 1223
1407, 1407
781, 1407
1401, 1407
1195, 1407
1465, 1465
1091, 1465
443, 1465
1378, 1465
1229, 1465
84, 1465
689, 1465
539, 1465
1386, 1465
1421, 1465
1329, 1465
280, 1465
1400, 1465
1412, 1465
1415, 1465
1238, 1465
1287, 1465
1201, 1465
349, 1465
1220, 1465
1400, 1465
1445, 1465
1403, 1465
1423, 1465
1416, 1465
1021, 1465
1402, 1465
1090, 1465
1405, 1465
1411, 1465
344, 1465
945, 1465
1413, 1465
1426, 1465
146, 1465
295, 1465
1418, 1465
1423, 1465
1444, 1465
1283, 1465
1410, 1465
1434, 1465
1410, 1465
1400, 1465
1403, 1465
1433, 1465
1447, 1465
1448, 1465
1409, 1465
1402, 1465
1412, 1465
1418, 1465
1436, 1465
202, 1465
762, 1465
1413, 1465
1419, 1465
1434, 1465
1405, 1465
1404, 1465
1404, 1465
1402, 1465
1434, 1465
1301, 1465
1431, 1465
1427, 1465
1414, 1465
1434, 1465
1414, 1465
1436, 1465
1404, 1465
1408, 1465
1405, 1465
1407, 1465
1400, 1465
1403, 1465
1409, 1465
1428, 1465
1427, 1465
1411, 1465
1448, 1465
1409, 1465
1402, 1465
1403, 1465
1422, 1465
1403, 1465
1402, 1465
1408, 1465
1499, 1499
1410, 1499
1412, 1499
1404, 1499
1408, 1499
1442, 1499
1401, 1499
1408, 1499
1402, 1499
1391, 1499
1421, 1499
1440, 1499
1410, 1499
1377, 1499
1414, 1499
1400, 1499
1401, 1499
#Algorithm: ExpectedSARSA, Speed: 1, Boost: 3, PM: False, Env size: (20, 20), Car size: (3, 2),
#Counter: 100, Nsteps: 10000000, Gamma: 1, LearnRate: 0.01, Eps: 0.5, Epsdecay: 0.9
2, 2
2, 2
5, 5
6, 6
7, 7
2, 7
0, 7
31, 31
40, 40
1, 40
37, 40
2, 40
8, 40
43, 43
48, 48
1, 48
2, 48
22, 48
25, 48
12, 48
27, 48
30, 48
133, 133
76, 133
38, 133
72, 133
17, 133
8, 133
47, 133
45, 133
100, 133
44, 133
64, 133
10, 133
3, 133
13, 133
67, 133
56, 133
73, 133
163, 163
146, 163
5, 163
107, 163
83, 163
65, 163
57, 163
66, 163
52, 163
123, 163
102, 163
38, 163
14, 163
16, 163
239, 239
134, 239
120, 239
40, 239
192, 239
45, 239
87, 239
201, 239
122, 239
204, 239
125, 239
206, 239
217, 239
90, 239
17, 239
25, 239
34, 239
148, 239
102, 239
97, 239
44, 239
32, 239
158, 239
223, 239
364, 364
44, 364
234, 364
87, 364
229, 364
278, 364
353, 364
252, 364
312, 364
35, 364
70, 364
57, 364
214, 364
1179, 1179
322, 1179
219, 1179
64, 1179
1271, 1271
465, 1271
213, 1271
197, 1271
221, 1271
206, 1271
18, 1271
267, 1271
101, 1271
54, 1271
227, 1271
218, 1271
209, 1271
237, 1271
240, 1271
357, 1271
37, 1271
225, 1271
157, 1271
163, 1271
381, 1271
249, 1271
267, 1271
401, 1271
203, 1271
204, 1271
230, 1271
227, 1271
214, 1271
271, 1271
240, 1271
239, 1271
263, 1271
309, 1271
260, 1271
257, 1271
319, 1271
318, 1271
258, 1271
248, 1271
450, 1271
297, 1271
396, 1271
344, 1271
1202, 1271
1213, 1271
546, 1271
134, 1271
120, 1271
361, 1271
353, 1271
1300, 1300
1222, 1300
1207, 1300
451, 1300
1406, 1406
1465, 1465
1212, 1465
666, 1465
261, 1465
252, 1465
337, 1465
264, 1465
297, 1465
285, 1465
94, 1465
200, 1465
247, 1465
239, 1465
230, 1465
323, 1465
234, 1465
217, 1465
273, 1465
256, 1465
330, 1465
246, 1465
408, 1465
220, 1465
269, 1465
200, 1465
217, 1465
251, 1465
238, 1465
279, 1465
290, 1465
208, 1465
231, 1465
264, 1465
266, 1465
418, 1465
236, 1465
326, 1465
202, 1465
210, 1465
209, 1465
236, 1465
252, 1465
406, 1465
335, 1465
229, 1465
236, 1465
202, 1465
243, 1465
525, 1465
322, 1465
#Algorithm: ExpectedSARSA, Speed: 1, Boost: 3, PM: False, Env size: (20, 20), Car size: (3, 2),
#Counter: 100, Nsteps: 10000000, Gamma: 1, LearnRate: 0.01, Eps: 0.5, Epsdecay: 0.9
3, 3
14, 14
10, 14
4, 14
15, 15
5, 15
1, 15
18, 18
1, 18
1, 18
32, 32
4, 32
2, 32
7, 32
52, 52
11, 52
31, 52
59, 59
39, 59
41, 59
8, 59
68, 68
154, 154
12, 154
130, 154
150, 154
168, 168
67, 168
172, 172
82, 172
180, 180
74, 180
72, 180
211, 211
144, 211
85, 211
126, 211
1, 211
38, 211
211, 211
114, 211
27, 211
296, 296
329, 329
68, 329
345, 345
458, 458
702, 702
108, 702
750, 750
706, 750
901, 901
209, 901
11, 901
4, 901
83, 901
29, 901
248, 901
9, 901
245, 901
21, 901
22, 901
10, 901
15, 901
12, 901
30, 901
63, 901
33, 901
23, 901
12, 901
11, 901
20, 901
31, 901
26, 901
26, 901
42, 901
40, 901
20, 901
29, 901
43, 901
56, 901
140, 901
12, 901
32, 901
30, 901
56, 901
76, 901
213, 901
10, 901
72, 901
72, 901
26, 901
93, 901
166, 901
38, 901
13, 901
136, 901
65, 901
100, 901
17, 901
33, 901
26, 901
69, 901
46, 901
86, 901
220, 901
47, 901
67, 901
71, 901
223, 901
209, 901
209, 901
229, 901
202, 901
203, 901
10, 901
220, 901
219, 901
260, 901
320, 901
35, 901
82, 901
222, 901
219, 901
259, 901
59, 901
63, 901
216, 901
400, 901
75, 901
116, 901
184, 901
210, 901
30, 901
233, 901
204, 901
211, 901
79, 901
135, 901
107, 901
43, 901
210, 901
235, 901
212, 901
259, 901
396, 901
785, 901
177, 901
452, 901
519, 901
1181, 1181
1407, 1407
1410, 1410
1410, 1410
985, 1410
1401, 1410
1411, 1411
1419, 1419
1453, 1453
1428, 1453
281, 1453
328, 1453
260, 1453
273, 1453
1403, 1453
615, 1453
1150, 1453
1423, 1453
1432, 1453
1406, 1453
1404, 1453
1400, 1453
1469, 1469
1416, 1469
1460, 1469
128, 1469
1421, 1469
1409, 1469
1513, 1513
1431, 1513
889, 1513
921, 1513
288, 1513
369, 1513
326, 1513
1187, 1513
544, 1513
881, 1513
526, 1513
1410, 1513
1406, 1513
1426, 1513
1422, 1513
1418, 1513
1414, 1513
1419, 1513
1492, 1513
1400, 1513
1400, 1513
1400, 1513
#Algorithm: ExpectedSARSA, Speed: 1, Boost: 3, PM: False, Env size: (20, 20), Car size: (3, 2),
#Counter: 100, Nsteps: 10000000, Gamma: 1, LearnRate: 0.01, Eps: 0.5, Epsdecay: 0.9
3, 3
5, 5
4, 5
1, 5
0, 5
1, 5
2, 5
52, 52
3, 52
17, 52
71, 71
10, 71
121, 121
61, 121
2, 121
73, 121
61, 121
35, 121
64, 121
14, 121
24, 121
18, 121
18, 121
22, 121
35, 121
17, 121
7, 121
32, 121
102, 121
127, 127
85, 127
1, 127
90, 127
44, 127
61, 127
3, 127
65, 127
87, 127
101, 127
75, 127
11, 127
215, 215
96, 215
58, 215
95, 215
103, 215
83, 215
109, 215
36, 215
86, 215
181, 215
18, 215
55, 215
96, 215
200, 215
205, 215
148, 215
16, 215
111, 215
120, 215
79, 215
25, 215
39, 215
47, 215
224, 224
110, 224
212, 224
254, 254
845, 845
30, 845
41, 845
205, 845
150, 845
81, 845
106, 845
108, 845
272, 845
901, 901
203, 901
582, 901
232, 901
128, 901
208, 901
739, 901
253, 901
191, 901
164, 901
204, 901
295, 901
204, 901
217, 901
257, 901
253, 901
206, 901
244, 901
260, 901
282, 901
287, 901
263, 901
204, 901
398, 901
351, 901
259, 901
238, 901
208, 901
200, 901
331, 901
226, 901
209, 901
349, 901
197, 901
705, 901
166, 901
258, 901
301, 901
744, 901
718, 901
701, 901
498, 901
702, 901
718, 901
350, 901
702, 901
701, 901
710, 901
786, 901
705, 901
716, 901
703, 901
115, 901
630, 901
421, 901
711, 901
677, 901
204, 901
631, 901
762, 901
94, 901
375, 901
705, 901
701, 901
703, 901
708, 901
762, 901
765, 901
735, 901
700, 901
758, 901
710, 901
814, 901
715, 901
553, 901
704, 901
718, 901
373, 901
721, 901
715, 901
700, 901
653, 901
730, 901
392, 901
235, 901
704, 901
741, 901
720, 901
733, 901
630, 901
731, 901
702, 901
175, 901
714, 901
722, 901
708, 901
706, 901
579, 901
702, 901
748, 901
720, 901
705, 901
745, 901
748, 901
715, 901
707, 901
717, 901
716, 901
704, 901
710, 901
700, 901
735, 901
713, 901
311, 901
724, 901
707, 901
147, 901
714, 901
706, 901
715, 901
482, 901
778, 901
530, 901
#Algorithm: ExpectedSARSA, Speed: 1, Boost: 3, PM: False, Env size: (20, 20), Car size: (3, 2),
#Counter: 100, Nsteps: 10000000, Gamma: 1, LearnRate: 0.01, Eps: 0.5, Epsdecay: 0.9
2, 2
3, 3
13, 13
6, 13
5, 13
1, 13
19, 19
5, 19
25, 25
2, 25
18, 25
1, 25
5, 25
10, 25
17, 25
0, 25
18, 25
84, 84
31, 84
57, 84
28, 84
79, 84
39, 84
51, 84
83, 84
17, 84
126, 126
26, 126
58, 126
104, 126
67, 126
37, 126
10, 126
43, 126
101, 126
146, 146
64, 146
7, 146
44, 146
194, 194
159, 194
200, 200
51, 200
25, 200
3, 200
208, 208
67, 208
34, 208
41, 208
61, 208
225, 225
91, 225
61, 225
89, 225
199, 225
227, 227
16, 227
103, 227
214, 227
217, 227
17, 227
97, 227
235, 235
175, 235
43, 235
28, 235
63, 235
239, 239
360, 360
209, 360
226, 360
723, 723
86, 723
40, 723
312, 723
209, 723
45, 723
206, 723
295, 723
599, 723
161, 723
393, 723
263, 723
243, 723
290, 723
280, 723
280, 723
229, 723
242, 723
210, 723
704, 723
249, 723
227, 723
108, 723
7, 723
33, 723
11, 723
204, 723
201, 723
87, 723
239, 723
202, 723
214, 723
254, 723
1235, 1235
230, 1235
76, 1235
19, 1235
338, 1235
205, 1235
487, 1235
453, 1235
1400, 1400
817, 1400
258, 1400
48, 1400
487, 1400
1335, 1400
1208, 1400
1349, 1400
480, 1400
1506, 1506
825, 1506
90, 1506
1417, 1506
855, 1506
1424, 1506
1407, 1506
1413, 1506
1403, 1506
1423, 1506
1437, 1506
1312, 1506
1410, 1506
1411, 1506
782, 1506
1402, 1506
996, 1506
72, 1506
1417, 1506
1442, 1506
978, 1506
155, 1506
217, 1506
186, 1506
179, 1506
38, 1506
68, 1506
60, 1506
138, 1506
179, 1506
256, 1506
762, 1506
295, 1506
1169, 1506
234, 1506
222, 1506
1140, 1506
1401, 1506
1400, 1506
1401, 1506
1273, 1506
1214, 1506
1266, 1506
1425, 1506
1410, 1506
1427, 1506
118, 1506
200, 1506
1414, 1506
756, 1506
1407, 1506
560, 1506
1412, 1506
1439, 1506
1404, 1506
1404, 1506
204, 1506
214, 1506
201, 1506
224, 1506
191, 1506
208, 1506
231, 1506
202, 1506
222, 1506
277, 1506
211, 1506
252, 1506
236, 1506
354, 1506
261, 1506
202, 1506
288, 1506
99, 1506
46, 1506
18, 1506
231, 1506
202, 1506
200, 1506
#Algorithm: ExpectedSARSA, Speed: 1, Boost: 3, PM: False, Env size: (20, 20), Car size: (3, 2),
#Counter: 100, Nsteps: 10000000, Gamma: 1, LearnRate: 0.01, Eps: 0.5, Epsdecay: 0.9
16, 16
27, 27
21, 27
10, 27
6, 27
12, 27
18, 27
9, 27
5, 27
30, 30
8, 30
33, 33
38, 38
54, 54
4, 54
64, 64
155, 155
60, 155
169, 169
101, 169
189, 189
105, 189
144, 189
21, 189
48, 189
49, 189
10, 189
19, 189
54, 189
206, 206
32, 206
27, 206
77, 206
70, 206
65, 206
57, 206
60, 206
211, 211
307, 307
109, 307
23, 307
378, 378
781, 781
78, 781
415, 781
495, 781
117, 781
131, 781
267, 781
651, 781
518, 781
66, 781
384, 781
326, 781
767, 781
708, 781
744, 781
718, 781
760, 781
773, 781
1147, 1147
497, 1147
726, 1147
65, 1147
409, 1147
40, 1147
718, 1147
784, 1147
700, 1147
718, 1147
794, 1147
807, 1147
734, 1147
985, 1147
928, 1147
830, 1147
762, 1147
707, 1147
926, 1147
702, 1147
716, 1147
759, 1147
711, 1147
725, 1147
742, 1147
733, 1147
706, 1147
810, 1147
266, 1147
751, 1147
741, 1147
728, 1147
760, 1147
799, 1147
777, 1147
761, 1147
726, 1147
706, 1147
842, 1147
780, 1147
703, 1147
738, 1147
703, 1147
762, 1147
702, 1147
798, 1147
864, 1147
740, 1147
793, 1147
854, 1147
717, 1147
728, 1147
726, 1147
810, 1147
749, 1147
740, 1147
739, 1147
869, 1147
806, 1147
740, 1147
872, 1147
714, 1147
759, 1147
718, 1147
759, 1147
736, 1147
721, 1147
710, 1147
863, 1147
780, 1147
712, 1147
700, 1147
715, 1147
862, 1147
754, 1147
707, 1147
702, 1147
709, 1147
716, 1147
783, 1147
750, 1147
730, 1147
704, 1147
704, 1147
716, 1147
735, 1147
731, 1147
785, 1147
813, 1147
715, 1147
803, 1147
775, 1147
732, 1147
736, 1147
826, 1147
703, 1147
738, 1147
710, 1147
718, 1147
708, 1147
728, 1147
1022, 1147
805, 1147
721, 1147
710, 1147
708, 1147
768, 1147
735, 1147
799, 1147
763, 1147
701, 1147
896, 1147
787, 1147
713, 1147
708, 1147
767, 1147
711, 1147
711, 1147
732, 1147
765, 1147
751, 1147
713, 1147
738, 1147
735, 1147
718, 1147
723, 1147
706, 1147
705, 1147
741, 1147
702, 1147
859, 1147
741, 1147
706, 1147
721, 1147
768, 1147
708, 1147
700, 1147
719, 1147
706, 1147
704, 1147
