#Algorithm: ExpectedSARSA, Speed: 1, Boost: 5, PM: False, Env size: (20, 20), Car size: (6, 5),
#Counter: 10000000, Nsteps: 1000000, Gamma: 1, LearnRate: 0.01, Eps: 0.5, Epsdecay: 0.9
0, 0
0, 0
0, 0
0, 0
2, 2
1, 2
0, 2
0, 2
0, 2
0, 2
4, 4
0, 4
1, 4
1, 4
3, 4
7, 7
1, 7
1, 7
1, 7
1, 7
7, 7
5, 7
2, 7
2, 7
3, 7
1, 7
11, 11
1, 11
1, 11
1, 11
0, 11
1, 11
2, 11
1, 11
0, 11
0, 11
3, 11
1, 11
6, 11
0, 11
1, 11
2, 11
3, 11
5, 11
1, 11
1, 11
2, 11
6, 11
3, 11
3, 11
4, 11
4, 11
1, 11
3, 11
3, 11
11, 11
3, 11
1, 11
0, 11
0, 11
0, 11
3, 11
0, 11
2, 11
2, 11
4, 11
1, 11
6, 11
7, 11
19, 19
5, 19
2, 19
7, 19
10, 19
4, 19
2, 19
6, 19
5, 19
2, 19
9, 19
2, 19
10, 19
1, 19
0, 19
2, 19
1, 19
5, 19
2, 19
1, 19
0, 19
0, 19
0, 19
8, 19
2, 19
5, 19
5, 19
1, 19
1, 19
1, 19
4, 19
9, 19
4, 19
3, 19
4, 19
4, 19
1, 19
3, 19
2, 19
3, 19
3, 19
1, 19
8, 19
12, 19
3, 19
0, 19
4, 19
3, 19
6, 19
0, 19
3, 19
3, 19
4, 19
4, 19
2, 19
1, 19
13, 19
3, 19
4, 19
4, 19
13, 19
0, 19
0, 19
7, 19
2, 19
0, 19
4, 19
1, 19
2, 19
9, 19
4, 19
0, 19
0, 19
4, 19
2, 19
1, 19
1, 19
1, 19
5, 19
3, 19
0, 19
4, 19
4, 19
9, 19
3, 19
12, 19
2, 19
5, 19
12, 19
2, 19
2, 19
0, 19
4, 19
0, 19
15, 19
3, 19
1, 19
3, 19
1, 19
13, 19
4, 19
4, 19
9, 19
0, 19
7, 19
4, 19
1, 19
1, 19
9, 19
0, 19
2, 19
4, 19
0, 19
0, 19
0, 19
13, 19
9, 19
5, 19
4, 19
16, 19
1, 19
6, 19
4, 19
6, 19
18, 19
17, 19
6, 19
2, 19
15, 19
5, 19
2, 19
1, 19
6, 19
9, 19
1, 19
0, 19
13, 19
3, 19
9, 19
4, 19
0, 19
1, 19
0, 19
4, 19
5, 19
5, 19
10, 19
10, 19
2, 19
2, 19
4, 19
8, 19
4, 19
9, 19
1, 19
7, 19
4, 19
1, 19
8, 19
6, 19
5, 19
6, 19
8, 19
1, 19
0, 19
5, 19
2, 19
2, 19
7, 19
8, 19
3, 19
4, 19
4, 19
1, 19
12, 19
9, 19
7, 19
5, 19
11, 19
2, 19
2, 19
1, 19
2, 19
7, 19
4, 19
1, 19
9, 19
4, 19
5, 19
2, 19
5, 19
1, 19
9, 19
7, 19
1, 19
1, 19
1, 19
14, 19
0, 19
1, 19
0, 19
5, 19
9, 19
6, 19
15, 19
9, 19
6, 19
14, 19
17, 19
8, 19
11, 19
7, 19
13, 19
1, 19
6, 19
10, 19
3, 19
7, 19
12, 19
4, 19
29, 29
12, 29
7, 29
11, 29
3, 29
12, 29
9, 29
8, 29
20, 29
1, 29
2, 29
10, 29
1, 29
9, 29
3, 29
4, 29
13, 29
8, 29
7, 29
5, 29
4, 29
3, 29
16, 29
2, 29
5, 29
1, 29
5, 29
3, 29
3, 29
3, 29
3, 29
0, 29
24, 29
11, 29
6, 29
12, 29
3, 29
8, 29
5, 29
5, 29
8, 29
0, 29
7, 29
7, 29
4, 29
9, 29
3, 29
6, 29
8, 29
10, 29
2, 29
5, 29
12, 29
6, 29
7, 29
17, 29
4, 29
22, 29
26, 29
3, 29
9, 29
2, 29
0, 29
7, 29
12, 29
26, 29
7, 29
3, 29
15, 29
15, 29
4, 29
7, 29
2, 29
8, 29
2, 29
6, 29
8, 29
1, 29
6, 29
4, 29
5, 29
7, 29
18, 29
8, 29
9, 29
2, 29
1, 29
8, 29
8, 29
3, 29
5, 29
13, 29
6, 29
7, 29
5, 29
7, 29
3, 29
0, 29
11, 29
7, 29
8, 29
10, 29
11, 29
10, 29
4, 29
2, 29
3, 29
7, 29
18, 29
12, 29
2, 29
5, 29
0, 29
3, 29
14, 29
0, 29
10, 29
4, 29
35, 35
19, 35
0, 35
3, 35
11, 35
2, 35
5, 35
6, 35
0, 35
5, 35
11, 35
4, 35
16, 35
7, 35
4, 35
0, 35
6, 35
26, 35
6, 35
2, 35
5, 35
3, 35
3, 35
1, 35
21, 35
9, 35
13, 35
9, 35
6, 35
11, 35
3, 35
1, 35
15, 35
6, 35
12, 35
14, 35
2, 35
6, 35
5, 35
8, 35
1, 35
24, 35
22, 35
9, 35
0, 35
6, 35
29, 35
5, 35
1, 35
5, 35
2, 35
23, 35
4, 35
8, 35
6, 35
6, 35
2, 35
5, 35
1, 35
4, 35
5, 35
2, 35
10, 35
10, 35
5, 35
9, 35
1, 35
11, 35
20, 35
30, 35
1, 35
15, 35
3, 35
5, 35
2, 35
8, 35
6, 35
11, 35
6, 35
5, 35
5, 35
2, 35
0, 35
7, 35
9, 35
1, 35
1, 35
13, 35
1, 35
13, 35
4, 35
4, 35
12, 35
35, 35
9, 35
1, 35
14, 35
22, 35
11, 35
4, 35
0, 35
6, 35
7, 35
5, 35
9, 35
1, 35
3, 35
25, 35
2, 35
8, 35
6, 35
2, 35
3, 35
6, 35
29, 35
1, 35
4, 35
1, 35
2, 35
2, 35
13, 35
7, 35
5, 35
2, 35
6, 35
1, 35
3, 35
1, 35
20, 35
3, 35
0, 35
6, 35
13, 35
2, 35
7, 35
2, 35
7, 35
38, 38
9, 38
10, 38
3, 38
2, 38
3, 38
18, 38
1, 38
20, 38
12, 38
16, 38
5, 38
0, 38
4, 38
8, 38
3, 38
2, 38
1, 38
17, 38
7, 38
9, 38
1, 38
1, 38
7, 38
3, 38
8, 38
4, 38
5, 38
1, 38
0, 38
4, 38
10, 38
0, 38
4, 38
10, 38
15, 38
10, 38
4, 38
1, 38
16, 38
1, 38
19, 38
3, 38
8, 38
1, 38
20, 38
10, 38
4, 38
1, 38
1, 38
2, 38
7, 38
35, 38
0, 38
1, 38
5, 38
1, 38
1, 38
6, 38
5, 38
7, 38
15, 38
1, 38
8, 38
16, 38
12, 38
15, 38
10, 38
5, 38
8, 38
5, 38
4, 38
0, 38
10, 38
22, 38
0, 38
14, 38
5, 38
8, 38
0, 38
9, 38
3, 38
3, 38
5, 38
9, 38
5, 38
11, 38
6, 38
9, 38
8, 38
1, 38
12, 38
2, 38
2, 38
0, 38
2, 38
0, 38
13, 38
11, 38
14, 38
20, 38
3, 38
3, 38
2, 38
8, 38
12, 38
6, 38
25, 38
2, 38
8, 38
12, 38
5, 38
6, 38
8, 38
2, 38
15, 38
5, 38
3, 38
5, 38
12, 38
17, 38
1, 38
9, 38
0, 38
4, 38
10, 38
0, 38
1, 38
2, 38
4, 38
10, 38
6, 38
0, 38
12, 38
1, 38
0, 38
0, 38
13, 38
1, 38
5, 38
5, 38
3, 38
29, 38
2, 38
0, 38
11, 38
0, 38
5, 38
3, 38
0, 38
15, 38
17, 38
2, 38
0, 38
8, 38
0, 38
0, 38
7, 38
2, 38
6, 38
4, 38
3, 38
3, 38
1, 38
3, 38
3, 38
8, 38
5, 38
0, 38
9, 38
6, 38
16, 38
0, 38
4, 38
2, 38
1, 38
1, 38
1, 38
3, 38
0, 38
1, 38
3, 38
1, 38
5, 38
11, 38
0, 38
5, 38
1, 38
13, 38
3, 38
0, 38
22, 38
6, 38
3, 38
4, 38
0, 38
3, 38
7, 38
3, 38
4, 38
6, 38
19, 38
10, 38
2, 38
13, 38
1, 38
9, 38
5, 38
2, 38
3, 38
5, 38
5, 38
5, 38
3, 38
2, 38
16, 38
9, 38
9, 38
9, 38
7, 38
5, 38
32, 38
1, 38
2, 38
5, 38
10, 38
17, 38
4, 38
0, 38
9, 38
4, 38
20, 38
6, 38
3, 38
30, 38
18, 38
2, 38
19, 38
2, 38
2, 38
0, 38
4, 38
1, 38
7, 38
5, 38
5, 38
0, 38
1, 38
4, 38
5, 38
13, 38
4, 38
3, 38
1, 38
0, 38
5, 38
15, 38
2, 38
1, 38
1, 38
8, 38
5, 38
10, 38
6, 38
4, 38
9, 38
33, 38
7, 38
1, 38
7, 38
2, 38
2, 38
1, 38
2, 38
6, 38
0, 38
1, 38
2, 38
16, 38
10, 38
29, 38
4, 38
6, 38
35, 38
8, 38
7, 38
11, 38
7, 38
0, 38
29, 38
9, 38
6, 38
26, 38
4, 38
17, 38
7, 38
13, 38
1, 38
24, 38
10, 38
10, 38
15, 38
7, 38
10, 38
0, 38
15, 38
10, 38
17, 38
1, 38
5, 38
4, 38
2, 38
3, 38
0, 38
0, 38
1, 38
0, 38
41, 41
11, 41
10, 41
24, 41
19, 41
25, 41
3, 41
2, 41
3, 41
11, 41
11, 41
10, 41
21, 41
34, 41
18, 41
11, 41
6, 41
25, 41
7, 41
0, 41
14, 41
6, 41
8, 41
3, 41
17, 41
31, 41
1, 41
17, 41
27, 41
1, 41
3, 41
9, 41
18, 41
12, 41
21, 41
13, 41
0, 41
25, 41
3, 41
9, 41
0, 41
4, 41
16, 41
0, 41
0, 41
18, 41
5, 41
5, 41
12, 41
1, 41
18, 41
40, 41
1, 41
8, 41
4, 41
6, 41
13, 41
17, 41
1, 41
1, 41
11, 41
2, 41
29, 41
15, 41
10, 41
12, 41
6, 41
5, 41
17, 41
29, 41
5, 41
4, 41
11, 41
28, 41
1, 41
9, 41
13, 41
12, 41
1, 41
18, 41
14, 41
13, 41
2, 41
8, 41
3, 41
13, 41
7, 41
10, 41
12, 41
13, 41
31, 41
19, 41
3, 41
13, 41
8, 41
7, 41
32, 41
3, 41
23, 41
2, 41
3, 41
6, 41
18, 41
4, 41
22, 41
2, 41
19, 41
3, 41
13, 41
2, 41
34, 41
23, 41
41, 41
30, 41
21, 41
43, 43
18, 43
12, 43
5, 43
17, 43
8, 43
8, 43
3, 43
4, 43
2, 43
11, 43
3, 43
8, 43
11, 43
3, 43
5, 43
9, 43
6, 43
5, 43
7, 43
3, 43
2, 43
0, 43
19, 43
6, 43
1, 43
16, 43
6, 43
7, 43
12, 43
3, 43
0, 43
1, 43
8, 43
9, 43
6, 43
2, 43
15, 43
10, 43
13, 43
1, 43
13, 43
3, 43
0, 43
14, 43
3, 43
27, 43
8, 43
1, 43
13, 43
9, 43
7, 43
25, 43
4, 43
7, 43
6, 43
7, 43
7, 43
16, 43
13, 43
6, 43
0, 43
21, 43
10, 43
14, 43
5, 43
4, 43
18, 43
1, 43
19, 43
3, 43
20, 43
5, 43
3, 43
13, 43
30, 43
11, 43
13, 43
0, 43
14, 43
25, 43
4, 43
7, 43
4, 43
4, 43
4, 43
4, 43
19, 43
9, 43
21, 43
0, 43
7, 43
5, 43
2, 43
26, 43
5, 43
13, 43
10, 43
2, 43
5, 43
26, 43
1, 43
42, 43
14, 43
2, 43
12, 43
30, 43
4, 43
65, 65
1, 65
31, 65
0, 65
1, 65
7, 65
7, 65
21, 65
11, 65
28, 65
0, 65
3, 65
17, 65
15, 65
14, 65
17, 65
7, 65
27, 65
2, 65
4, 65
25, 65
3, 65
6, 65
30, 65
2, 65
18, 65
19, 65
33, 65
7, 65
55, 65
0, 65
5, 65
5, 65
7, 65
8, 65
20, 65
12, 65
17, 65
12, 65
3, 65
17, 65
4, 65
3, 65
1, 65
3, 65
2, 65
4, 65
2, 65
21, 65
2, 65
1, 65
6, 65
14, 65
6, 65
15, 65
6, 65
16, 65
11, 65
9, 65
6, 65
22, 65
10, 65
31, 65
23, 65
24, 65
0, 65
2, 65
15, 65
47, 65
8, 65
70, 70
21, 70
3, 70
5, 70
4, 70
27, 70
7, 70
3, 70
25, 70
4, 70
10, 70
3, 70
8, 70
6, 70
15, 70
16, 70
24, 70
5, 70
3, 70
7, 70
2, 70
20, 70
14, 70
8, 70
5, 70
28, 70
3, 70
13, 70
17, 70
1, 70
23, 70
4, 70
4, 70
1, 70
14, 70
10, 70
9, 70
4, 70
11, 70
8, 70
17, 70
0, 70
40, 70
25, 70
1, 70
18, 70
0, 70
8, 70
18, 70
14, 70
1, 70
9, 70
8, 70
15, 70
16, 70
10, 70
51, 70
8, 70
17, 70
0, 70
4, 70
9, 70
10, 70
16, 70
0, 70
7, 70
12, 70
0, 70
53, 70
2, 70
30, 70
1, 70
37, 70
1, 70
6, 70
43, 70
9, 70
33, 70
15, 70
14, 70
9, 70
11, 70
3, 70
21, 70
18, 70
44, 70
5, 70
7, 70
2, 70
16, 70
21, 70
17, 70
15, 70
3, 70
16, 70
50, 70
18, 70
43, 70
40, 70
19, 70
19, 70
49, 70
34, 70
29, 70
6, 70
16, 70
15, 70
29, 70
21, 70
10, 70
23, 70
6, 70
26, 70
3, 70
15, 70
10, 70
21, 70
5, 70
14, 70
12, 70
15, 70
41, 70
25, 70
48, 70
4, 70
8, 70
0, 70
75, 75
6, 75
4, 75
10, 75
31, 75
7, 75
33, 75
22, 75
24, 75
45, 75
52, 75
95, 95
1, 95
7, 95
20, 95
34, 95
16, 95
23, 95
36, 95
15, 95
26, 95
6, 95
63, 95
12, 95
13, 95
13, 95
5, 95
8, 95
11, 95
8, 95
6, 95
27, 95
1, 95
3, 95
13, 95
1, 95
6, 95
33, 95
39, 95
5, 95
31, 95
17, 95
21, 95
55, 95
10, 95
3, 95
48, 95
7, 95
10, 95
6, 95
14, 95
4, 95
7, 95
12, 95
3, 95
12, 95
27, 95
12, 95
8, 95
46, 95
24, 95
9, 95
70, 95
19, 95
14, 95
12, 95
11, 95
17, 95
58, 95
5, 95
1, 95
15, 95
22, 95
20, 95
3, 95
33, 95
25, 95
20, 95
8, 95
23, 95
2, 95
18, 95
3, 95
47, 95
34, 95
1, 95
11, 95
45, 95
11, 95
6, 95
1, 95
26, 95
23, 95
4, 95
6, 95
47, 95
18, 95
9, 95
28, 95
5, 95
23, 95
21, 95
34, 95
18, 95
14, 95
13, 95
18, 95
46, 95
107, 107
3, 107
15, 107
13, 107
32, 107
9, 107
4, 107
7, 107
27, 107
90, 107
5, 107
143, 143
27, 143
7, 143
26, 143
36, 143
5, 143
8, 143
13, 143
5, 143
26, 143
14, 143
42, 143
5, 143
8, 143
38, 143
43, 143
26, 143
28, 143
35, 143
22, 143
10, 143
10, 143
11, 143
25, 143
112, 143
11, 143
53, 143
18, 143
8, 143
23, 143
5, 143
36, 143
28, 143
2, 143
22, 143
38, 143
19, 143
5, 143
7, 143
6, 143
12, 143
72, 143
5, 143
17, 143
31, 143
8, 143
44, 143
89, 143
6, 143
26, 143
13, 143
102, 143
28, 143
19, 143
7, 143
1, 143
10, 143
36, 143
2, 143
5, 143
5, 143
91, 143
7, 143
33, 143
32, 143
54, 143
11, 143
10, 143
16, 143
59, 143
59, 143
28, 143
14, 143
78, 143
19, 143
9, 143
9, 143
17, 143
22, 143
58, 143
35, 143
30, 143
3, 143
24, 143
41, 143
45, 143
29, 143
79, 143
32, 143
5, 143
13, 143
35, 143
10, 143
47, 143
54, 143
26, 143
12, 143
101, 143
56, 143
75, 143
43, 143
65, 143
5, 143
26, 143
15, 143
108, 143
58, 143
14, 143
146, 146
11, 146
17, 146
39, 146
19, 146
6, 146
50, 146
54, 146
55, 146
35, 146
152, 152
23, 152
14, 152
4, 152
2, 152
13, 152
35, 152
11, 152
174, 174
202, 202
41, 202
110, 202
2, 202
19, 202
2, 202
67, 202
5, 202
11, 202
19, 202
22, 202
18, 202
35, 202
150, 202
129, 202
23, 202
12, 202
4, 202
40, 202
4, 202
44, 202
80, 202
119, 202
25, 202
7, 202
5, 202
42, 202
8, 202
19, 202
29, 202
50, 202
65, 202
9, 202
82, 202
66, 202
2, 202
40, 202
77, 202
80, 202
23, 202
19, 202
26, 202
44, 202
15, 202
35, 202
22, 202
38, 202
33, 202
5, 202
35, 202
2, 202
27, 202
37, 202
6, 202
90, 202
10, 202
43, 202
32, 202
129, 202
55, 202
121, 202
28, 202
5, 202
92, 202
72, 202
30, 202
22, 202
25, 202
61, 202
19, 202
30, 202
87, 202
12, 202
9, 202
17, 202
14, 202
43, 202
46, 202
6, 202
5, 202
43, 202
70, 202
104, 202
37, 202
95, 202
4, 202
30, 202
27, 202
60, 202
1, 202
21, 202
3, 202
22, 202
8, 202
94, 202
36, 202
40, 202
29, 202
11, 202
51, 202
16, 202
65, 202
108, 202
82, 202
46, 202
30, 202
28, 202
53, 202
15, 202
5, 202
69, 202
18, 202
87, 202
82, 202
23, 202
21, 202
202, 202
79, 202
78, 202
22, 202
15, 202
6, 202
26, 202
49, 202
196, 202
9, 202
68, 202
37, 202
112, 202
87, 202
162, 202
20, 202
50, 202
6, 202
4, 202
20, 202
69, 202
34, 202
88, 202
112, 202
48, 202
68, 202
86, 202
123, 202
15, 202
146, 202
19, 202
185, 202
125, 202
66, 202
27, 202
104, 202
21, 202
142, 202
4, 202
14, 202
2, 202
94, 202
28, 202
171, 202
123, 202
18, 202
52, 202
36, 202
3, 202
45, 202
19, 202
102, 202
156, 202
3, 202
108, 202
102, 202
4, 202
31, 202
30, 202
80, 202
68, 202
2, 202
49, 202
202, 202
9, 202
64, 202
112, 202
70, 202
17, 202
100, 202
107, 202
40, 202
8, 202
16, 202
59, 202
74, 202
52, 202
67, 202
11, 202
14, 202
110, 202
51, 202
31, 202
98, 202
17, 202
187, 202
92, 202
40, 202
273, 273
41, 273
49, 273
176, 273
64, 273
64, 273
2, 273
11, 273
72, 273
40, 273
23, 273
42, 273
21, 273
24, 273
47, 273
144, 273
52, 273
8, 273
249, 273
262, 273
71, 273
15, 273
26, 273
24, 273
50, 273
85, 273
49, 273
53, 273
12, 273
39, 273
73, 273
51, 273
14, 273
110, 273
10, 273
18, 273
9, 273
64, 273
23, 273
10, 273
11, 273
11, 273
24, 273
5, 273
36, 273
8, 273
8, 273
18, 273
9, 273
10, 273
63, 273
71, 273
9, 273
59, 273
122, 273
29, 273
107, 273
5, 273
50, 273
93, 273
41, 273
32, 273
61, 273
10, 273
16, 273
56, 273
3, 273
195, 273
153, 273
23, 273
98, 273
137, 273
40, 273
51, 273
167, 273
232, 273
200, 273
28, 273
23, 273
137, 273
91, 273
87, 273
101, 273
41, 273
192, 273
15, 273
10, 273
28, 273
113, 273
51, 273
149, 273
31, 273
383, 383
161, 383
319, 383
115, 383
96, 383
35, 383
95, 383
35, 383
48, 383
86, 383
52, 383
38, 383
404, 404
22, 404
176, 404
9, 404
93, 404
16, 404
192, 404
0, 404
26, 404
8, 404
3, 404
43, 404
164, 404
149, 404
84, 404
3, 404
64, 404
12, 404
52, 404
58, 404
104, 404
21, 404
132, 404
43, 404
1, 404
64, 404
314, 404
26, 404
105, 404
339, 404
54, 404
47, 404
260, 404
3, 404
124, 404
20, 404
45, 404
39, 404
137, 404
247, 404
60, 404
54, 404
37, 404
129, 404
10, 404
108, 404
133, 404
262, 404
177, 404
6, 404
11, 404
14, 404
6, 404
1, 404
85, 404
23, 404
20, 404
93, 404
33, 404
32, 404
2, 404
31, 404
80, 404
1, 404
16, 404
6, 404
35, 404
63, 404
24, 404
2, 404
21, 404
1, 404
41, 404
54, 404
31, 404
21, 404
12, 404
14, 404
40, 404
31, 404
7, 404
4, 404
62, 404
118, 404
3, 404
19, 404
23, 404
62, 404
9, 404
76, 404
16, 404
77, 404
5, 404
112, 404
116, 404
10, 404
14, 404
14, 404
24, 404
27, 404
64, 404
2, 404
39, 404
26, 404
40, 404
21, 404
73, 404
37, 404
2, 404
51, 404
5, 404
173, 404
67, 404
9, 404
313, 404
159, 404
3, 404
25, 404
600, 600
23, 600
10, 600
23, 600
365, 600
43, 600
48, 600
40, 600
35, 600
185, 600
244, 600
292, 600
146, 600
153, 600
21, 600
37, 600
1, 600
17, 600
71, 600
120, 600
60, 600
5, 600
12, 600
207, 600
34, 600
37, 600
17, 600
6, 600
36, 600
273, 600
50, 600
21, 600
27, 600
90, 600
8, 600
14, 600
15, 600
18, 600
28, 600
21, 600
13, 600
23, 600
30, 600
11, 600
23, 600
1, 600
22, 600
59, 600
44, 600
84, 600
35, 600
38, 600
2, 600
4, 600
88, 600
31, 600
4, 600
4, 600
52, 600
25, 600
3, 600
94, 600
13, 600
43, 600
1, 600
20, 600
46, 600
51, 600
91, 600
10, 600
368, 600
49, 600
154, 600
254, 600
148, 600
175, 600
39, 600
205, 600
51, 600
24, 600
8, 600
61, 600
34, 600
100, 600
158, 600
28, 600
25, 600
7, 600
6, 600
27, 600
115, 600
14, 600
132, 600
18, 600
35, 600
29, 600
4, 600
85, 600
