#Algorithm: ExpectedSARSA, Speed: 1, Boost: 5, PM: False, Env size: (20, 20), Car size: (6, 5),
#Counter: 100, Nsteps: 1000000, Gamma: 1, LearnRate: 0.01, Eps: 0.5, Epsdecay: 0.9
0, 0
0, 0
1, 1
1, 1
1, 1
0, 1
1, 1
2, 2
0, 2
0, 2
3, 3
2, 3
2, 3
0, 3
0, 3
0, 3
0, 3
0, 3
1, 3
1, 3
15, 15
0, 15
0, 15
2, 15
2, 15
3, 15
1, 15
1, 15
9, 15
5, 15
6, 15
2, 15
0, 15
0, 15
5, 15
3, 15
4, 15
1, 15
1, 15
3, 15
0, 15
1, 15
3, 15
2, 15
1, 15
13, 15
0, 15
7, 15
4, 15
12, 15
3, 15
4, 15
15, 15
1, 15
19, 19
3, 19
0, 19
0, 19
0, 19
4, 19
5, 19
2, 19
2, 19
0, 19
3, 19
2, 19
3, 19
10, 19
12, 19
4, 19
2, 19
1, 19
0, 19
2, 19
4, 19
2, 19
2, 19
1, 19
4, 19
3, 19
6, 19
2, 19
0, 19
7, 19
0, 19
3, 19
0, 19
5, 19
0, 19
4, 19
4, 19
9, 19
2, 19
11, 19
1, 19
4, 19
8, 19
4, 19
2, 19
1, 19
5, 19
6, 19
2, 19
2, 19
0, 19
1, 19
3, 19
1, 19
4, 19
3, 19
8, 19
3, 19
5, 19
4, 19
1, 19
3, 19
0, 19
2, 19
0, 19
0, 19
3, 19
0, 19
2, 19
5, 19
5, 19
3, 19
8, 19
3, 19
3, 19
9, 19
2, 19
5, 19
7, 19
9, 19
7, 19
2, 19
5, 19
6, 19
1, 19
0, 19
6, 19
0, 19
6, 19
0, 19
2, 19
3, 19
1, 19
3, 19
3, 19
1, 19
1, 19
2, 19
14, 19
4, 19
1, 19
12, 19
9, 19
2, 19
1, 19
3, 19
2, 19
2, 19
0, 19
4, 19
3, 19
0, 19
0, 19
2, 19
1, 19
2, 19
2, 19
6, 19
0, 19
2, 19
0, 19
0, 19
6, 19
7, 19
1, 19
0, 19
3, 19
1, 19
0, 19
2, 19
4, 19
11, 19
1, 19
12, 19
2, 19
6, 19
2, 19
3, 19
3, 19
1, 19
7, 19
4, 19
2, 19
13, 19
5, 19
0, 19
0, 19
1, 19
0, 19
10, 19
4, 19
4, 19
11, 19
0, 19
4, 19
2, 19
4, 19
1, 19
11, 19
13, 19
5, 19
3, 19
6, 19
0, 19
0, 19
8, 19
6, 19
5, 19
5, 19
4, 19
2, 19
20, 20
6, 20
9, 20
16, 20
0, 20
5, 20
2, 20
12, 20
19, 20
3, 20
9, 20
6, 20
0, 20
3, 20
2, 20
6, 20
23, 23
1, 23
8, 23
8, 23
4, 23
2, 23
2, 23
7, 23
0, 23
9, 23
20, 23
12, 23
0, 23
4, 23
12, 23
1, 23
7, 23
2, 23
6, 23
5, 23
4, 23
9, 23
1, 23
0, 23
2, 23
1, 23
9, 23
1, 23
8, 23
5, 23
0, 23
1, 23
5, 23
6, 23
2, 23
2, 23
1, 23
1, 23
4, 23
5, 23
3, 23
2, 23
22, 23
5, 23
1, 23
7, 23
9, 23
6, 23
2, 23
5, 23
0, 23
1, 23
10, 23
5, 23
3, 23
0, 23
4, 23
1, 23
7, 23
1, 23
15, 23
0, 23
3, 23
3, 23
8, 23
7, 23
6, 23
31, 31
6, 31
1, 31
4, 31
34, 34
2, 34
1, 34
2, 34
2, 34
8, 34
4, 34
18, 34
22, 34
12, 34
6, 34
4, 34
5, 34
11, 34
0, 34
0, 34
6, 34
4, 34
4, 34
11, 34
15, 34
3, 34
5, 34
9, 34
5, 34
5, 34
6, 34
6, 34
3, 34
32, 34
4, 34
8, 34
18, 34
16, 34
4, 34
3, 34
3, 34
20, 34
18, 34
4, 34
13, 34
2, 34
12, 34
8, 34
1, 34
8, 34
2, 34
26, 34
5, 34
2, 34
3, 34
1, 34
2, 34
24, 34
10, 34
6, 34
23, 34
6, 34
19, 34
2, 34
13, 34
12, 34
4, 34
6, 34
0, 34
7, 34
4, 34
3, 34
5, 34
0, 34
10, 34
2, 34
8, 34
0, 34
4, 34
15, 34
3, 34
5, 34
17, 34
8, 34
15, 34
14, 34
6, 34
23, 34
15, 34
4, 34
11, 34
3, 34
6, 34
2, 34
20, 34
11, 34
26, 34
8, 34
20, 34
13, 34
8, 34
18, 34
1, 34
46, 46
14, 46
5, 46
16, 46
7, 46
3, 46
22, 46
0, 46
0, 46
20, 46
26, 46
0, 46
3, 46
4, 46
8, 46
11, 46
25, 46
2, 46
4, 46
3, 46
15, 46
13, 46
8, 46
14, 46
1, 46
5, 46
9, 46
3, 46
19, 46
22, 46
9, 46
6, 46
5, 46
13, 46
3, 46
15, 46
3, 46
8, 46
8, 46
10, 46
6, 46
4, 46
5, 46
18, 46
9, 46
2, 46
0, 46
5, 46
7, 46
4, 46
5, 46
12, 46
4, 46
2, 46
4, 46
27, 46
14, 46
13, 46
10, 46
4, 46
7, 46
10, 46
19, 46
30, 46
9, 46
9, 46
3, 46
9, 46
7, 46
2, 46
24, 46
6, 46
11, 46
3, 46
5, 46
14, 46
14, 46
31, 46
7, 46
9, 46
1, 46
5, 46
15, 46
15, 46
5, 46
9, 46
12, 46
2, 46
33, 46
37, 46
14, 46
13, 46
14, 46
17, 46
4, 46
3, 46
3, 46
2, 46
4, 46
3, 46
7, 46
1, 46
10, 46
2, 46
6, 46
5, 46
13, 46
11, 46
15, 46
16, 46
12, 46
1, 46
4, 46
2, 46
25, 46
15, 46
3, 46
37, 46
7, 46
12, 46
6, 46
19, 46
21, 46
10, 46
0, 46
14, 46
8, 46
0, 46
0, 46
14, 46
7, 46
5, 46
7, 46
23, 46
20, 46
14, 46
20, 46
33, 46
5, 46
56, 56
10, 56
15, 56
24, 56
2, 56
8, 56
13, 56
1, 56
18, 56
7, 56
9, 56
31, 56
16, 56
10, 56
8, 56
11, 56
21, 56
10, 56
10, 56
4, 56
21, 56
7, 56
9, 56
21, 56
1, 56
3, 56
0, 56
9, 56
14, 56
4, 56
8, 56
20, 56
4, 56
8, 56
4, 56
21, 56
6, 56
0, 56
5, 56
16, 56
4, 56
6, 56
11, 56
3, 56
17, 56
3, 56
31, 56
30, 56
10, 56
10, 56
3, 56
8, 56
16, 56
103, 103
1, 103
4, 103
8, 103
7, 103
11, 103
35, 103
2, 103
8, 103
20, 103
11, 103
22, 103
2, 103
14, 103
10, 103
22, 103
11, 103
15, 103
42, 103
3, 103
9, 103
2, 103
7, 103
13, 103
8, 103
29, 103
5, 103
35, 103
17, 103
4, 103
19, 103
2, 103
1, 103
6, 103
5, 103
23, 103
10, 103
2, 103
7, 103
12, 103
8, 103
6, 103
13, 103
3, 103
24, 103
4, 103
4, 103
3, 103
4, 103
15, 103
27, 103
1, 103
9, 103
15, 103
16, 103
24, 103
1, 103
9, 103
9, 103
3, 103
14, 103
3, 103
6, 103
5, 103
8, 103
0, 103
7, 103
16, 103
24, 103
5, 103
8, 103
6, 103
11, 103
5, 103
23, 103
12, 103
6, 103
18, 103
4, 103
3, 103
25, 103
20, 103
2, 103
3, 103
36, 103
28, 103
0, 103
15, 103
19, 103
16, 103
42, 103
23, 103
9, 103
9, 103
40, 103
7, 103
21, 103
3, 103
11, 103
36, 103
7, 103
34, 103
6, 103
6, 103
36, 103
4, 103
35, 103
0, 103
36, 103
12, 103
10, 103
2, 103
16, 103
2, 103
3, 103
2, 103
5, 103
8, 103
9, 103
1, 103
9, 103
18, 103
1, 103
1, 103
19, 103
2, 103
4, 103
11, 103
1, 103
1, 103
10, 103
9, 103
14, 103
11, 103
6, 103
1, 103
0, 103
5, 103
3, 103
11, 103
5, 103
7, 103
4, 103
7, 103
9, 103
4, 103
1, 103
5, 103
7, 103
26, 103
9, 103
22, 103
0, 103
2, 103
7, 103
0, 103
1, 103
22, 103
13, 103
4, 103
3, 103
17, 103
1, 103
7, 103
11, 103
0, 103
1, 103
4, 103
21, 103
25, 103
18, 103
16, 103
5, 103
7, 103
13, 103
2, 103
7, 103
3, 103
12, 103
9, 103
3, 103
5, 103
13, 103
6, 103
7, 103
5, 103
4, 103
4, 103
17, 103
0, 103
17, 103
10, 103
4, 103
19, 103
30, 103
0, 103
9, 103
9, 103
7, 103
9, 103
20, 103
7, 103
10, 103
8, 103
11, 103
17, 103
25, 103
23, 103
4, 103
2, 103
23, 103
5, 103
12, 103
6, 103
8, 103
6, 103
5, 103
4, 103
6, 103
14, 103
6, 103
8, 103
7, 103
7, 103
3, 103
24, 103
12, 103
4, 103
12, 103
1, 103
0, 103
16, 103
14, 103
2, 103
6, 103
17, 103
18, 103
33, 103
20, 103
12, 103
16, 103
16, 103
0, 103
6, 103
15, 103
5, 103
26, 103
35, 103
3, 103
13, 103
9, 103
14, 103
14, 103
6, 103
10, 103
2, 103
29, 103
2, 103
36, 103
9, 103
22, 103
8, 103
4, 103
2, 103
3, 103
6, 103
0, 103
3, 103
5, 103
9, 103
24, 103
21, 103
44, 103
6, 103
18, 103
8, 103
4, 103
9, 103
8, 103
24, 103
6, 103
6, 103
20, 103
10, 103
26, 103
8, 103
7, 103
2, 103
10, 103
9, 103
20, 103
23, 103
0, 103
16, 103
5, 103
12, 103
19, 103
6, 103
4, 103
9, 103
21, 103
6, 103
12, 103
12, 103
3, 103
27, 103
3, 103
0, 103
2, 103
8, 103
5, 103
8, 103
1, 103
1, 103
10, 103
2, 103
21, 103
4, 103
38, 103
1, 103
4, 103
13, 103
1, 103
40, 103
22, 103
5, 103
9, 103
17, 103
3, 103
10, 103
0, 103
7, 103
4, 103
0, 103
6, 103
12, 103
1, 103
0, 103
7, 103
10, 103
24, 103
23, 103
11, 103
6, 103
3, 103
2, 103
19, 103
12, 103
25, 103
3, 103
5, 103
2, 103
15, 103
2, 103
10, 103
6, 103
7, 103
4, 103
6, 103
3, 103
19, 103
45, 103
13, 103
7, 103
1, 103
8, 103
0, 103
14, 103
13, 103
10, 103
5, 103
8, 103
0, 103
1, 103
0, 103
10, 103
15, 103
17, 103
25, 103
0, 103
5, 103
10, 103
17, 103
3, 103
13, 103
3, 103
6, 103
2, 103
12, 103
3, 103
9, 103
53, 103
0, 103
3, 103
3, 103
16, 103
4, 103
4, 103
1, 103
3, 103
2, 103
8, 103
3, 103
14, 103
9, 103
21, 103
24, 103
17, 103
10, 103
0, 103
4, 103
5, 103
17, 103
15, 103
3, 103
2, 103
0, 103
22, 103
0, 103
10, 103
7, 103
1, 103
12, 103
10, 103
27, 103
4, 103
13, 103
2, 103
0, 103
3, 103
11, 103
2, 103
0, 103
6, 103
4, 103
14, 103
1, 103
9, 103
1, 103
10, 103
9, 103
57, 103
23, 103
1, 103
21, 103
0, 103
5, 103
33, 103
0, 103
1, 103
3, 103
13, 103
2, 103
21, 103
2, 103
7, 103
0, 103
3, 103
0, 103
3, 103
9, 103
4, 103
20, 103
12, 103
23, 103
8, 103
0, 103
4, 103
10, 103
14, 103
2, 103
1, 103
11, 103
11, 103
6, 103
0, 103
10, 103
0, 103
28, 103
4, 103
0, 103
13, 103
3, 103
11, 103
4, 103
14, 103
37, 103
42, 103
14, 103
6, 103
3, 103
34, 103
16, 103
20, 103
21, 103
11, 103
1, 103
7, 103
22, 103
18, 103
2, 103
15, 103
19, 103
85, 103
7, 103
11, 103
4, 103
4, 103
11, 103
2, 103
20, 103
2, 103
3, 103
18, 103
14, 103
24, 103
11, 103
13, 103
14, 103
22, 103
39, 103
25, 103
19, 103
21, 103
3, 103
17, 103
4, 103
2, 103
9, 103
8, 103
6, 103
30, 103
19, 103
9, 103
1, 103
5, 103
43, 103
6, 103
19, 103
25, 103
0, 103
5, 103
31, 103
10, 103
4, 103
4, 103
29, 103
7, 103
4, 103
25, 103
12, 103
3, 103
8, 103
15, 103
1, 103
26, 103
24, 103
4, 103
0, 103
25, 103
4, 103
45, 103
46, 103
1, 103
8, 103
35, 103
76, 103
39, 103
2, 103
9, 103
32, 103
6, 103
47, 103
5, 103
30, 103
5, 103
3, 103
14, 103
47, 103
25, 103
33, 103
25, 103
65, 103
22, 103
42, 103
30, 103
9, 103
16, 103
6, 103
34, 103
54, 103
7, 103
38, 103
1, 103
10, 103
23, 103
23, 103
39, 103
7, 103
28, 103
3, 103
9, 103
73, 103
1, 103
19, 103
14, 103
66, 103
15, 103
21, 103
81, 103
13, 103
4, 103
45, 103
11, 103
27, 103
33, 103
24, 103
31, 103
14, 103
26, 103
17, 103
63, 103
7, 103
6, 103
25, 103
19, 103
34, 103
30, 103
21, 103
5, 103
4, 103
9, 103
8, 103
27, 103
10, 103
6, 103
7, 103
5, 103
18, 103
7, 103
67, 103
34, 103
25, 103
21, 103
19, 103
41, 103
34, 103
41, 103
13, 103
5, 103
29, 103
12, 103
33, 103
11, 103
4, 103
12, 103
12, 103
37, 103
3, 103
2, 103
17, 103
14, 103
6, 103
13, 103
30, 103
59, 103
10, 103
35, 103
66, 103
15, 103
50, 103
10, 103
15, 103
40, 103
7, 103
16, 103
21, 103
46, 103
27, 103
9, 103
11, 103
55, 103
4, 103
10, 103
37, 103
13, 103
19, 103
3, 103
44, 103
4, 103
14, 103
16, 103
30, 103
5, 103
9, 103
27, 103
37, 103
13, 103
42, 103
42, 103
37, 103
25, 103
2, 103
9, 103
44, 103
4, 103
8, 103
17, 103
53, 103
8, 103
12, 103
4, 103
9, 103
43, 103
58, 103
5, 103
30, 103
24, 103
61, 103
5, 103
65, 103
50, 103
48, 103
33, 103
1, 103
24, 103
24, 103
6, 103
15, 103
9, 103
31, 103
6, 103
55, 103
1, 103
26, 103
22, 103
6, 103
59, 103
62, 103
29, 103
14, 103
38, 103
19, 103
28, 103
27, 103
35, 103
61, 103
11, 103
11, 103
2, 103
10, 103
11, 103
12, 103
13, 103
12, 103
57, 103
26, 103
56, 103
110, 110
31, 110
21, 110
12, 110
5, 110
8, 110
8, 110
16, 110
18, 110
46, 110
2, 110
30, 110
2, 110
25, 110
5, 110
5, 110
2, 110
7, 110
48, 110
9, 110
18, 110
22, 110
33, 110
18, 110
15, 110
15, 110
29, 110
27, 110
13, 110
37, 110
26, 110
11, 110
82, 110
4, 110
33, 110
5, 110
105, 110
10, 110
8, 110
22, 110
52, 110
13, 110
1, 110
17, 110
49, 110
32, 110
16, 110
29, 110
25, 110
56, 110
11, 110
11, 110
24, 110
33, 110
5, 110
13, 110
17, 110
23, 110
47, 110
23, 110
31, 110
23, 110
33, 110
24, 110
24, 110
57, 110
51, 110
41, 110
12, 110
7, 110
46, 110
5, 110
11, 110
50, 110
50, 110
3, 110
21, 110
24, 110
67, 110
6, 110
40, 110
67, 110
14, 110
39, 110
4, 110
75, 110
2, 110
66, 110
12, 110
14, 110
108, 110
19, 110
15, 110
27, 110
91, 110
13, 110
37, 110
71, 110
14, 110
82, 110
20, 110
7, 110
1, 110
16, 110
37, 110
14, 110
7, 110
24, 110
4, 110
30, 110
14, 110
58, 110
38, 110
22, 110
19, 110
2, 110
12, 110
11, 110
19, 110
8, 110
15, 110
16, 110
1, 110
5, 110
39, 110
0, 110
5, 110
38, 110
30, 110
28, 110
84, 110
87, 110
15, 110
6, 110
64, 110
41, 110
5, 110
41, 110
51, 110
29, 110
104, 110
24, 110
12, 110
3, 110
98, 110
36, 110
75, 110
48, 110
27, 110
22, 110
9, 110
38, 110
66, 110
24, 110
25, 110
24, 110
17, 110
9, 110
16, 110
36, 110
9, 110
15, 110
7, 110
61, 110
55, 110
114, 114
30, 114
37, 114
13, 114
104, 114
85, 114
7, 114
13, 114
12, 114
55, 114
49, 114
22, 114
32, 114
8, 114
7, 114
41, 114
75, 114
16, 114
14, 114
47, 114
61, 114
100, 114
38, 114
13, 114
9, 114
38, 114
4, 114
54, 114
27, 114
7, 114
26, 114
5, 114
69, 114
30, 114
26, 114
101, 114
3, 114
16, 114
17, 114
21, 114
40, 114
74, 114
9, 114
11, 114
50, 114
29, 114
19, 114
25, 114
19, 114
4, 114
41, 114
45, 114
86, 114
51, 114
37, 114
46, 114
6, 114
5, 114
42, 114
61, 114
12, 114
30, 114
25, 114
2, 114
6, 114
26, 114
3, 114
65, 114
86, 114
18, 114
18, 114
63, 114
4, 114
68, 114
27, 114
45, 114
19, 114
28, 114
45, 114
2, 114
19, 114
24, 114
59, 114
15, 114
5, 114
1, 114
29, 114
8, 114
47, 114
6, 114
22, 114
29, 114
10, 114
28, 114
16, 114
3, 114
43, 114
20, 114
26, 114
13, 114
32, 114
38, 114
7, 114
28, 114
9, 114
12, 114
34, 114
103, 114
12, 114
100, 114
46, 114
66, 114
34, 114
15, 114
10, 114
10, 114
31, 114
12, 114
37, 114
17, 114
9, 114
5, 114
34, 114
18, 114
62, 114
7, 114
56, 114
21, 114
4, 114
11, 114
18, 114
22, 114
80, 114
8, 114
2, 114
14, 114
16, 114
33, 114
9, 114
21, 114
54, 114
30, 114
31, 114
14, 114
30, 114
26, 114
103, 114
24, 114
24, 114
20, 114
61, 114
40, 114
15, 114
49, 114
7, 114
39, 114
51, 114
8, 114
100, 114
14, 114
78, 114
20, 114
39, 114
23, 114
77, 114
1, 114
11, 114
128, 128
13, 128
26, 128
115, 128
53, 128
105, 128
98, 128
21, 128
8, 128
31, 128
34, 128
5, 128
31, 128
11, 128
3, 128
15, 128
63, 128
109, 128
15, 128
6, 128
38, 128
58, 128
112, 128
47, 128
4, 128
67, 128
21, 128
32, 128
17, 128
100, 128
18, 128
27, 128
62, 128
88, 128
7, 128
18, 128
19, 128
3, 128
24, 128
30, 128
27, 128
9, 128
108, 128
1, 128
84, 128
22, 128
54, 128
107, 128
39, 128
53, 128
64, 128
62, 128
80, 128
7, 128
106, 128
2, 128
91, 128
9, 128
19, 128
46, 128
29, 128
9, 128
4, 128
31, 128
20, 128
109, 128
84, 128
41, 128
4, 128
103, 128
21, 128
13, 128
37, 128
14, 128
79, 128
36, 128
56, 128
30, 128
74, 128
14, 128
69, 128
21, 128
53, 128
8, 128
89, 128
57, 128
72, 128
34, 128
88, 128
13, 128
11, 128
103, 128
56, 128
18, 128
41, 128
25, 128
66, 128
86, 128
0, 128
10, 128
31, 128
49, 128
21, 128
4, 128
42, 128
8, 128
70, 128
28, 128
25, 128
12, 128
3, 128
81, 128
76, 128
11, 128
32, 128
33, 128
54, 128
6, 128
106, 128
8, 128
14, 128
13, 128
94, 128
101, 128
100, 128
45, 128
55, 128
40, 128
8, 128
126, 128
107, 128
28, 128
8, 128
35, 128
70, 128
122, 128
0, 128
114, 128
93, 128
4, 128
2, 128
79, 128
10, 128
82, 128
4, 128
14, 128
13, 128
41, 128
1, 128
81, 128
41, 128
17, 128
67, 128
110, 128
107, 128
78, 128
26, 128
0, 128
134, 134
1, 134
22, 134
39, 134
32, 134
117, 134
5, 134
114, 134
109, 134
32, 134
19, 134
19, 134
3, 134
56, 134
36, 134
12, 134
102, 134
17, 134
0, 134
73, 134
29, 134
70, 134
56, 134
101, 134
112, 134
21, 134
47, 134
53, 134
30, 134
1, 134
15, 134
24, 134
59, 134
2, 134
10, 134
1, 134
48, 134
48, 134
41, 134
71, 134
4, 134
95, 134
35, 134
10, 134
33, 134
0, 134
44, 134
108, 134
9, 134
33, 134
13, 134
111, 134
74, 134
120, 134
32, 134
10, 134
6, 134
18, 134
4, 134
7, 134
17, 134
5, 134
15, 134
104, 134
22, 134
7, 134
9, 134
116, 134
14, 134
10, 134
18, 134
21, 134
103, 134
3, 134
0, 134
12, 134
32, 134
20, 134
8, 134
40, 134
4, 134
37, 134
59, 134
52, 134
32, 134
28, 134
61, 134
53, 134
7, 134
10, 134
37, 134
113, 134
78, 134
99, 134
123, 134
153, 153
104, 153
23, 153
54, 153
8, 153
28, 153
104, 153
6, 153
66, 153
1, 153
38, 153
23, 153
1, 153
4, 153
16, 153
55, 153
57, 153
6, 153
101, 153
26, 153
167, 167
10, 167
13, 167
10, 167
0, 167
116, 167
40, 167
14, 167
76, 167
8, 167
105, 167
45, 167
108, 167
36, 167
111, 167
36, 167
116, 167
124, 167
30, 167
3, 167
106, 167
88, 167
77, 167
21, 167
108, 167
60, 167
104, 167
50, 167
106, 167
28, 167
94, 167
113, 167
24, 167
100, 167
120, 167
36, 167
61, 167
66, 167
90, 167
59, 167
42, 167
34, 167
47, 167
8, 167
115, 167
77, 167
8, 167
104, 167
13, 167
114, 167
8, 167
103, 167
181, 181
111, 181
8, 181
131, 181
133, 181
104, 181
23, 181
85, 181
14, 181
139, 181
25, 181
9, 181
41, 181
15, 181
101, 181
15, 181
43, 181
39, 181
48, 181
37, 181
10, 181
5, 181
90, 181
12, 181
17, 181
5, 181
15, 181
77, 181
18, 181
104, 181
109, 181
30, 181
100, 181
59, 181
98, 181
81, 181
35, 181
61, 181
8, 181
46, 181
61, 181
5, 181
104, 181
59, 181
101, 181
106, 181
26, 181
127, 181
14, 181
107, 181
77, 181
108, 181
111, 181
120, 181
21, 181
122, 181
3, 181
85, 181
14, 181
107, 181
120, 181
99, 181
112, 181
109, 181
136, 181
137, 181
56, 181
9, 181
8, 181
103, 181
66, 181
4, 181
102, 181
103, 181
46, 181
100, 181
102, 181
96, 181
43, 181
63, 181
17, 181
27, 181
15, 181
110, 181
15, 181
23, 181
0, 181
17, 181
82, 181
26, 181
138, 181
107, 181
10, 181
115, 181
101, 181
8, 181
100, 181
32, 181
140, 181
48, 181
35, 181
27, 181
44, 181
54, 181
103, 181
91, 181
39, 181
87, 181
105, 181
149, 181
8, 181
8, 181
30, 181
74, 181
100, 181
125, 181
0, 181
29, 181
21, 181
98, 181
112, 181
2, 181
7, 181
107, 181
94, 181
103, 181
44, 181
113, 181
109, 181
102, 181
129, 181
104, 181
101, 181
53, 181
19, 181
28, 181
7, 181
48, 181
101, 181
13, 181
0, 181
27, 181
0, 181
45, 181
21, 181
154, 181
61, 181
99, 181
101, 181
56, 181
