#Algorithm: ExpectedSARSA, Speed: 1, Boost: 4, PM: False, Env size: (20, 20), Car size: (5, 4),
#Counter: 10000000, Nsteps: 1000000, Gamma: 1, LearnRate: 0.01, Eps: 0.5, Epsdecay: 0.9
6, 6
3, 6
5, 6
1, 6
0, 6
0, 6
2, 6
17, 17
2, 17
5, 17
5, 17
0, 17
7, 17
0, 17
1, 17
7, 17
4, 17
2, 17
6, 17
5, 17
7, 17
0, 17
10, 17
6, 17
8, 17
11, 17
5, 17
7, 17
5, 17
2, 17
2, 17
29, 29
5, 29
7, 29
19, 29
9, 29
6, 29
1, 29
33, 33
0, 33
20, 33
1, 33
11, 33
2, 33
16, 33
14, 33
3, 33
20, 33
24, 33
3, 33
7, 33
24, 33
13, 33
5, 33
12, 33
17, 33
19, 33
7, 33
2, 33
0, 33
11, 33
6, 33
5, 33
1, 33
26, 33
4, 33
7, 33
12, 33
2, 33
1, 33
17, 33
1, 33
14, 33
19, 33
9, 33
24, 33
14, 33
22, 33
14, 33
32, 33
24, 33
5, 33
15, 33
1, 33
7, 33
2, 33
7, 33
13, 33
12, 33
5, 33
29, 33
21, 33
9, 33
28, 33
37, 37
3, 37
17, 37
6, 37
13, 37
32, 37
20, 37
7, 37
8, 37
5, 37
13, 37
34, 37
5, 37
2, 37
9, 37
1, 37
5, 37
25, 37
24, 37
0, 37
0, 37
29, 37
17, 37
13, 37
0, 37
9, 37
0, 37
7, 37
4, 37
7, 37
55, 55
14, 55
0, 55
9, 55
45, 55
2, 55
9, 55
11, 55
0, 55
24, 55
6, 55
32, 55
0, 55
3, 55
9, 55
6, 55
6, 55
3, 55
8, 55
25, 55
12, 55
7, 55
13, 55
13, 55
7, 55
23, 55
3, 55
0, 55
6, 55
2, 55
4, 55
5, 55
10, 55
29, 55
1, 55
3, 55
4, 55
20, 55
31, 55
8, 55
4, 55
11, 55
10, 55
11, 55
10, 55
10, 55
13, 55
3, 55
31, 55
3, 55
14, 55
21, 55
12, 55
23, 55
15, 55
0, 55
15, 55
6, 55
8, 55
6, 55
4, 55
8, 55
46, 55
17, 55
23, 55
12, 55
0, 55
20, 55
33, 55
2, 55
3, 55
37, 55
11, 55
11, 55
3, 55
30, 55
14, 55
22, 55
3, 55
53, 55
12, 55
39, 55
15, 55
10, 55
13, 55
23, 55
4, 55
7, 55
36, 55
15, 55
13, 55
15, 55
5, 55
4, 55
7, 55
39, 55
1, 55
6, 55
2, 55
8, 55
33, 55
19, 55
4, 55
36, 55
2, 55
1, 55
15, 55
11, 55
0, 55
13, 55
22, 55
6, 55
15, 55
16, 55
7, 55
14, 55
17, 55
5, 55
2, 55
8, 55
11, 55
7, 55
8, 55
21, 55
20, 55
9, 55
18, 55
28, 55
3, 55
30, 55
10, 55
12, 55
5, 55
15, 55
13, 55
8, 55
14, 55
0, 55
17, 55
26, 55
1, 55
22, 55
13, 55
2, 55
25, 55
3, 55
2, 55
8, 55
1, 55
1, 55
10, 55
5, 55
45, 55
39, 55
4, 55
3, 55
17, 55
6, 55
36, 55
10, 55
4, 55
18, 55
82, 82
41, 82
22, 82
13, 82
14, 82
79, 82
21, 82
22, 82
18, 82
35, 82
57, 82
20, 82
17, 82
37, 82
12, 82
6, 82
7, 82
18, 82
16, 82
12, 82
28, 82
31, 82
13, 82
40, 82
17, 82
10, 82
28, 82
10, 82
8, 82
11, 82
8, 82
27, 82
4, 82
31, 82
6, 82
18, 82
12, 82
47, 82
53, 82
48, 82
19, 82
10, 82
9, 82
44, 82
15, 82
78, 82
16, 82
16, 82
13, 82
44, 82
18, 82
11, 82
16, 82
11, 82
56, 82
28, 82
4, 82
2, 82
38, 82
7, 82
24, 82
43, 82
17, 82
21, 82
11, 82
22, 82
28, 82
8, 82
7, 82
29, 82
4, 82
21, 82
17, 82
9, 82
7, 82
14, 82
8, 82
24, 82
43, 82
13, 82
29, 82
19, 82
13, 82
10, 82
39, 82
36, 82
14, 82
19, 82
10, 82
105, 105
12, 105
17, 105
18, 105
5, 105
18, 105
33, 105
19, 105
95, 105
2, 105
17, 105
27, 105
13, 105
28, 105
120, 120
14, 120
26, 120
2, 120
14, 120
54, 120
11, 120
27, 120
17, 120
40, 120
27, 120
4, 120
7, 120
85, 120
22, 120
14, 120
46, 120
16, 120
28, 120
21, 120
41, 120
14, 120
10, 120
17, 120
14, 120
37, 120
17, 120
51, 120
6, 120
24, 120
41, 120
23, 120
19, 120
13, 120
39, 120
54, 120
18, 120
7, 120
12, 120
87, 120
24, 120
7, 120
80, 120
20, 120
6, 120
21, 120
22, 120
26, 120
4, 120
25, 120
17, 120
11, 120
10, 120
26, 120
25, 120
10, 120
56, 120
88, 120
91, 120
28, 120
64, 120
9, 120
7, 120
6, 120
6, 120
14, 120
75, 120
16, 120
21, 120
9, 120
21, 120
56, 120
18, 120
7, 120
21, 120
39, 120
17, 120
34, 120
12, 120
77, 120
9, 120
21, 120
6, 120
11, 120
44, 120
114, 120
33, 120
5, 120
42, 120
17, 120
13, 120
29, 120
23, 120
3, 120
29, 120
38, 120
27, 120
12, 120
11, 120
47, 120
5, 120
69, 120
51, 120
87, 120
83, 120
8, 120
63, 120
46, 120
18, 120
14, 120
110, 120
39, 120
24, 120
36, 120
133, 133
8, 133
16, 133
52, 133
23, 133
52, 133
55, 133
58, 133
49, 133
13, 133
15, 133
12, 133
17, 133
53, 133
24, 133
12, 133
16, 133
17, 133
45, 133
20, 133
109, 133
22, 133
50, 133
3, 133
9, 133
52, 133
13, 133
7, 133
18, 133
23, 133
83, 133
12, 133
28, 133
25, 133
52, 133
21, 133
28, 133
22, 133
17, 133
39, 133
85, 133
36, 133
14, 133
11, 133
64, 133
25, 133
24, 133
61, 133
33, 133
34, 133
14, 133
42, 133
36, 133
86, 133
29, 133
25, 133
53, 133
28, 133
17, 133
66, 133
59, 133
19, 133
50, 133
162, 162
12, 162
108, 162
55, 162
51, 162
19, 162
27, 162
29, 162
14, 162
136, 162
18, 162
59, 162
21, 162
42, 162
62, 162
51, 162
9, 162
32, 162
56, 162
18, 162
32, 162
22, 162
26, 162
129, 162
3, 162
30, 162
23, 162
66, 162
25, 162
61, 162
35, 162
51, 162
9, 162
61, 162
70, 162
65, 162
37, 162
109, 162
4, 162
71, 162
9, 162
84, 162
117, 162
7, 162
24, 162
61, 162
7, 162
37, 162
29, 162
171, 171
28, 171
9, 171
64, 171
31, 171
25, 171
43, 171
41, 171
69, 171
53, 171
44, 171
13, 171
79, 171
52, 171
8, 171
22, 171
28, 171
5, 171
99, 171
59, 171
14, 171
9, 171
35, 171
86, 171
26, 171
5, 171
67, 171
137, 171
13, 171
15, 171
45, 171
42, 171
18, 171
81, 171
59, 171
75, 171
36, 171
7, 171
118, 171
6, 171
25, 171
26, 171
16, 171
15, 171
18, 171
89, 171
99, 171
75, 171
6, 171
239, 239
26, 239
8, 239
17, 239
124, 239
53, 239
30, 239
18, 239
49, 239
109, 239
29, 239
157, 239
11, 239
12, 239
16, 239
113, 239
175, 239
47, 239
74, 239
68, 239
59, 239
79, 239
13, 239
9, 239
16, 239
5, 239
25, 239
126, 239
16, 239
71, 239
98, 239
50, 239
8, 239
22, 239
36, 239
55, 239
23, 239
48, 239
25, 239
27, 239
126, 239
40, 239
126, 239
53, 239
16, 239
107, 239
23, 239
86, 239
65, 239
23, 239
102, 239
90, 239
112, 239
33, 239
293, 293
11, 293
5, 293
108, 293
82, 293
88, 293
86, 293
134, 293
65, 293
136, 293
78, 293
15, 293
113, 293
77, 293
100, 293
20, 293
15, 293
70, 293
43, 293
80, 293
60, 293
65, 293
39, 293
108, 293
43, 293
9, 293
161, 293
4, 293
9, 293
69, 293
74, 293
52, 293
122, 293
26, 293
11, 293
112, 293
122, 293
47, 293
151, 293
126, 293
15, 293
143, 293
102, 293
14, 293
131, 293
53, 293
16, 293
79, 293
223, 293
7, 293
195, 293
116, 293
25, 293
87, 293
11, 293
193, 293
102, 293
88, 293
24, 293
143, 293
94, 293
39, 293
173, 293
43, 293
60, 293
169, 293
246, 293
99, 293
25, 293
28, 293
128, 293
196, 293
10, 293
170, 293
17, 293
728, 728
159, 728
207, 728
11, 728
216, 728
331, 728
87, 728
36, 728
13, 728
226, 728
117, 728
54, 728
61, 728
53, 728
214, 728
68, 728
34, 728
449, 728
52, 728
57, 728
339, 728
704, 728
254, 728
189, 728
480, 728
56, 728
137, 728
350, 728
39, 728
181, 728
100, 728
146, 728
473, 728
39, 728
106, 728
23, 728
70, 728
281, 728
233, 728
236, 728
11, 728
2202, 2202
11, 2202
280, 2202
193, 2202
701, 2202
292, 2202
11, 2202
39, 2202
265, 2202
151, 2202
200, 2202
604, 2202
164, 2202
570, 2202
121, 2202
13, 2202
27, 2202
188, 2202
51, 2202
511, 2202
152, 2202
525, 2202
436, 2202
251, 2202
117, 2202
90, 2202
83, 2202
64, 2202
57, 2202
20, 2202
747, 2202
131, 2202
298, 2202
89, 2202
667, 2202
233, 2202
113, 2202
1110, 2202
276, 2202
23, 2202
129, 2202
620, 2202
241, 2202
86, 2202
179, 2202
733, 2202
209, 2202
667, 2202
162, 2202
311, 2202
45, 2202
999, 2202
