#Algorithm: ExpectedSARSA, Speed: 1, Boost: 1, PM: False, Env size: (20, 20), Car size: (5, 4),
#Counter: 100, Nsteps: 1000000, Gamma: 1, LearnRate: 0.01, Eps: 0.5, Epsdecay: 0.9
1, 1
0, 1
2, 2
0, 2
1, 2
1, 2
0, 2
0, 2
1, 2
1, 2
9, 9
4, 9
4, 9
0, 9
0, 9
1, 9
1, 9
1, 9
2, 9
2, 9
1, 9
0, 9
0, 9
0, 9
3, 9
0, 9
3, 9
0, 9
4, 9
0, 9
3, 9
2, 9
2, 9
2, 9
2, 9
0, 9
1, 9
8, 9
2, 9
5, 9
5, 9
2, 9
3, 9
5, 9
2, 9
2, 9
4, 9
2, 9
0, 9
1, 9
0, 9
3, 9
0, 9
0, 9
5, 9
1, 9
0, 9
3, 9
1, 9
2, 9
10, 10
2, 10
1, 10
2, 10
1, 10
2, 10
0, 10
0, 10
0, 10
1, 10
0, 10
1, 10
1, 10
1, 10
1, 10
3, 10
13, 13
0, 13
1, 13
4, 13
5, 13
2, 13
6, 13
4, 13
1, 13
6, 13
0, 13
1, 13
1, 13
6, 13
7, 13
1, 13
0, 13
8, 13
15, 15
0, 15
1, 15
2, 15
8, 15
9, 15
9, 15
7, 15
1, 15
10, 15
16, 16
5, 16
6, 16
2, 16
7, 16
3, 16
7, 16
12, 16
8, 16
4, 16
5, 16
5, 16
5, 16
11, 16
15, 16
6, 16
3, 16
9, 16
7, 16
8, 16
12, 16
5, 16
14, 16
5, 16
1, 16
3, 16
21, 21
0, 21
20, 21
48, 48
34, 48
8, 48
5, 48
5, 48
4, 48
1, 48
11, 48
0, 48
13, 48
9, 48
1, 48
1, 48
0, 48
12, 48
3, 48
19, 48
3, 48
4, 48
23, 48
9, 48
14, 48
0, 48
1, 48
6, 48
12, 48
34, 48
3, 48
3, 48
5, 48
18, 48
12, 48
7, 48
4, 48
14, 48
21, 48
15, 48
5, 48
2, 48
7, 48
2, 48
6, 48
1, 48
6, 48
0, 48
18, 48
10, 48
2, 48
1, 48
3, 48
5, 48
0, 48
3, 48
14, 48
20, 48
1, 48
0, 48
1, 48
10, 48
9, 48
2, 48
2, 48
2, 48
0, 48
4, 48
1, 48
6, 48
5, 48
3, 48
1, 48
6, 48
1, 48
15, 48
3, 48
11, 48
12, 48
5, 48
3, 48
4, 48
0, 48
1, 48
0, 48
1, 48
7, 48
5, 48
0, 48
0, 48
10, 48
0, 48
5, 48
8, 48
1, 48
19, 48
27, 48
49, 49
18, 49
2, 49
20, 49
9, 49
5, 49
15, 49
8, 49
8, 49
20, 49
16, 49
31, 49
5, 49
27, 49
1, 49
1, 49
3, 49
1, 49
7, 49
24, 49
2, 49
3, 49
20, 49
43, 49
6, 49
12, 49
16, 49
16, 49
11, 49
26, 49
4, 49
9, 49
1, 49
3, 49
12, 49
9, 49
5, 49
21, 49
1, 49
8, 49
1, 49
0, 49
4, 49
15, 49
4, 49
4, 49
6, 49
11, 49
1, 49
3, 49
5, 49
4, 49
1, 49
6, 49
1, 49
9, 49
13, 49
4, 49
5, 49
1, 49
2, 49
6, 49
5, 49
8, 49
5, 49
2, 49
2, 49
3, 49
2, 49
18, 49
1, 49
14, 49
1, 49
11, 49
0, 49
2, 49
2, 49
3, 49
3, 49
3, 49
8, 49
1, 49
3, 49
1, 49
1, 49
1, 49
5, 49
0, 49
1, 49
0, 49
6, 49
5, 49
3, 49
13, 49
0, 49
9, 49
13, 49
13, 49
5, 49
2, 49
3, 49
5, 49
1, 49
3, 49
3, 49
5, 49
14, 49
14, 49
2, 49
10, 49
1, 49
5, 49
10, 49
7, 49
12, 49
13, 49
13, 49
12, 49
16, 49
16, 49
22, 49
1, 49
15, 49
3, 49
8, 49
9, 49
5, 49
2, 49
12, 49
3, 49
1, 49
0, 49
4, 49
5, 49
6, 49
6, 49
9, 49
37, 49
22, 49
7, 49
48, 49
19, 49
22, 49
95, 95
42, 95
22, 95
22, 95
19, 95
19, 95
8, 95
11, 95
11, 95
9, 95
13, 95
17, 95
7, 95
6, 95
25, 95
5, 95
8, 95
14, 95
32, 95
53, 95
22, 95
10, 95
29, 95
10, 95
16, 95
16, 95
14, 95
31, 95
38, 95
9, 95
12, 95
25, 95
5, 95
59, 95
7, 95
3, 95
10, 95
17, 95
6, 95
32, 95
17, 95
27, 95
57, 95
30, 95
7, 95
32, 95
15, 95
31, 95
16, 95
14, 95
15, 95
37, 95
20, 95
13, 95
20, 95
15, 95
14, 95
23, 95
37, 95
3, 95
31, 95
5, 95
15, 95
16, 95
30, 95
19, 95
20, 95
94, 95
28, 95
20, 95
15, 95
37, 95
8, 95
24, 95
21, 95
12, 95
29, 95
35, 95
51, 95
12, 95
5, 95
19, 95
14, 95
19, 95
19, 95
10, 95
13, 95
47, 95
6, 95
49, 95
29, 95
18, 95
11, 95
53, 95
28, 95
72, 95
2, 95
14, 95
7, 95
12, 95
8, 95
19, 95
6, 95
10, 95
46, 95
27, 95
6, 95
14, 95
42, 95
34, 95
34, 95
14, 95
6, 95
7, 95
10, 95
41, 95
26, 95
9, 95
9, 95
17, 95
4, 95
15, 95
85, 95
15, 95
24, 95
5, 95
32, 95
28, 95
9, 95
16, 95
19, 95
12, 95
9, 95
12, 95
43, 95
13, 95
11, 95
13, 95
7, 95
24, 95
60, 95
6, 95
12, 95
20, 95
2, 95
23, 95
27, 95
41, 95
12, 95
10, 95
55, 95
7, 95
17, 95
10, 95
22, 95
11, 95
73, 95
34, 95
50, 95
27, 95
21, 95
31, 95
27, 95
17, 95
34, 95
46, 95
7, 95
6, 95
15, 95
19, 95
26, 95
25, 95
16, 95
37, 95
27, 95
25, 95
17, 95
5, 95
40, 95
9, 95
13, 95
57, 95
44, 95
36, 95
17, 95
48, 95
49, 95
6, 95
27, 95
5, 95
41, 95
7, 95
8, 95
59, 95
19, 95
4, 95
43, 95
6, 95
45, 95
30, 95
9, 95
21, 95
24, 95
7, 95
10, 95
4, 95
70, 95
8, 95
3, 95
12, 95
46, 95
37, 95
28, 95
13, 95
13, 95
57, 95
38, 95
16, 95
19, 95
5, 95
14, 95
13, 95
13, 95
23, 95
18, 95
26, 95
45, 95
82, 95
39, 95
13, 95
38, 95
7, 95
27, 95
56, 95
6, 95
10, 95
6, 95
69, 95
10, 95
37, 95
18, 95
27, 95
8, 95
3, 95
20, 95
18, 95
44, 95
13, 95
36, 95
35, 95
24, 95
15, 95
9, 95
24, 95
34, 95
17, 95
10, 95
12, 95
11, 95
24, 95
41, 95
18, 95
21, 95
57, 95
14, 95
31, 95
66, 95
7, 95
19, 95
5, 95
32, 95
17, 95
26, 95
16, 95
8, 95
19, 95
50, 95
33, 95
2, 95
13, 95
18, 95
17, 95
50, 95
10, 95
14, 95
9, 95
42, 95
12, 95
32, 95
23, 95
21, 95
11, 95
36, 95
16, 95
65, 95
6, 95
10, 95
16, 95
10, 95
10, 95
18, 95
6, 95
16, 95
35, 95
21, 95
2, 95
6, 95
22, 95
18, 95
45, 95
19, 95
44, 95
26, 95
11, 95
34, 95
8, 95
14, 95
42, 95
21, 95
10, 95
110, 110
14, 110
15, 110
8, 110
5, 110
16, 110
29, 110
19, 110
58, 110
17, 110
26, 110
17, 110
23, 110
12, 110
13, 110
8, 110
39, 110
13, 110
32, 110
9, 110
19, 110
41, 110
6, 110
21, 110
10, 110
28, 110
19, 110
40, 110
3, 110
58, 110
23, 110
12, 110
11, 110
15, 110
24, 110
17, 110
17, 110
12, 110
17, 110
5, 110
18, 110
12, 110
68, 110
44, 110
26, 110
22, 110
9, 110
32, 110
34, 110
9, 110
38, 110
9, 110
14, 110
17, 110
15, 110
10, 110
20, 110
1, 110
39, 110
7, 110
24, 110
9, 110
25, 110
69, 110
22, 110
26, 110
32, 110
35, 110
45, 110
16, 110
10, 110
39, 110
6, 110
62, 110
24, 110
19, 110
25, 110
15, 110
17, 110
41, 110
18, 110
6, 110
12, 110
25, 110
32, 110
25, 110
38, 110
13, 110
5, 110
15, 110
26, 110
58, 110
26, 110
5, 110
14, 110
46, 110
5, 110
13, 110
6, 110
19, 110
22, 110
20, 110
54, 110
11, 110
21, 110
4, 110
3, 110
27, 110
46, 110
48, 110
9, 110
9, 110
71, 110
8, 110
9, 110
8, 110
10, 110
38, 110
17, 110
12, 110
28, 110
23, 110
22, 110
11, 110
33, 110
7, 110
21, 110
25, 110
20, 110
29, 110
105, 110
16, 110
50, 110
50, 110
12, 110
16, 110
17, 110
7, 110
7, 110
39, 110
64, 110
33, 110
11, 110
15, 110
7, 110
23, 110
25, 110
43, 110
14, 110
17, 110
10, 110
39, 110
18, 110
27, 110
9, 110
40, 110
15, 110
70, 110
31, 110
11, 110
15, 110
36, 110
6, 110
20, 110
5, 110
68, 110
18, 110
8, 110
5, 110
27, 110
13, 110
36, 110
5, 110
15, 110
28, 110
8, 110
49, 110
7, 110
23, 110
20, 110
8, 110
6, 110
32, 110
7, 110
17, 110
12, 110
32, 110
33, 110
17, 110
9, 110
20, 110
10, 110
19, 110
5, 110
6, 110
8, 110
7, 110
11, 110
14, 110
5, 110
3, 110
8, 110
38, 110
7, 110
8, 110
7, 110
6, 110
4, 110
21, 110
45, 110
15, 110
25, 110
15, 110
50, 110
10, 110
16, 110
14, 110
30, 110
8, 110
12, 110
5, 110
29, 110
54, 110
17, 110
8, 110
6, 110
8, 110
9, 110
27, 110
2, 110
11, 110
25, 110
13, 110
4, 110
23, 110
26, 110
6, 110
45, 110
10, 110
23, 110
48, 110
4, 110
6, 110
30, 110
42, 110
36, 110
7, 110
38, 110
16, 110
3, 110
6, 110
20, 110
6, 110
19, 110
33, 110
11, 110
7, 110
20, 110
59, 110
9, 110
62, 110
40, 110
13, 110
8, 110
22, 110
17, 110
33, 110
5, 110
11, 110
48, 110
6, 110
29, 110
19, 110
14, 110
4, 110
11, 110
28, 110
4, 110
43, 110
30, 110
14, 110
19, 110
10, 110
20, 110
24, 110
3, 110
10, 110
28, 110
33, 110
7, 110
20, 110
2, 110
20, 110
16, 110
18, 110
18, 110
17, 110
12, 110
15, 110
27, 110
13, 110
21, 110
18, 110
17, 110
5, 110
11, 110
38, 110
11, 110
8, 110
15, 110
24, 110
23, 110
16, 110
22, 110
14, 110
6, 110
18, 110
25, 110
10, 110
10, 110
25, 110
7, 110
3, 110
66, 110
39, 110
15, 110
14, 110
8, 110
14, 110
13, 110
47, 110
39, 110
6, 110
66, 110
13, 110
10, 110
5, 110
11, 110
11, 110
11, 110
11, 110
16, 110
4, 110
23, 110
11, 110
13, 110
30, 110
6, 110
65, 110
38, 110
21, 110
11, 110
21, 110
21, 110
9, 110
12, 110
16, 110
1, 110
12, 110
43, 110
82, 110
3, 110
13, 110
23, 110
16, 110
19, 110
52, 110
16, 110
10, 110
0, 110
32, 110
11, 110
13, 110
28, 110
41, 110
26, 110
19, 110
9, 110
47, 110
13, 110
16, 110
7, 110
9, 110
12, 110
7, 110
7, 110
20, 110
85, 110
42, 110
11, 110
5, 110
15, 110
10, 110
38, 110
8, 110
6, 110
36, 110
24, 110
25, 110
40, 110
25, 110
4, 110
3, 110
38, 110
14, 110
45, 110
17, 110
17, 110
12, 110
18, 110
28, 110
9, 110
6, 110
27, 110
6, 110
28, 110
21, 110
5, 110
20, 110
47, 110
28, 110
22, 110
17, 110
18, 110
20, 110
105, 110
17, 110
22, 110
47, 110
3, 110
5, 110
16, 110
20, 110
6, 110
43, 110
55, 110
13, 110
36, 110
49, 110
20, 110
29, 110
35, 110
7, 110
12, 110
17, 110
7, 110
9, 110
19, 110
10, 110
6, 110
15, 110
7, 110
21, 110
12, 110
17, 110
37, 110
33, 110
25, 110
8, 110
63, 110
25, 110
18, 110
13, 110
7, 110
17, 110
37, 110
12, 110
25, 110
16, 110
27, 110
56, 110
10, 110
6, 110
17, 110
19, 110
33, 110
32, 110
34, 110
11, 110
12, 110
12, 110
63, 110
29, 110
12, 110
12, 110
5, 110
9, 110
25, 110
6, 110
27, 110
20, 110
27, 110
26, 110
18, 110
35, 110
18, 110
42, 110
28, 110
6, 110
30, 110
12, 110
30, 110
22, 110
13, 110
7, 110
42, 110
17, 110
9, 110
38, 110
35, 110
24, 110
71, 110
76, 110
8, 110
7, 110
23, 110
45, 110
25, 110
8, 110
22, 110
23, 110
29, 110
22, 110
6, 110
3, 110
13, 110
14, 110
20, 110
10, 110
38, 110
22, 110
10, 110
32, 110
4, 110
55, 110
24, 110
13, 110
44, 110
45, 110
28, 110
39, 110
20, 110
20, 110
9, 110
11, 110
72, 110
41, 110
39, 110
10, 110
22, 110
11, 110
18, 110
27, 110
13, 110
20, 110
7, 110
6, 110
9, 110
23, 110
43, 110
18, 110
33, 110
62, 110
3, 110
14, 110
9, 110
17, 110
9, 110
17, 110
16, 110
7, 110
39, 110
53, 110
57, 110
11, 110
36, 110
10, 110
32, 110
14, 110
17, 110
72, 110
7, 110
18, 110
43, 110
55, 110
35, 110
28, 110
26, 110
59, 110
15, 110
12, 110
18, 110
24, 110
48, 110
24, 110
25, 110
19, 110
19, 110
26, 110
33, 110
25, 110
8, 110
25, 110
21, 110
25, 110
16, 110
32, 110
27, 110
34, 110
33, 110
11, 110
23, 110
14, 110
15, 110
6, 110
9, 110
3, 110
11, 110
16, 110
36, 110
2, 110
21, 110
25, 110
8, 110
17, 110
4, 110
10, 110
26, 110
11, 110
5, 110
18, 110
22, 110
10, 110
14, 110
15, 110
38, 110
12, 110
20, 110
52, 110
7, 110
31, 110
38, 110
40, 110
36, 110
34, 110
10, 110
42, 110
20, 110
6, 110
17, 110
21, 110
21, 110
28, 110
40, 110
86, 110
26, 110
13, 110
11, 110
3, 110
15, 110
43, 110
9, 110
32, 110
18, 110
49, 110
29, 110
7, 110
26, 110
8, 110
36, 110
6, 110
81, 110
94, 110
6, 110
24, 110
30, 110
22, 110
16, 110
20, 110
12, 110
22, 110
20, 110
9, 110
14, 110
51, 110
11, 110
26, 110
21, 110
21, 110
25, 110
25, 110
12, 110
46, 110
16, 110
4, 110
5, 110
10, 110
7, 110
30, 110
31, 110
34, 110
11, 110
15, 110
6, 110
14, 110
18, 110
2, 110
21, 110
79, 110
24, 110
11, 110
36, 110
19, 110
18, 110
24, 110
10, 110
6, 110
6, 110
10, 110
6, 110
76, 110
74, 110
18, 110
48, 110
19, 110
21, 110
12, 110
22, 110
11, 110
7, 110
20, 110
20, 110
38, 110
24, 110
18, 110
5, 110
64, 110
15, 110
17, 110
10, 110
14, 110
22, 110
19, 110
11, 110
10, 110
13, 110
26, 110
14, 110
32, 110
48, 110
11, 110
48, 110
39, 110
20, 110
6, 110
24, 110
8, 110
35, 110
26, 110
37, 110
17, 110
55, 110
23, 110
56, 110
14, 110
21, 110
31, 110
17, 110
6, 110
43, 110
47, 110
40, 110
17, 110
9, 110
13, 110
38, 110
44, 110
35, 110
11, 110
7, 110
32, 110
4, 110
33, 110
14, 110
4, 110
28, 110
90, 110
19, 110
32, 110
6, 110
36, 110
7, 110
15, 110
93, 110
36, 110
20, 110
8, 110
24, 110
14, 110
19, 110
66, 110
11, 110
31, 110
61, 110
42, 110
28, 110
6, 110
29, 110
15, 110
16, 110
5, 110
10, 110
5, 110
11, 110
13, 110
48, 110
14, 110
11, 110
13, 110
32, 110
74, 110
27, 110
47, 110
3, 110
19, 110
13, 110
40, 110
9, 110
25, 110
37, 110
14, 110
4, 110
42, 110
59, 110
14, 110
15, 110
49, 110
21, 110
51, 110
30, 110
30, 110
36, 110
24, 110
4, 110
13, 110
36, 110
19, 110
16, 110
13, 110
7, 110
22, 110
14, 110
37, 110
33, 110
11, 110
3, 110
68, 110
13, 110
31, 110
16, 110
13, 110
7, 110
26, 110
32, 110
22, 110
15, 110
16, 110
38, 110
14, 110
16, 110
14, 110
9, 110
15, 110
9, 110
22, 110
18, 110
9, 110
12, 110
6, 110
30, 110
18, 110
61, 110
17, 110
20, 110
8, 110
20, 110
10, 110
55, 110
72, 110
28, 110
9, 110
13, 110
37, 110
22, 110
29, 110
7, 110
14, 110
34, 110
7, 110
5, 110
23, 110
37, 110
14, 110
51, 110
8, 110
15, 110
18, 110
15, 110
50, 110
9, 110
14, 110
64, 110
52, 110
51, 110
31, 110
31, 110
15, 110
14, 110
21, 110
12, 110
21, 110
6, 110
36, 110
72, 110
51, 110
33, 110
30, 110
16, 110
24, 110
18, 110
26, 110
10, 110
23, 110
9, 110
12, 110
17, 110
9, 110
28, 110
22, 110
14, 110
22, 110
55, 110
18, 110
44, 110
8, 110
28, 110
30, 110
27, 110
42, 110
7, 110
20, 110
23, 110
41, 110
61, 110
38, 110
86, 110
40, 110
44, 110
22, 110
25, 110
15, 110
11, 110
20, 110
5, 110
38, 110
24, 110
12, 110
27, 110
8, 110
3, 110
41, 110
31, 110
8, 110
6, 110
13, 110
28, 110
7, 110
51, 110
13, 110
17, 110
21, 110
29, 110
90, 110
19, 110
15, 110
12, 110
18, 110
28, 110
7, 110
4, 110
17, 110
4, 110
36, 110
26, 110
11, 110
12, 110
45, 110
12, 110
63, 110
38, 110
24, 110
28, 110
16, 110
25, 110
10, 110
28, 110
25, 110
43, 110
14, 110
42, 110
16, 110
25, 110
9, 110
14, 110
20, 110
6, 110
7, 110
13, 110
15, 110
51, 110
14, 110
20, 110
44, 110
22, 110
94, 110
12, 110
29, 110
12, 110
18, 110
15, 110
35, 110
12, 110
37, 110
10, 110
7, 110
42, 110
19, 110
28, 110
20, 110
8, 110
7, 110
16, 110
41, 110
21, 110
21, 110
28, 110
32, 110
23, 110
21, 110
21, 110
7, 110
18, 110
63, 110
12, 110
37, 110
5, 110
57, 110
16, 110
72, 110
23, 110
17, 110
37, 110
62, 110
17, 110
12, 110
22, 110
34, 110
9, 110
32, 110
26, 110
8, 110
14, 110
20, 110
19, 110
8, 110
63, 110
10, 110
23, 110
32, 110
40, 110
17, 110
8, 110
44, 110
22, 110
14, 110
34, 110
18, 110
31, 110
4, 110
13, 110
53, 110
13, 110
8, 110
14, 110
23, 110
42, 110
27, 110
11, 110
26, 110
56, 110
65, 110
19, 110
33, 110
10, 110
3, 110
38, 110
13, 110
21, 110
12, 110
19, 110
52, 110
19, 110
9, 110
8, 110
19, 110
65, 110
13, 110
34, 110
3, 110
54, 110
7, 110
10, 110
14, 110
11, 110
40, 110
8, 110
5, 110
6, 110
3, 110
11, 110
24, 110
75, 110
17, 110
82, 110
5, 110
7, 110
14, 110
67, 110
15, 110
10, 110
9, 110
16, 110
9, 110
10, 110
33, 110
62, 110
21, 110
8, 110
27, 110
7, 110
22, 110
4, 110
28, 110
9, 110
6, 110
10, 110
61, 110
98, 110
12, 110
9, 110
14, 110
7, 110
20, 110
5, 110
74, 110
28, 110
7, 110
32, 110
7, 110
13, 110
51, 110
10, 110
14, 110
20, 110
23, 110
31, 110
18, 110
42, 110
9, 110
15, 110
36, 110
17, 110
37, 110
9, 110
5, 110
24, 110
5, 110
6, 110
68, 110
16, 110
3, 110
10, 110
24, 110
14, 110
33, 110
17, 110
11, 110
16, 110
21, 110
45, 110
18, 110
8, 110
2, 110
9, 110
34, 110
23, 110
19, 110
13, 110
5, 110
14, 110
29, 110
4, 110
10, 110
12, 110
15, 110
24, 110
14, 110
56, 110
9, 110
24, 110
36, 110
30, 110
20, 110
23, 110
8, 110
58, 110
34, 110
6, 110
8, 110
41, 110
29, 110
10, 110
9, 110
45, 110
18, 110
49, 110
12, 110
7, 110
6, 110
15, 110
5, 110
13, 110
29, 110
33, 110
73, 110
65, 110
16, 110
41, 110
35, 110
21, 110
40, 110
10, 110
12, 110
20, 110
24, 110
7, 110
27, 110
17, 110
9, 110
18, 110
18, 110
11, 110
42, 110
20, 110
20, 110
3, 110
11, 110
61, 110
18, 110
11, 110
17, 110
26, 110
6, 110
19, 110
8, 110
19, 110
25, 110
65, 110
10, 110
37, 110
31, 110
7, 110
87, 110
15, 110
12, 110
13, 110
10, 110
31, 110
18, 110
11, 110
25, 110
15, 110
8, 110
60, 110
25, 110
45, 110
25, 110
6, 110
27, 110
17, 110
11, 110
7, 110
5, 110
40, 110
21, 110
17, 110
10, 110
8, 110
43, 110
8, 110
21, 110
28, 110
15, 110
7, 110
42, 110
29, 110
11, 110
25, 110
26, 110
22, 110
52, 110
75, 110
47, 110
121, 121
16, 121
52, 121
62, 121
12, 121
46, 121
2, 121
3, 121
34, 121
32, 121
12, 121
41, 121
28, 121
15, 121
23, 121
36, 121
27, 121
23, 121
7, 121
13, 121
68, 121
98, 121
6, 121
3, 121
13, 121
2, 121
102, 121
5, 121
37, 121
38, 121
29, 121
29, 121
50, 121
36, 121
14, 121
20, 121
26, 121
2, 121
4, 121
13, 121
23, 121
1, 121
50, 121
21, 121
39, 121
31, 121
47, 121
7, 121
60, 121
66, 121
47, 121
7, 121
14, 121
27, 121
105, 121
75, 121
6, 121
17, 121
40, 121
58, 121
35, 121
116, 121
43, 121
36, 121
21, 121
12, 121
27, 121
25, 121
6, 121
42, 121
9, 121
9, 121
44, 121
11, 121
48, 121
13, 121
13, 121
10, 121
10, 121
9, 121
6, 121
6, 121
7, 121
4, 121
11, 121
52, 121
35, 121
34, 121
20, 121
9, 121
28, 121
57, 121
6, 121
22, 121
1, 121
36, 121
10, 121
75, 121
29, 121
49, 121
17, 121
24, 121
7, 121
13, 121
6, 121
38, 121
9, 121
103, 121
19, 121
8, 121
37, 121
14, 121
51, 121
7, 121
29, 121
17, 121
3, 121
7, 121
31, 121
6, 121
8, 121
8, 121
14, 121
7, 121
22, 121
10, 121
68, 121
24, 121
28, 121
77, 121
9, 121
9, 121
10, 121
30, 121
92, 121
53, 121
79, 121
8, 121
12, 121
26, 121
44, 121
100, 121
9, 121
87, 121
4, 121
3, 121
15, 121
40, 121
15, 121
7, 121
29, 121
6, 121
20, 121
32, 121
10, 121
40, 121
33, 121
25, 121
10, 121
9, 121
19, 121
31, 121
12, 121
27, 121
33, 121
22, 121
4, 121
17, 121
92, 121
96, 121
36, 121
5, 121
65, 121
71, 121
34, 121
43, 121
45, 121
11, 121
10, 121
8, 121
51, 121
13, 121
20, 121
16, 121
50, 121
4, 121
31, 121
30, 121
126, 126
6, 126
48, 126
50, 126
32, 126
20, 126
52, 126
35, 126
13, 126
26, 126
29, 126
78, 126
35, 126
48, 126
14, 126
32, 126
18, 126
106, 126
16, 126
20, 126
68, 126
31, 126
7, 126
54, 126
36, 126
36, 126
18, 126
88, 126
59, 126
15, 126
20, 126
45, 126
15, 126
21, 126
18, 126
34, 126
60, 126
55, 126
24, 126
22, 126
14, 126
41, 126
11, 126
35, 126
5, 126
21, 126
14, 126
130, 130
110, 130
75, 130
93, 130
7, 130
11, 130
23, 130
17, 130
19, 130
14, 130
42, 130
103, 130
14, 130
20, 130
95, 130
37, 130
21, 130
63, 130
84, 130
92, 130
29, 130
50, 130
21, 130
19, 130
82, 130
3, 130
46, 130
86, 130
44, 130
21, 130
6, 130
11, 130
79, 130
62, 130
6, 130
41, 130
8, 130
19, 130
13, 130
