#Algorithm: ExpectedSARSA, Speed: 1, Boost: 1, PM: False, Env size: (20, 20), Car size: (5, 4),
#Counter: 100, Nsteps: 1000000, Gamma: 1, LearnRate: 0.01, Eps: 0.5, Epsdecay: 0.9
0, 0
0, 0
1, 1
2, 2
5, 5
2, 5
1, 5
0, 5
2, 5
2, 5
6, 6
2, 6
2, 6
5, 6
0, 6
4, 6
0, 6
1, 6
2, 6
1, 6
5, 6
12, 12
2, 12
2, 12
0, 12
2, 12
0, 12
0, 12
1, 12
0, 12
1, 12
1, 12
0, 12
8, 12
4, 12
0, 12
1, 12
0, 12
1, 12
4, 12
6, 12
3, 12
2, 12
4, 12
10, 12
7, 12
6, 12
1, 12
14, 14
7, 14
0, 14
1, 14
13, 14
2, 14
1, 14
2, 14
0, 14
3, 14
0, 14
9, 14
9, 14
19, 19
17, 19
4, 19
10, 19
1, 19
5, 19
1, 19
15, 19
0, 19
5, 19
1, 19
3, 19
3, 19
2, 19
0, 19
0, 19
0, 19
10, 19
3, 19
2, 19
2, 19
3, 19
5, 19
0, 19
0, 19
6, 19
13, 19
8, 19
7, 19
1, 19
0, 19
0, 19
9, 19
2, 19
8, 19
6, 19
0, 19
17, 19
11, 19
4, 19
2, 19
1, 19
11, 19
8, 19
4, 19
0, 19
3, 19
4, 19
9, 19
1, 19
6, 19
8, 19
6, 19
11, 19
9, 19
2, 19
4, 19
12, 19
2, 19
3, 19
10, 19
1, 19
6, 19
7, 19
9, 19
7, 19
8, 19
3, 19
0, 19
6, 19
10, 19
0, 19
9, 19
5, 19
4, 19
2, 19
5, 19
12, 19
1, 19
2, 19
2, 19
4, 19
3, 19
1, 19
3, 19
2, 19
7, 19
1, 19
2, 19
4, 19
3, 19
6, 19
0, 19
7, 19
9, 19
5, 19
1, 19
8, 19
4, 19
3, 19
0, 19
0, 19
1, 19
3, 19
9, 19
3, 19
8, 19
1, 19
3, 19
3, 19
3, 19
5, 19
1, 19
8, 19
9, 19
6, 19
7, 19
2, 19
5, 19
9, 19
16, 19
12, 19
19, 19
6, 19
12, 19
15, 19
1, 19
4, 19
8, 19
7, 19
8, 19
2, 19
10, 19
11, 19
7, 19
13, 19
10, 19
2, 19
0, 19
2, 19
6, 19
2, 19
4, 19
3, 19
0, 19
0, 19
3, 19
1, 19
0, 19
0, 19
4, 19
3, 19
7, 19
2, 19
6, 19
9, 19
3, 19
0, 19
0, 19
0, 19
0, 19
3, 19
2, 19
3, 19
1, 19
2, 19
6, 19
5, 19
3, 19
3, 19
6, 19
1, 19
13, 19
4, 19
18, 19
9, 19
4, 19
8, 19
3, 19
0, 19
10, 19
12, 19
13, 19
11, 19
18, 19
3, 19
1, 19
2, 19
3, 19
2, 19
0, 19
0, 19
4, 19
4, 19
2, 19
0, 19
5, 19
3, 19
24, 24
8, 24
9, 24
19, 24
11, 24
0, 24
2, 24
4, 24
10, 24
10, 24
2, 24
15, 24
5, 24
19, 24
2, 24
2, 24
9, 24
3, 24
9, 24
1, 24
4, 24
10, 24
21, 24
14, 24
5, 24
9, 24
8, 24
15, 24
6, 24
7, 24
5, 24
11, 24
5, 24
9, 24
3, 24
3, 24
1, 24
1, 24
5, 24
4, 24
6, 24
11, 24
13, 24
5, 24
5, 24
1, 24
3, 24
13, 24
6, 24
2, 24
6, 24
6, 24
10, 24
6, 24
15, 24
4, 24
6, 24
3, 24
0, 24
18, 24
5, 24
5, 24
0, 24
4, 24
1, 24
5, 24
7, 24
18, 24
2, 24
5, 24
3, 24
1, 24
3, 24
5, 24
2, 24
20, 24
4, 24
0, 24
3, 24
9, 24
2, 24
11, 24
0, 24
3, 24
2, 24
1, 24
2, 24
0, 24
0, 24
0, 24
4, 24
8, 24
6, 24
6, 24
4, 24
2, 24
1, 24
1, 24
2, 24
1, 24
26, 26
4, 26
0, 26
0, 26
8, 26
4, 26
4, 26
2, 26
4, 26
2, 26
0, 26
12, 26
3, 26
2, 26
3, 26
1, 26
0, 26
2, 26
5, 26
7, 26
20, 26
11, 26
10, 26
0, 26
9, 26
1, 26
0, 26
3, 26
1, 26
3, 26
1, 26
2, 26
11, 26
4, 26
6, 26
1, 26
3, 26
4, 26
8, 26
0, 26
1, 26
12, 26
18, 26
10, 26
1, 26
10, 26
2, 26
2, 26
0, 26
4, 26
7, 26
16, 26
2, 26
1, 26
6, 26
3, 26
9, 26
10, 26
1, 26
0, 26
5, 26
1, 26
5, 26
7, 26
7, 26
2, 26
8, 26
2, 26
4, 26
2, 26
2, 26
6, 26
6, 26
0, 26
0, 26
8, 26
1, 26
13, 26
8, 26
1, 26
0, 26
9, 26
0, 26
2, 26
5, 26
0, 26
3, 26
3, 26
2, 26
0, 26
0, 26
0, 26
0, 26
4, 26
1, 26
7, 26
2, 26
1, 26
5, 26
6, 26
1, 26
21, 26
2, 26
2, 26
7, 26
3, 26
4, 26
1, 26
8, 26
15, 26
2, 26
6, 26
1, 26
0, 26
1, 26
1, 26
0, 26
2, 26
7, 26
2, 26
2, 26
7, 26
0, 26
10, 26
4, 26
9, 26
6, 26
8, 26
1, 26
3, 26
7, 26
1, 26
10, 26
1, 26
11, 26
9, 26
5, 26
11, 26
9, 26
13, 26
10, 26
0, 26
4, 26
11, 26
8, 26
1, 26
6, 26
6, 26
3, 26
4, 26
3, 26
4, 26
2, 26
1, 26
0, 26
0, 26
2, 26
4, 26
6, 26
5, 26
2, 26
7, 26
11, 26
4, 26
17, 26
4, 26
1, 26
5, 26
4, 26
9, 26
7, 26
3, 26
15, 26
2, 26
4, 26
8, 26
3, 26
6, 26
5, 26
3, 26
8, 26
23, 26
3, 26
5, 26
7, 26
6, 26
5, 26
3, 26
6, 26
7, 26
4, 26
2, 26
10, 26
4, 26
17, 26
4, 26
9, 26
4, 26
2, 26
12, 26
1, 26
4, 26
3, 26
16, 26
1, 26
0, 26
18, 26
22, 26
8, 26
3, 26
7, 26
8, 26
3, 26
3, 26
3, 26
8, 26
3, 26
3, 26
2, 26
3, 26
10, 26
11, 26
3, 26
8, 26
1, 26
6, 26
2, 26
33, 33
8, 33
4, 33
2, 33
2, 33
10, 33
1, 33
7, 33
4, 33
4, 33
8, 33
2, 33
7, 33
11, 33
4, 33
13, 33
23, 33
5, 33
8, 33
3, 33
1, 33
3, 33
17, 33
6, 33
17, 33
4, 33
7, 33
9, 33
5, 33
10, 33
14, 33
13, 33
2, 33
9, 33
8, 33
12, 33
3, 33
1, 33
2, 33
3, 33
7, 33
3, 33
6, 33
1, 33
25, 33
6, 33
8, 33
7, 33
13, 33
3, 33
4, 33
9, 33
1, 33
8, 33
1, 33
22, 33
10, 33
2, 33
0, 33
2, 33
2, 33
6, 33
1, 33
8, 33
3, 33
2, 33
5, 33
3, 33
3, 33
14, 33
8, 33
12, 33
13, 33
13, 33
5, 33
4, 33
5, 33
6, 33
3, 33
6, 33
1, 33
2, 33
5, 33
43, 43
14, 43
3, 43
19, 43
6, 43
12, 43
32, 43
9, 43
14, 43
6, 43
4, 43
2, 43
3, 43
10, 43
7, 43
10, 43
10, 43
34, 43
2, 43
19, 43
3, 43
9, 43
2, 43
1, 43
2, 43
4, 43
4, 43
11, 43
2, 43
20, 43
24, 43
3, 43
2, 43
9, 43
6, 43
10, 43
3, 43
3, 43
20, 43
2, 43
2, 43
7, 43
1, 43
3, 43
19, 43
8, 43
4, 43
2, 43
5, 43
9, 43
4, 43
2, 43
14, 43
4, 43
6, 43
6, 43
9, 43
10, 43
19, 43
5, 43
11, 43
6, 43
4, 43
1, 43
5, 43
10, 43
2, 43
10, 43
10, 43
6, 43
4, 43
30, 43
11, 43
13, 43
2, 43
15, 43
21, 43
12, 43
16, 43
4, 43
3, 43
36, 43
5, 43
16, 43
12, 43
12, 43
22, 43
12, 43
34, 43
23, 43
2, 43
13, 43
3, 43
8, 43
16, 43
2, 43
10, 43
16, 43
7, 43
3, 43
5, 43
5, 43
6, 43
1, 43
6, 43
10, 43
5, 43
18, 43
9, 43
17, 43
5, 43
18, 43
3, 43
12, 43
10, 43
6, 43
3, 43
24, 43
18, 43
2, 43
17, 43
9, 43
10, 43
3, 43
33, 43
2, 43
12, 43
7, 43
7, 43
7, 43
9, 43
7, 43
7, 43
18, 43
10, 43
23, 43
6, 43
17, 43
9, 43
49, 49
10, 49
1, 49
12, 49
5, 49
9, 49
3, 49
4, 49
5, 49
5, 49
4, 49
25, 49
8, 49
5, 49
4, 49
6, 49
6, 49
2, 49
4, 49
5, 49
6, 49
3, 49
3, 49
3, 49
6, 49
11, 49
12, 49
5, 49
1, 49
10, 49
9, 49
6, 49
5, 49
5, 49
27, 49
1, 49
23, 49
5, 49
11, 49
1, 49
1, 49
6, 49
4, 49
2, 49
1, 49
10, 49
2, 49
8, 49
7, 49
10, 49
3, 49
20, 49
5, 49
40, 49
8, 49
24, 49
37, 49
14, 49
13, 49
14, 49
5, 49
6, 49
4, 49
12, 49
12, 49
19, 49
24, 49
6, 49
14, 49
3, 49
2, 49
14, 49
9, 49
3, 49
24, 49
20, 49
10, 49
9, 49
10, 49
23, 49
12, 49
6, 49
9, 49
19, 49
4, 49
25, 49
40, 49
7, 49
2, 49
7, 49
11, 49
1, 49
2, 49
5, 49
13, 49
8, 49
12, 49
3, 49
8, 49
22, 49
24, 49
5, 49
9, 49
8, 49
8, 49
10, 49
4, 49
4, 49
23, 49
12, 49
4, 49
2, 49
17, 49
5, 49
15, 49
6, 49
1, 49
9, 49
5, 49
8, 49
5, 49
2, 49
4, 49
10, 49
13, 49
7, 49
3, 49
16, 49
25, 49
6, 49
7, 49
5, 49
5, 49
14, 49
14, 49
4, 49
6, 49
4, 49
11, 49
16, 49
6, 49
14, 49
0, 49
3, 49
1, 49
5, 49
2, 49
7, 49
5, 49
6, 49
5, 49
2, 49
6, 49
8, 49
15, 49
9, 49
19, 49
6, 49
23, 49
8, 49
10, 49
6, 49
2, 49
2, 49
12, 49
2, 49
6, 49
5, 49
10, 49
3, 49
1, 49
3, 49
38, 49
41, 49
1, 49
6, 49
3, 49
13, 49
8, 49
1, 49
2, 49
7, 49
3, 49
8, 49
8, 49
4, 49
4, 49
1, 49
13, 49
9, 49
8, 49
31, 49
8, 49
12, 49
4, 49
2, 49
6, 49
5, 49
7, 49
11, 49
9, 49
5, 49
5, 49
23, 49
2, 49
2, 49
2, 49
9, 49
7, 49
11, 49
5, 49
10, 49
4, 49
8, 49
4, 49
3, 49
2, 49
16, 49
27, 49
10, 49
6, 49
2, 49
6, 49
19, 49
4, 49
20, 49
1, 49
2, 49
2, 49
7, 49
0, 49
1, 49
11, 49
5, 49
2, 49
5, 49
7, 49
1, 49
1, 49
3, 49
2, 49
8, 49
9, 49
10, 49
9, 49
6, 49
1, 49
7, 49
10, 49
5, 49
4, 49
6, 49
4, 49
3, 49
2, 49
3, 49
9, 49
2, 49
6, 49
10, 49
3, 49
8, 49
3, 49
1, 49
6, 49
4, 49
4, 49
1, 49
4, 49
7, 49
4, 49
10, 49
2, 49
3, 49
9, 49
15, 49
25, 49
4, 49
7, 49
1, 49
5, 49
16, 49
4, 49
1, 49
6, 49
6, 49
3, 49
1, 49
8, 49
5, 49
6, 49
2, 49
12, 49
1, 49
4, 49
0, 49
0, 49
3, 49
3, 49
4, 49
6, 49
0, 49
2, 49
1, 49
11, 49
4, 49
1, 49
8, 49
3, 49
2, 49
3, 49
2, 49
7, 49
11, 49
3, 49
4, 49
14, 49
5, 49
1, 49
11, 49
4, 49
7, 49
2, 49
1, 49
3, 49
3, 49
3, 49
17, 49
9, 49
4, 49
4, 49
8, 49
5, 49
8, 49
3, 49
2, 49
3, 49
0, 49
3, 49
1, 49
3, 49
0, 49
3, 49
7, 49
0, 49
5, 49
5, 49
3, 49
8, 49
4, 49
2, 49
0, 49
10, 49
2, 49
4, 49
3, 49
7, 49
1, 49
1, 49
5, 49
2, 49
8, 49
2, 49
10, 49
3, 49
0, 49
5, 49
7, 49
9, 49
8, 49
11, 49
4, 49
10, 49
2, 49
17, 49
3, 49
5, 49
11, 49
14, 49
1, 49
12, 49
4, 49
1, 49
6, 49
2, 49
6, 49
0, 49
3, 49
12, 49
0, 49
8, 49
10, 49
2, 49
12, 49
4, 49
1, 49
14, 49
9, 49
0, 49
0, 49
11, 49
1, 49
1, 49
3, 49
2, 49
3, 49
0, 49
1, 49
5, 49
3, 49
4, 49
3, 49
13, 49
2, 49
17, 49
1, 49
0, 49
4, 49
1, 49
4, 49
2, 49
1, 49
3, 49
8, 49
17, 49
4, 49
10, 49
8, 49
10, 49
0, 49
1, 49
1, 49
0, 49
7, 49
3, 49
11, 49
5, 49
2, 49
6, 49
9, 49
1, 49
2, 49
9, 49
2, 49
6, 49
5, 49
11, 49
14, 49
12, 49
14, 49
3, 49
5, 49
7, 49
4, 49
3, 49
2, 49
13, 49
13, 49
4, 49
9, 49
4, 49
5, 49
1, 49
14, 49
6, 49
2, 49
9, 49
2, 49
3, 49
2, 49
2, 49
7, 49
5, 49
6, 49
4, 49
2, 49
3, 49
12, 49
7, 49
1, 49
12, 49
3, 49
33, 49
4, 49
6, 49
7, 49
19, 49
30, 49
2, 49
8, 49
9, 49
21, 49
7, 49
8, 49
4, 49
8, 49
13, 49
1, 49
8, 49
7, 49
10, 49
1, 49
4, 49
9, 49
3, 49
15, 49
12, 49
3, 49
6, 49
9, 49
2, 49
1, 49
10, 49
10, 49
4, 49
14, 49
5, 49
7, 49
1, 49
3, 49
2, 49
3, 49
3, 49
2, 49
20, 49
10, 49
30, 49
17, 49
18, 49
7, 49
6, 49
7, 49
5, 49
2, 49
11, 49
13, 49
6, 49
9, 49
8, 49
5, 49
5, 49
10, 49
4, 49
15, 49
6, 49
53, 53
12, 53
10, 53
4, 53
38, 53
3, 53
6, 53
31, 53
14, 53
9, 53
11, 53
5, 53
5, 53
25, 53
2, 53
3, 53
6, 53
10, 53
3, 53
5, 53
6, 53
2, 53
12, 53
15, 53
8, 53
7, 53
4, 53
7, 53
10, 53
21, 53
22, 53
18, 53
4, 53
2, 53
4, 53
6, 53
10, 53
7, 53
9, 53
8, 53
4, 53
11, 53
13, 53
14, 53
14, 53
2, 53
4, 53
6, 53
6, 53
5, 53
8, 53
5, 53
18, 53
6, 53
3, 53
1, 53
12, 53
16, 53
6, 53
4, 53
7, 53
2, 53
5, 53
2, 53
8, 53
3, 53
9, 53
14, 53
2, 53
10, 53
6, 53
4, 53
6, 53
4, 53
4, 53
2, 53
15, 53
1, 53
5, 53
9, 53
4, 53
7, 53
9, 53
14, 53
3, 53
4, 53
9, 53
9, 53
2, 53
7, 53
12, 53
5, 53
5, 53
1, 53
3, 53
12, 53
11, 53
10, 53
6, 53
15, 53
5, 53
3, 53
8, 53
8, 53
5, 53
10, 53
3, 53
11, 53
4, 53
6, 53
21, 53
4, 53
1, 53
17, 53
7, 53
6, 53
9, 53
12, 53
13, 53
13, 53
3, 53
3, 53
6, 53
1, 53
3, 53
4, 53
35, 53
4, 53
1, 53
7, 53
10, 53
2, 53
8, 53
2, 53
2, 53
3, 53
7, 53
5, 53
22, 53
1, 53
2, 53
1, 53
13, 53
11, 53
5, 53
9, 53
1, 53
4, 53
8, 53
5, 53
6, 53
5, 53
7, 53
3, 53
7, 53
2, 53
12, 53
6, 53
1, 53
12, 53
21, 53
3, 53
4, 53
3, 53
18, 53
20, 53
21, 53
11, 53
14, 53
7, 53
10, 53
3, 53
6, 53
3, 53
4, 53
6, 53
9, 53
18, 53
8, 53
12, 53
2, 53
12, 53
5, 53
7, 53
4, 53
28, 53
1, 53
6, 53
23, 53
2, 53
18, 53
8, 53
12, 53
1, 53
6, 53
5, 53
8, 53
8, 53
6, 53
15, 53
3, 53
2, 53
7, 53
18, 53
9, 53
15, 53
3, 53
39, 53
2, 53
7, 53
11, 53
14, 53
23, 53
5, 53
45, 53
12, 53
2, 53
6, 53
6, 53
32, 53
17, 53
31, 53
37, 53
50, 53
11, 53
34, 53
7, 53
3, 53
7, 53
15, 53
7, 53
7, 53
13, 53
49, 53
11, 53
2, 53
4, 53
2, 53
3, 53
4, 53
9, 53
5, 53
4, 53
13, 53
4, 53
4, 53
10, 53
8, 53
10, 53
6, 53
25, 53
3, 53
2, 53
6, 53
5, 53
9, 53
21, 53
1, 53
2, 53
2, 53
2, 53
2, 53
4, 53
4, 53
19, 53
31, 53
25, 53
4, 53
27, 53
2, 53
7, 53
17, 53
9, 53
24, 53
16, 53
1, 53
2, 53
4, 53
4, 53
2, 53
16, 53
7, 53
11, 53
1, 53
5, 53
5, 53
7, 53
11, 53
6, 53
9, 53
2, 53
9, 53
30, 53
9, 53
10, 53
11, 53
3, 53
3, 53
6, 53
12, 53
7, 53
12, 53
44, 53
8, 53
6, 53
3, 53
11, 53
5, 53
3, 53
7, 53
1, 53
3, 53
11, 53
18, 53
3, 53
8, 53
5, 53
19, 53
8, 53
10, 53
12, 53
8, 53
14, 53
9, 53
29, 53
3, 53
6, 53
2, 53
3, 53
3, 53
25, 53
10, 53
7, 53
8, 53
5, 53
7, 53
14, 53
7, 53
6, 53
10, 53
6, 53
16, 53
10, 53
2, 53
12, 53
7, 53
13, 53
6, 53
3, 53
41, 53
8, 53
1, 53
13, 53
6, 53
2, 53
21, 53
10, 53
11, 53
2, 53
5, 53
14, 53
5, 53
3, 53
4, 53
4, 53
8, 53
2, 53
1, 53
2, 53
6, 53
17, 53
4, 53
21, 53
4, 53
6, 53
8, 53
11, 53
4, 53
9, 53
19, 53
6, 53
22, 53
17, 53
3, 53
5, 53
19, 53
7, 53
15, 53
9, 53
15, 53
20, 53
3, 53
1, 53
13, 53
3, 53
1, 53
11, 53
5, 53
1, 53
6, 53
16, 53
4, 53
6, 53
2, 53
2, 53
18, 53
6, 53
5, 53
10, 53
3, 53
3, 53
8, 53
26, 53
9, 53
25, 53
11, 53
4, 53
26, 53
9, 53
15, 53
1, 53
2, 53
12, 53
3, 53
7, 53
25, 53
6, 53
7, 53
7, 53
10, 53
13, 53
19, 53
4, 53
10, 53
3, 53
4, 53
10, 53
11, 53
4, 53
1, 53
4, 53
16, 53
4, 53
17, 53
12, 53
7, 53
17, 53
6, 53
7, 53
4, 53
6, 53
2, 53
1, 53
5, 53
4, 53
12, 53
1, 53
3, 53
22, 53
10, 53
12, 53
10, 53
24, 53
20, 53
5, 53
26, 53
7, 53
1, 53
3, 53
36, 53
5, 53
9, 53
12, 53
2, 53
1, 53
1, 53
5, 53
28, 53
4, 53
8, 53
7, 53
22, 53
7, 53
4, 53
6, 53
4, 53
2, 53
5, 53
11, 53
7, 53
12, 53
2, 53
10, 53
1, 53
3, 53
13, 53
1, 53
4, 53
19, 53
10, 53
9, 53
8, 53
13, 53
5, 53
9, 53
10, 53
3, 53
17, 53
1, 53
6, 53
1, 53
3, 53
22, 53
13, 53
8, 53
8, 53
18, 53
5, 53
7, 53
14, 53
8, 53
7, 53
1, 53
4, 53
3, 53
6, 53
5, 53
2, 53
2, 53
13, 53
1, 53
4, 53
2, 53
26, 53
1, 53
9, 53
51, 53
1, 53
7, 53
6, 53
2, 53
4, 53
12, 53
7, 53
12, 53
10, 53
6, 53
5, 53
1, 53
2, 53
1, 53
11, 53
2, 53
4, 53
11, 53
6, 53
3, 53
9, 53
2, 53
2, 53
1, 53
1, 53
6, 53
7, 53
1, 53
3, 53
4, 53
1, 53
6, 53
7, 53
9, 53
15, 53
15, 53
7, 53
6, 53
27, 53
2, 53
10, 53
7, 53
6, 53
5, 53
1, 53
10, 53
12, 53
3, 53
16, 53
4, 53
3, 53
6, 53
3, 53
3, 53
11, 53
4, 53
8, 53
15, 53
23, 53
3, 53
11, 53
6, 53
1, 53
1, 53
1, 53
3, 53
9, 53
9, 53
6, 53
3, 53
5, 53
30, 53
5, 53
4, 53
32, 53
1, 53
25, 53
6, 53
7, 53
1, 53
10, 53
8, 53
9, 53
3, 53
2, 53
1, 53
4, 53
2, 53
21, 53
45, 53
7, 53
2, 53
26, 53
3, 53
3, 53
11, 53
4, 53
17, 53
2, 53
3, 53
6, 53
14, 53
12, 53
5, 53
1, 53
11, 53
10, 53
1, 53
2, 53
2, 53
8, 53
5, 53
31, 53
6, 53
7, 53
17, 53
1, 53
5, 53
11, 53
1, 53
2, 53
8, 53
7, 53
30, 53
15, 53
10, 53
8, 53
1, 53
3, 53
15, 53
17, 53
1, 53
1, 53
17, 53
5, 53
7, 53
15, 53
8, 53
10, 53
13, 53
4, 53
2, 53
4, 53
4, 53
12, 53
2, 53
5, 53
13, 53
15, 53
11, 53
2, 53
9, 53
1, 53
15, 53
3, 53
8, 53
2, 53
18, 53
25, 53
6, 53
12, 53
9, 53
9, 53
1, 53
3, 53
10, 53
1, 53
23, 53
4, 53
4, 53
12, 53
7, 53
12, 53
3, 53
32, 53
39, 53
1, 53
2, 53
1, 53
7, 53
11, 53
10, 53
8, 53
14, 53
14, 53
5, 53
5, 53
2, 53
2, 53
12, 53
14, 53
5, 53
3, 53
18, 53
4, 53
13, 53
39, 53
4, 53
18, 53
5, 53
6, 53
7, 53
2, 53
7, 53
11, 53
7, 53
9, 53
33, 53
3, 53
4, 53
16, 53
13, 53
6, 53
4, 53
17, 53
22, 53
11, 53
14, 53
6, 53
3, 53
4, 53
11, 53
29, 53
4, 53
7, 53
13, 53
6, 53
23, 53
12, 53
28, 53
5, 53
14, 53
3, 53
9, 53
2, 53
1, 53
2, 53
2, 53
7, 53
7, 53
7, 53
6, 53
11, 53
4, 53
18, 53
40, 53
6, 53
7, 53
3, 53
12, 53
1, 53
5, 53
4, 53
18, 53
3, 53
3, 53
4, 53
10, 53
43, 53
11, 53
29, 53
5, 53
11, 53
8, 53
22, 53
1, 53
5, 53
2, 53
1, 53
3, 53
1, 53
6, 53
3, 53
1, 53
4, 53
12, 53
4, 53
4, 53
7, 53
13, 53
25, 53
3, 53
3, 53
7, 53
27, 53
9, 53
1, 53
17, 53
1, 53
1, 53
7, 53
8, 53
10, 53
4, 53
15, 53
4, 53
1, 53
14, 53
7, 53
7, 53
3, 53
3, 53
9, 53
14, 53
5, 53
1, 53
3, 53
37, 53
1, 53
5, 53
3, 53
25, 53
10, 53
5, 53
2, 53
12, 53
26, 53
10, 53
5, 53
16, 53
17, 53
11, 53
41, 53
4, 53
1, 53
3, 53
19, 53
11, 53
3, 53
5, 53
6, 53
13, 53
13, 53
6, 53
5, 53
4, 53
1, 53
4, 53
1, 53
11, 53
9, 53
9, 53
9, 53
5, 53
15, 53
22, 53
13, 53
13, 53
13, 53
41, 53
11, 53
6, 53
3, 53
6, 53
2, 53
7, 53
1, 53
4, 53
13, 53
9, 53
8, 53
3, 53
3, 53
7, 53
6, 53
2, 53
5, 53
13, 53
4, 53
14, 53
34, 53
1, 53
9, 53
8, 53
6, 53
5, 53
3, 53
1, 53
6, 53
5, 53
17, 53
30, 53
9, 53
4, 53
4, 53
7, 53
10, 53
3, 53
12, 53
4, 53
14, 53
9, 53
2, 53
4, 53
5, 53
5, 53
10, 53
1, 53
9, 53
3, 53
4, 53
10, 53
4, 53
2, 53
1, 53
2, 53
3, 53
6, 53
5, 53
2, 53
15, 53
1, 53
7, 53
22, 53
20, 53
1, 53
13, 53
1, 53
29, 53
7, 53
6, 53
2, 53
1, 53
3, 53
3, 53
5, 53
6, 53
12, 53
5, 53
16, 53
13, 53
2, 53
4, 53
3, 53
3, 53
4, 53
11, 53
1, 53
22, 53
2, 53
1, 53
13, 53
1, 53
7, 53
4, 53
4, 53
23, 53
2, 53
9, 53
7, 53
12, 53
3, 53
4, 53
6, 53
12, 53
15, 53
12, 53
3, 53
9, 53
25, 53
1, 53
2, 53
4, 53
4, 53
4, 53
1, 53
1, 53
26, 53
5, 53
8, 53
11, 53
6, 53
10, 53
5, 53
15, 53
5, 53
2, 53
2, 53
5, 53
9, 53
11, 53
10, 53
4, 53
8, 53
25, 53
13, 53
2, 53
4, 53
10, 53
3, 53
2, 53
19, 53
4, 53
1, 53
5, 53
2, 53
22, 53
2, 53
4, 53
9, 53
10, 53
4, 53
31, 53
7, 53
1, 53
25, 53
9, 53
24, 53
7, 53
2, 53
7, 53
2, 53
4, 53
18, 53
1, 53
12, 53
16, 53
3, 53
16, 53
2, 53
2, 53
1, 53
18, 53
4, 53
1, 53
11, 53
7, 53
5, 53
11, 53
4, 53
8, 53
11, 53
4, 53
10, 53
1, 53
3, 53
11, 53
12, 53
7, 53
4, 53
9, 53
20, 53
2, 53
5, 53
1, 53
6, 53
13, 53
8, 53
3, 53
14, 53
14, 53
4, 53
3, 53
1, 53
4, 53
10, 53
2, 53
2, 53
3, 53
4, 53
9, 53
4, 53
5, 53
3, 53
5, 53
7, 53
2, 53
4, 53
2, 53
13, 53
2, 53
4, 53
5, 53
5, 53
4, 53
18, 53
2, 53
4, 53
2, 53
2, 53
2, 53
5, 53
11, 53
22, 53
3, 53
2, 53
6, 53
4, 53
4, 53
5, 53
14, 53
4, 53
6, 53
18, 53
16, 53
2, 53
9, 53
1, 53
5, 53
4, 53
3, 53
2, 53
3, 53
28, 53
7, 53
5, 53
9, 53
5, 53
10, 53
4, 53
8, 53
15, 53
5, 53
1, 53
7, 53
23, 53
8, 53
2, 53
3, 53
10, 53
9, 53
1, 53
14, 53
7, 53
20, 53
1, 53
11, 53
6, 53
9, 53
2, 53
11, 53
3, 53
2, 53
7, 53
1, 53
1, 53
4, 53
1, 53
27, 53
17, 53
19, 53
2, 53
27, 53
1, 53
3, 53
28, 53
29, 53
1, 53
12, 53
4, 53
4, 53
13, 53
1, 53
30, 53
1, 53
5, 53
20, 53
10, 53
2, 53
21, 53
8, 53
1, 53
23, 53
9, 53
10, 53
2, 53
20, 53
8, 53
9, 53
20, 53
3, 53
36, 53
14, 53
1, 53
5, 53
19, 53
7, 53
14, 53
7, 53
2, 53
5, 53
13, 53
4, 53
8, 53
4, 53
9, 53
11, 53
1, 53
8, 53
19, 53
7, 53
17, 53
16, 53
4, 53
15, 53
7, 53
1, 53
3, 53
1, 53
5, 53
1, 53
5, 53
9, 53
4, 53
2, 53
13, 53
1, 53
4, 53
5, 53
4, 53
9, 53
6, 53
14, 53
7, 53
16, 53
6, 53
7, 53
7, 53
10, 53
2, 53
2, 53
6, 53
5, 53
7, 53
36, 53
5, 53
21, 53
11, 53
3, 53
2, 53
14, 53
1, 53
4, 53
14, 53
13, 53
7, 53
7, 53
11, 53
6, 53
4, 53
2, 53
1, 53
1, 53
18, 53
11, 53
16, 53
1, 53
16, 53
3, 53
5, 53
25, 53
13, 53
2, 53
5, 53
13, 53
6, 53
3, 53
18, 53
13, 53
14, 53
6, 53
5, 53
3, 53
15, 53
2, 53
21, 53
11, 53
13, 53
18, 53
44, 53
8, 53
1, 53
3, 53
16, 53
1, 53
30, 53
6, 53
25, 53
31, 53
13, 53
7, 53
4, 53
2, 53
2, 53
5, 53
1, 53
19, 53
8, 53
16, 53
1, 53
10, 53
3, 53
10, 53
4, 53
17, 53
27, 53
1, 53
20, 53
13, 53
6, 53
1, 53
11, 53
1, 53
4, 53
22, 53
1, 53
13, 53
4, 53
12, 53
4, 53
6, 53
13, 53
2, 53
10, 53
27, 53
28, 53
5, 53
5, 53
23, 53
1, 53
2, 53
6, 53
3, 53
3, 53
1, 53
6, 53
2, 53
3, 53
3, 53
7, 53
4, 53
25, 53
7, 53
1, 53
4, 53
5, 53
3, 53
11, 53
7, 53
18, 53
6, 53
1, 53
1, 53
6, 53
3, 53
2, 53
5, 53
3, 53
7, 53
2, 53
8, 53
1, 53
8, 53
4, 53
14, 53
5, 53
3, 53
3, 53
6, 53
9, 53
4, 53
9, 53
4, 53
1, 53
6, 53
21, 53
10, 53
1, 53
8, 53
8, 53
8, 53
8, 53
3, 53
8, 53
17, 53
2, 53
15, 53
11, 53
14, 53
14, 53
6, 53
3, 53
7, 53
11, 53
9, 53
12, 53
8, 53
11, 53
1, 53
1, 53
6, 53
11, 53
3, 53
5, 53
14, 53
4, 53
12, 53
9, 53
2, 53
2, 53
6, 53
2, 53
4, 53
4, 53
4, 53
3, 53
8, 53
1, 53
4, 53
3, 53
3, 53
3, 53
3, 53
10, 53
24, 53
14, 53
4, 53
10, 53
15, 53
2, 53
15, 53
3, 53
13, 53
18, 53
3, 53
4, 53
1, 53
20, 53
1, 53
2, 53
2, 53
3, 53
3, 53
7, 53
5, 53
7, 53
11, 53
5, 53
3, 53
4, 53
13, 53
63, 63
18, 63
33, 63
2, 63
7, 63
11, 63
8, 63
2, 63
19, 63
5, 63
10, 63
6, 63
21, 63
5, 63
3, 63
8, 63
25, 63
20, 63
6, 63
23, 63
28, 63
4, 63
5, 63
2, 63
6, 63
1, 63
3, 63
20, 63
6, 63
7, 63
1, 63
11, 63
3, 63
15, 63
5, 63
18, 63
50, 63
2, 63
72, 72
15, 72
13, 72
2, 72
28, 72
5, 72
4, 72
1, 72
4, 72
6, 72
4, 72
7, 72
4, 72
1, 72
3, 72
2, 72
2, 72
5, 72
2, 72
11, 72
12, 72
7, 72
4, 72
2, 72
7, 72
20, 72
2, 72
2, 72
7, 72
5, 72
13, 72
1, 72
1, 72
5, 72
1, 72
12, 72
7, 72
1, 72
4, 72
6, 72
19, 72
17, 72
13, 72
12, 72
8, 72
11, 72
5, 72
1, 72
1, 72
2, 72
7, 72
19, 72
1, 72
3, 72
18, 72
46, 72
3, 72
11, 72
1, 72
1, 72
2, 72
7, 72
18, 72
1, 72
3, 72
1, 72
5, 72
11, 72
16, 72
12, 72
4, 72
5, 72
4, 72
27, 72
2, 72
4, 72
3, 72
7, 72
20, 72
9, 72
2, 72
1, 72
5, 72
3, 72
23, 72
9, 72
2, 72
3, 72
5, 72
3, 72
5, 72
4, 72
3, 72
1, 72
10, 72
7, 72
4, 72
9, 72
9, 72
9, 72
5, 72
2, 72
27, 72
6, 72
18, 72
5, 72
5, 72
40, 72
40, 72
12, 72
11, 72
4, 72
12, 72
1, 72
5, 72
6, 72
2, 72
3, 72
11, 72
5, 72
4, 72
4, 72
1, 72
23, 72
20, 72
8, 72
12, 72
10, 72
10, 72
4, 72
11, 72
3, 72
28, 72
7, 72
15, 72
11, 72
10, 72
19, 72
4, 72
7, 72
2, 72
1, 72
9, 72
3, 72
28, 72
3, 72
2, 72
6, 72
11, 72
7, 72
10, 72
6, 72
19, 72
13, 72
9, 72
2, 72
1, 72
6, 72
2, 72
8, 72
11, 72
8, 72
1, 72
5, 72
21, 72
3, 72
2, 72
10, 72
4, 72
6, 72
3, 72
21, 72
4, 72
34, 72
10, 72
1, 72
9, 72
10, 72
4, 72
4, 72
29, 72
14, 72
6, 72
24, 72
4, 72
18, 72
3, 72
32, 72
17, 72
13, 72
2, 72
14, 72
10, 72
1, 72
23, 72
26, 72
20, 72
6, 72
1, 72
3, 72
5, 72
1, 72
24, 72
16, 72
8, 72
6, 72
5, 72
4, 72
3, 72
1, 72
4, 72
2, 72
2, 72
4, 72
2, 72
11, 72
13, 72
13, 72
5, 72
39, 72
3, 72
3, 72
1, 72
7, 72
2, 72
12, 72
4, 72
11, 72
12, 72
8, 72
2, 72
26, 72
4, 72
3, 72
1, 72
3, 72
8, 72
14, 72
4, 72
12, 72
2, 72
6, 72
1, 72
25, 72
8, 72
30, 72
4, 72
17, 72
9, 72
4, 72
7, 72
19, 72
10, 72
2, 72
3, 72
2, 72
4, 72
29, 72
7, 72
5, 72
6, 72
6, 72
4, 72
15, 72
7, 72
2, 72
3, 72
11, 72
19, 72
18, 72
6, 72
1, 72
20, 72
9, 72
16, 72
14, 72
22, 72
9, 72
24, 72
1, 72
10, 72
4, 72
2, 72
4, 72
4, 72
15, 72
9, 72
7, 72
4, 72
7, 72
10, 72
9, 72
2, 72
1, 72
3, 72
2, 72
11, 72
6, 72
20, 72
6, 72
5, 72
3, 72
8, 72
3, 72
4, 72
16, 72
11, 72
2, 72
3, 72
6, 72
2, 72
6, 72
19, 72
1, 72
12, 72
9, 72
5, 72
8, 72
15, 72
2, 72
6, 72
4, 72
14, 72
13, 72
11, 72
8, 72
6, 72
6, 72
43, 72
46, 72
17, 72
7, 72
8, 72
2, 72
20, 72
1, 72
4, 72
5, 72
4, 72
12, 72
7, 72
6, 72
1, 72
3, 72
14, 72
16, 72
22, 72
2, 72
9, 72
9, 72
69, 72
18, 72
2, 72
4, 72
5, 72
18, 72
1, 72
4, 72
8, 72
17, 72
2, 72
6, 72
2, 72
3, 72
5, 72
1, 72
2, 72
4, 72
4, 72
2, 72
2, 72
4, 72
2, 72
5, 72
21, 72
11, 72
10, 72
7, 72
19, 72
10, 72
8, 72
31, 72
3, 72
4, 72
22, 72
9, 72
12, 72
9, 72
1, 72
11, 72
21, 72
3, 72
28, 72
10, 72
16, 72
6, 72
15, 72
19, 72
7, 72
21, 72
20, 72
5, 72
9, 72
13, 72
4, 72
2, 72
21, 72
2, 72
12, 72
3, 72
10, 72
7, 72
4, 72
4, 72
13, 72
3, 72
1, 72
6, 72
3, 72
2, 72
3, 72
16, 72
12, 72
4, 72
6, 72
3, 72
3, 72
4, 72
13, 72
2, 72
6, 72
1, 72
6, 72
1, 72
7, 72
13, 72
4, 72
5, 72
15, 72
2, 72
4, 72
7, 72
9, 72
3, 72
14, 72
8, 72
1, 72
7, 72
7, 72
5, 72
8, 72
6, 72
9, 72
5, 72
3, 72
4, 72
3, 72
3, 72
8, 72
17, 72
6, 72
1, 72
3, 72
4, 72
4, 72
6, 72
2, 72
3, 72
21, 72
6, 72
20, 72
8, 72
10, 72
8, 72
7, 72
15, 72
4, 72
31, 72
7, 72
1, 72
7, 72
10, 72
13, 72
11, 72
12, 72
16, 72
10, 72
34, 72
8, 72
1, 72
6, 72
4, 72
3, 72
1, 72
7, 72
6, 72
3, 72
1, 72
8, 72
8, 72
4, 72
4, 72
6, 72
9, 72
7, 72
4, 72
6, 72
18, 72
3, 72
4, 72
25, 72
1, 72
2, 72
1, 72
3, 72
9, 72
5, 72
11, 72
4, 72
16, 72
8, 72
1, 72
14, 72
2, 72
7, 72
5, 72
5, 72
4, 72
6, 72
30, 72
1, 72
1, 72
6, 72
11, 72
1, 72
11, 72
5, 72
2, 72
5, 72
25, 72
14, 72
1, 72
21, 72
12, 72
3, 72
30, 72
2, 72
17, 72
3, 72
5, 72
15, 72
10, 72
8, 72
7, 72
1, 72
3, 72
10, 72
2, 72
2, 72
13, 72
4, 72
4, 72
15, 72
11, 72
31, 72
4, 72
6, 72
7, 72
12, 72
15, 72
6, 72
11, 72
7, 72
5, 72
3, 72
26, 72
7, 72
34, 72
7, 72
7, 72
11, 72
9, 72
7, 72
3, 72
9, 72
4, 72
31, 72
30, 72
1, 72
14, 72
70, 72
3, 72
1, 72
12, 72
37, 72
15, 72
23, 72
6, 72
12, 72
7, 72
25, 72
1, 72
20, 72
3, 72
3, 72
2, 72
50, 72
12, 72
19, 72
18, 72
1, 72
14, 72
1, 72
7, 72
3, 72
7, 72
2, 72
3, 72
8, 72
13, 72
4, 72
9, 72
3, 72
4, 72
15, 72
14, 72
10, 72
7, 72
8, 72
6, 72
2, 72
1, 72
10, 72
16, 72
4, 72
6, 72
5, 72
8, 72
4, 72
11, 72
17, 72
19, 72
27, 72
7, 72
2, 72
3, 72
3, 72
5, 72
6, 72
2, 72
5, 72
2, 72
12, 72
5, 72
8, 72
10, 72
2, 72
5, 72
31, 72
2, 72
7, 72
3, 72
3, 72
14, 72
11, 72
18, 72
16, 72
8, 72
5, 72
2, 72
12, 72
1, 72
1, 72
7, 72
6, 72
19, 72
16, 72
10, 72
5, 72
1, 72
8, 72
3, 72
6, 72
15, 72
10, 72
10, 72
1, 72
9, 72
16, 72
12, 72
14, 72
15, 72
2, 72
7, 72
20, 72
20, 72
21, 72
14, 72
1, 72
3, 72
1, 72
3, 72
3, 72
6, 72
32, 72
12, 72
6, 72
29, 72
8, 72
5, 72
8, 72
1, 72
4, 72
14, 72
11, 72
2, 72
17, 72
5, 72
5, 72
1, 72
16, 72
10, 72
5, 72
11, 72
11, 72
11, 72
1, 72
3, 72
5, 72
16, 72
5, 72
7, 72
3, 72
19, 72
5, 72
2, 72
2, 72
17, 72
3, 72
3, 72
14, 72
4, 72
5, 72
3, 72
7, 72
8, 72
26, 72
5, 72
18, 72
13, 72
4, 72
4, 72
2, 72
10, 72
11, 72
8, 72
3, 72
21, 72
9, 72
3, 72
8, 72
14, 72
6, 72
1, 72
10, 72
3, 72
13, 72
4, 72
14, 72
8, 72
8, 72
4, 72
2, 72
1, 72
2, 72
9, 72
9, 72
13, 72
3, 72
6, 72
4, 72
14, 72
2, 72
8, 72
4, 72
9, 72
1, 72
11, 72
16, 72
3, 72
5, 72
2, 72
7, 72
2, 72
9, 72
10, 72
7, 72
8, 72
4, 72
8, 72
3, 72
4, 72
7, 72
8, 72
5, 72
15, 72
6, 72
15, 72
4, 72
6, 72
5, 72
5, 72
3, 72
4, 72
9, 72
4, 72
2, 72
23, 72
8, 72
11, 72
15, 72
6, 72
5, 72
24, 72
13, 72
18, 72
3, 72
9, 72
9, 72
5, 72
9, 72
6, 72
37, 72
6, 72
6, 72
5, 72
3, 72
16, 72
9, 72
4, 72
5, 72
8, 72
15, 72
4, 72
7, 72
6, 72
3, 72
5, 72
1, 72
7, 72
4, 72
7, 72
27, 72
5, 72
3, 72
5, 72
1, 72
3, 72
6, 72
5, 72
4, 72
33, 72
5, 72
2, 72
30, 72
28, 72
33, 72
4, 72
10, 72
45, 72
2, 72
20, 72
15, 72
10, 72
2, 72
2, 72
6, 72
3, 72
9, 72
6, 72
2, 72
7, 72
1, 72
4, 72
4, 72
13, 72
5, 72
14, 72
3, 72
4, 72
2, 72
11, 72
3, 72
15, 72
29, 72
2, 72
2, 72
2, 72
5, 72
7, 72
7, 72
29, 72
4, 72
10, 72
18, 72
33, 72
1, 72
34, 72
5, 72
5, 72
2, 72
3, 72
10, 72
35, 72
9, 72
10, 72
1, 72
1, 72
1, 72
6, 72
4, 72
12, 72
4, 72
4, 72
19, 72
3, 72
11, 72
17, 72
4, 72
14, 72
5, 72
1, 72
3, 72
1, 72
18, 72
3, 72
5, 72
11, 72
11, 72
6, 72
6, 72
1, 72
16, 72
1, 72
5, 72
7, 72
16, 72
2, 72
19, 72
13, 72
7, 72
15, 72
15, 72
18, 72
5, 72
2, 72
18, 72
21, 72
8, 72
5, 72
7, 72
25, 72
2, 72
8, 72
5, 72
10, 72
2, 72
2, 72
8, 72
17, 72
16, 72
2, 72
2, 72
1, 72
15, 72
1, 72
17, 72
5, 72
6, 72
24, 72
9, 72
8, 72
3, 72
4, 72
14, 72
2, 72
13, 72
3, 72
3, 72
22, 72
18, 72
17, 72
2, 72
4, 72
20, 72
21, 72
9, 72
4, 72
25, 72
7, 72
2, 72
12, 72
6, 72
10, 72
8, 72
8, 72
1, 72
4, 72
1, 72
1, 72
4, 72
3, 72
10, 72
14, 72
12, 72
4, 72
6, 72
7, 72
4, 72
5, 72
11, 72
2, 72
5, 72
4, 72
7, 72
20, 72
9, 72
7, 72
18, 72
1, 72
1, 72
1, 72
5, 72
13, 72
7, 72
7, 72
4, 72
5, 72
2, 72
9, 72
24, 72
35, 72
4, 72
10, 72
1, 72
4, 72
20, 72
6, 72
4, 72
2, 72
7, 72
17, 72
10, 72
4, 72
8, 72
7, 72
13, 72
4, 72
7, 72
4, 72
12, 72
10, 72
3, 72
5, 72
7, 72
53, 72
13, 72
6, 72
4, 72
20, 72
2, 72
2, 72
11, 72
13, 72
12, 72
3, 72
1, 72
7, 72
6, 72
16, 72
17, 72
4, 72
8, 72
3, 72
3, 72
5, 72
3, 72
13, 72
2, 72
1, 72
6, 72
4, 72
7, 72
1, 72
12, 72
15, 72
4, 72
11, 72
7, 72
13, 72
2, 72
6, 72
7, 72
1, 72
10, 72
33, 72
5, 72
14, 72
7, 72
10, 72
5, 72
17, 72
13, 72
9, 72
2, 72
6, 72
16, 72
4, 72
3, 72
2, 72
7, 72
1, 72
22, 72
8, 72
4, 72
7, 72
15, 72
3, 72
8, 72
10, 72
3, 72
8, 72
6, 72
5, 72
6, 72
8, 72
9, 72
17, 72
25, 72
4, 72
6, 72
24, 72
3, 72
2, 72
8, 72
10, 72
6, 72
9, 72
4, 72
2, 72
1, 72
12, 72
9, 72
18, 72
8, 72
9, 72
6, 72
15, 72
2, 72
2, 72
7, 72
27, 72
1, 72
2, 72
16, 72
6, 72
10, 72
7, 72
7, 72
6, 72
1, 72
16, 72
15, 72
1, 72
5, 72
11, 72
7, 72
12, 72
4, 72
27, 72
2, 72
28, 72
11, 72
20, 72
1, 72
3, 72
13, 72
5, 72
16, 72
15, 72
7, 72
5, 72
40, 72
10, 72
2, 72
23, 72
10, 72
14, 72
1, 72
4, 72
7, 72
12, 72
26, 72
14, 72
9, 72
6, 72
6, 72
1, 72
3, 72
1, 72
2, 72
3, 72
12, 72
15, 72
8, 72
9, 72
6, 72
4, 72
5, 72
8, 72
4, 72
2, 72
7, 72
4, 72
1, 72
1, 72
3, 72
12, 72
2, 72
7, 72
6, 72
12, 72
7, 72
3, 72
7, 72
6, 72
11, 72
3, 72
5, 72
2, 72
3, 72
13, 72
2, 72
28, 72
6, 72
3, 72
16, 72
8, 72
13, 72
2, 72
13, 72
9, 72
7, 72
2, 72
3, 72
3, 72
5, 72
4, 72
4, 72
11, 72
4, 72
1, 72
5, 72
14, 72
1, 72
5, 72
4, 72
3, 72
2, 72
10, 72
19, 72
9, 72
21, 72
3, 72
1, 72
9, 72
8, 72
14, 72
2, 72
5, 72
7, 72
17, 72
3, 72
3, 72
5, 72
9, 72
2, 72
5, 72
12, 72
5, 72
3, 72
9, 72
18, 72
1, 72
10, 72
2, 72
12, 72
5, 72
3, 72
4, 72
2, 72
2, 72
13, 72
6, 72
1, 72
7, 72
6, 72
3, 72
5, 72
13, 72
8, 72
17, 72
4, 72
16, 72
18, 72
15, 72
32, 72
1, 72
5, 72
14, 72
4, 72
4, 72
1, 72
6, 72
5, 72
10, 72
7, 72
30, 72
22, 72
12, 72
6, 72
3, 72
23, 72
8, 72
10, 72
9, 72
6, 72
20, 72
5, 72
18, 72
1, 72
3, 72
14, 72
6, 72
2, 72
1, 72
1, 72
13, 72
7, 72
5, 72
7, 72
5, 72
9, 72
3, 72
14, 72
7, 72
12, 72
6, 72
5, 72
7, 72
3, 72
2, 72
23, 72
5, 72
18, 72
9, 72
2, 72
11, 72
5, 72
18, 72
3, 72
4, 72
1, 72
7, 72
5, 72
13, 72
2, 72
7, 72
16, 72
8, 72
14, 72
6, 72
11, 72
21, 72
29, 72
15, 72
1, 72
19, 72
4, 72
14, 72
20, 72
13, 72
6, 72
13, 72
4, 72
21, 72
8, 72
10, 72
10, 72
12, 72
5, 72
1, 72
3, 72
4, 72
15, 72
5, 72
13, 72
16, 72
2, 72
2, 72
12, 72
18, 72
2, 72
4, 72
1, 72
11, 72
20, 72
1, 72
7, 72
10, 72
4, 72
10, 72
6, 72
2, 72
4, 72
12, 72
3, 72
24, 72
17, 72
12, 72
1, 72
2, 72
4, 72
10, 72
13, 72
7, 72
5, 72
6, 72
6, 72
1, 72
1, 72
8, 72
18, 72
1, 72
8, 72
11, 72
2, 72
3, 72
13, 72
3, 72
1, 72
2, 72
1, 72
5, 72
4, 72
2, 72
6, 72
3, 72
1, 72
4, 72
3, 72
9, 72
12, 72
1, 72
24, 72
10, 72
8, 72
4, 72
5, 72
5, 72
6, 72
10, 72
3, 72
1, 72
5, 72
9, 72
19, 72
16, 72
3, 72
6, 72
11, 72
23, 72
5, 72
7, 72
12, 72
5, 72
3, 72
9, 72
6, 72
15, 72
3, 72
5, 72
9, 72
1, 72
1, 72
8, 72
9, 72
5, 72
8, 72
18, 72
5, 72
3, 72
5, 72
3, 72
9, 72
4, 72
4, 72
7, 72
13, 72
7, 72
19, 72
6, 72
7, 72
8, 72
15, 72
6, 72
4, 72
1, 72
6, 72
5, 72
12, 72
3, 72
9, 72
6, 72
4, 72
7, 72
18, 72
10, 72
3, 72
5, 72
14, 72
12, 72
1, 72
8, 72
2, 72
32, 72
10, 72
6, 72
8, 72
3, 72
1, 72
1, 72
27, 72
12, 72
2, 72
6, 72
10, 72
24, 72
15, 72
14, 72
16, 72
13, 72
20, 72
2, 72
4, 72
21, 72
17, 72
8, 72
31, 72
10, 72
1, 72
1, 72
8, 72
7, 72
8, 72
5, 72
21, 72
3, 72
18, 72
7, 72
3, 72
1, 72
1, 72
17, 72
2, 72
0, 72
0, 72
1, 72
0, 72
2, 72
2, 72
1, 72
11, 72
5, 72
4, 72
1, 72
2, 72
5, 72
1, 72
20, 72
9, 72
1, 72
2, 72
4, 72
24, 72
1, 72
4, 72
10, 72
11, 72
16, 72
6, 72
5, 72
14, 72
7, 72
3, 72
4, 72
14, 72
5, 72
17, 72
17, 72
10, 72
23, 72
14, 72
21, 72
1, 72
2, 72
4, 72
5, 72
11, 72
18, 72
9, 72
8, 72
12, 72
4, 72
8, 72
27, 72
4, 72
5, 72
7, 72
2, 72
2, 72
7, 72
6, 72
7, 72
5, 72
4, 72
3, 72
9, 72
1, 72
11, 72
3, 72
2, 72
2, 72
13, 72
11, 72
2, 72
1, 72
1, 72
4, 72
3, 72
3, 72
8, 72
9, 72
3, 72
6, 72
7, 72
5, 72
1, 72
4, 72
15, 72
11, 72
18, 72
3, 72
3, 72
50, 72
20, 72
28, 72
8, 72
10, 72
6, 72
12, 72
2, 72
5, 72
4, 72
4, 72
1, 72
1, 72
25, 72
2, 72
4, 72
10, 72
14, 72
7, 72
2, 72
6, 72
1, 72
2, 72
7, 72
3, 72
11, 72
4, 72
5, 72
10, 72
7, 72
6, 72
2, 72
25, 72
2, 72
7, 72
5, 72
3, 72
6, 72
21, 72
3, 72
5, 72
30, 72
7, 72
2, 72
1, 72
4, 72
6, 72
2, 72
4, 72
9, 72
15, 72
3, 72
4, 72
2, 72
1, 72
5, 72
15, 72
7, 72
2, 72
5, 72
16, 72
8, 72
13, 72
4, 72
20, 72
5, 72
12, 72
19, 72
3, 72
6, 72
24, 72
3, 72
23, 72
10, 72
4, 72
1, 72
10, 72
11, 72
17, 72
4, 72
4, 72
2, 72
4, 72
3, 72
8, 72
5, 72
24, 72
4, 72
19, 72
14, 72
5, 72
4, 72
5, 72
7, 72
2, 72
14, 72
2, 72
5, 72
26, 72
9, 72
4, 72
2, 72
6, 72
2, 72
9, 72
17, 72
40, 72
17, 72
2, 72
3, 72
6, 72
3, 72
44, 72
10, 72
10, 72
1, 72
3, 72
3, 72
3, 72
4, 72
3, 72
5, 72
10, 72
3, 72
3, 72
2, 72
8, 72
2, 72
1, 72
19, 72
3, 72
10, 72
12, 72
8, 72
4, 72
14, 72
14, 72
21, 72
11, 72
1, 72
20, 72
3, 72
9, 72
6, 72
11, 72
4, 72
1, 72
6, 72
1, 72
6, 72
1, 72
0, 72
4, 72
7, 72
4, 72
17, 72
7, 72
8, 72
1, 72
1, 72
7, 72
3, 72
12, 72
19, 72
8, 72
3, 72
5, 72
1, 72
6, 72
7, 72
12, 72
6, 72
1, 72
2, 72
3, 72
7, 72
4, 72
3, 72
5, 72
7, 72
8, 72
4, 72
4, 72
3, 72
19, 72
5, 72
2, 72
3, 72
3, 72
1, 72
1, 72
3, 72
3, 72
4, 72
11, 72
14, 72
21, 72
8, 72
6, 72
7, 72
2, 72
16, 72
1, 72
9, 72
12, 72
8, 72
30, 72
14, 72
2, 72
15, 72
6, 72
1, 72
1, 72
4, 72
8, 72
5, 72
8, 72
7, 72
4, 72
3, 72
5, 72
5, 72
2, 72
11, 72
1, 72
10, 72
10, 72
3, 72
13, 72
3, 72
7, 72
1, 72
23, 72
1, 72
4, 72
12, 72
1, 72
4, 72
1, 72
6, 72
8, 72
1, 72
8, 72
19, 72
6, 72
22, 72
10, 72
22, 72
8, 72
4, 72
30, 72
5, 72
1, 72
11, 72
3, 72
2, 72
8, 72
1, 72
5, 72
12, 72
6, 72
5, 72
6, 72
1, 72
4, 72
11, 72
2, 72
1, 72
6, 72
7, 72
24, 72
8, 72
5, 72
17, 72
11, 72
18, 72
2, 72
19, 72
12, 72
3, 72
3, 72
6, 72
16, 72
16, 72
1, 72
2, 72
20, 72
5, 72
8, 72
1, 72
3, 72
13, 72
13, 72
15, 72
6, 72
25, 72
19, 72
2, 72
21, 72
15, 72
6, 72
9, 72
12, 72
3, 72
8, 72
9, 72
35, 72
2, 72
12, 72
17, 72
6, 72
1, 72
2, 72
2, 72
3, 72
5, 72
19, 72
13, 72
11, 72
7, 72
1, 72
12, 72
13, 72
4, 72
11, 72
12, 72
4, 72
20, 72
4, 72
22, 72
6, 72
1, 72
4, 72
31, 72
11, 72
12, 72
7, 72
15, 72
5, 72
15, 72
2, 72
2, 72
1, 72
3, 72
2, 72
7, 72
7, 72
13, 72
3, 72
6, 72
24, 72
5, 72
28, 72
3, 72
5, 72
13, 72
4, 72
3, 72
24, 72
15, 72
3, 72
10, 72
8, 72
19, 72
1, 72
5, 72
14, 72
17, 72
6, 72
2, 72
2, 72
4, 72
5, 72
6, 72
8, 72
15, 72
5, 72
1, 72
1, 72
3, 72
2, 72
7, 72
6, 72
15, 72
22, 72
19, 72
9, 72
3, 72
3, 72
3, 72
2, 72
2, 72
3, 72
5, 72
10, 72
6, 72
4, 72
5, 72
12, 72
16, 72
5, 72
19, 72
5, 72
3, 72
11, 72
3, 72
5, 72
12, 72
1, 72
11, 72
10, 72
6, 72
25, 72
5, 72
6, 72
1, 72
9, 72
6, 72
3, 72
10, 72
1, 72
14, 72
10, 72
9, 72
2, 72
6, 72
2, 72
9, 72
6, 72
4, 72
10, 72
10, 72
10, 72
13, 72
15, 72
3, 72
8, 72
8, 72
23, 72
16, 72
12, 72
11, 72
4, 72
5, 72
1, 72
7, 72
5, 72
16, 72
13, 72
28, 72
10, 72
14, 72
10, 72
13, 72
23, 72
5, 72
7, 72
3, 72
6, 72
17, 72
6, 72
1, 72
4, 72
36, 72
13, 72
2, 72
3, 72
18, 72
3, 72
5, 72
17, 72
1, 72
35, 72
5, 72
3, 72
9, 72
4, 72
12, 72
6, 72
6, 72
3, 72
2, 72
5, 72
3, 72
4, 72
5, 72
1, 72
7, 72
2, 72
21, 72
54, 72
4, 72
7, 72
5, 72
6, 72
19, 72
9, 72
11, 72
2, 72
4, 72
17, 72
26, 72
10, 72
3, 72
8, 72
3, 72
16, 72
14, 72
9, 72
7, 72
1, 72
1, 72
7, 72
7, 72
1, 72
4, 72
1, 72
8, 72
22, 72
38, 72
19, 72
14, 72
4, 72
4, 72
2, 72
4, 72
3, 72
7, 72
4, 72
13, 72
13, 72
2, 72
9, 72
3, 72
5, 72
5, 72
1, 72
3, 72
7, 72
3, 72
18, 72
5, 72
15, 72
15, 72
11, 72
2, 72
10, 72
6, 72
6, 72
2, 72
17, 72
5, 72
7, 72
14, 72
8, 72
9, 72
0, 72
2, 72
9, 72
12, 72
9, 72
7, 72
6, 72
10, 72
4, 72
11, 72
1, 72
5, 72
0, 72
0, 72
1, 72
1, 72
11, 72
5, 72
11, 72
1, 72
12, 72
10, 72
19, 72
3, 72
11, 72
1, 72
16, 72
1, 72
18, 72
4, 72
6, 72
11, 72
12, 72
2, 72
18, 72
10, 72
4, 72
5, 72
3, 72
9, 72
11, 72
2, 72
33, 72
3, 72
11, 72
12, 72
0, 72
17, 72
23, 72
9, 72
6, 72
10, 72
7, 72
2, 72
8, 72
11, 72
3, 72
1, 72
20, 72
1, 72
17, 72
7, 72
5, 72
5, 72
7, 72
7, 72
2, 72
5, 72
4, 72
3, 72
15, 72
4, 72
5, 72
1, 72
34, 72
8, 72
2, 72
1, 72
8, 72
8, 72
10, 72
6, 72
23, 72
2, 72
4, 72
13, 72
0, 72
2, 72
3, 72
3, 72
2, 72
9, 72
4, 72
0, 72
15, 72
3, 72
3, 72
6, 72
15, 72
2, 72
2, 72
3, 72
3, 72
10, 72
4, 72
1, 72
6, 72
16, 72
4, 72
6, 72
6, 72
14, 72
9, 72
10, 72
4, 72
5, 72
18, 72
16, 72
10, 72
2, 72
1, 72
9, 72
10, 72
19, 72
9, 72
9, 72
11, 72
10, 72
12, 72
16, 72
2, 72
4, 72
12, 72
23, 72
11, 72
14, 72
36, 72
15, 72
2, 72
17, 72
26, 72
1, 72
43, 72
18, 72
7, 72
27, 72
3, 72
2, 72
6, 72
14, 72
9, 72
7, 72
9, 72
6, 72
2, 72
4, 72
9, 72
1, 72
7, 72
2, 72
25, 72
2, 72
10, 72
7, 72
2, 72
3, 72
8, 72
7, 72
16, 72
6, 72
20, 72
5, 72
15, 72
8, 72
11, 72
5, 72
10, 72
7, 72
17, 72
7, 72
17, 72
8, 72
28, 72
18, 72
3, 72
3, 72
13, 72
6, 72
10, 72
10, 72
22, 72
1, 72
9, 72
6, 72
11, 72
1, 72
6, 72
1, 72
30, 72
10, 72
9, 72
4, 72
5, 72
16, 72
9, 72
2, 72
15, 72
37, 72
2, 72
30, 72
0, 72
2, 72
3, 72
4, 72
3, 72
15, 72
3, 72
19, 72
6, 72
23, 72
3, 72
4, 72
12, 72
12, 72
1, 72
4, 72
10, 72
7, 72
24, 72
23, 72
8, 72
4, 72
6, 72
21, 72
23, 72
12, 72
1, 72
10, 72
3, 72
4, 72
2, 72
22, 72
1, 72
24, 72
17, 72
18, 72
4, 72
13, 72
5, 72
7, 72
14, 72
10, 72
3, 72
0, 72
6, 72
9, 72
2, 72
5, 72
8, 72
6, 72
4, 72
0, 72
15, 72
7, 72
9, 72
0, 72
4, 72
35, 72
2, 72
47, 72
15, 72
11, 72
2, 72
13, 72
5, 72
4, 72
3, 72
3, 72
9, 72
10, 72
2, 72
5, 72
5, 72
9, 72
1, 72
0, 72
4, 72
20, 72
0, 72
0, 72
7, 72
5, 72
19, 72
7, 72
2, 72
10, 72
7, 72
9, 72
4, 72
35, 72
2, 72
1, 72
2, 72
4, 72
2, 72
0, 72
13, 72
15, 72
17, 72
11, 72
37, 72
11, 72
8, 72
21, 72
9, 72
4, 72
12, 72
11, 72
9, 72
14, 72
31, 72
5, 72
9, 72
6, 72
5, 72
9, 72
6, 72
13, 72
14, 72
1, 72
16, 72
9, 72
5, 72
14, 72
16, 72
8, 72
12, 72
7, 72
12, 72
16, 72
1, 72
8, 72
6, 72
3, 72
1, 72
11, 72
5, 72
5, 72
9, 72
1, 72
19, 72
4, 72
9, 72
9, 72
4, 72
56, 72
18, 72
26, 72
1, 72
1, 72
15, 72
14, 72
9, 72
2, 72
8, 72
4, 72
6, 72
17, 72
1, 72
2, 72
5, 72
5, 72
3, 72
18, 72
1, 72
11, 72
2, 72
5, 72
2, 72
0, 72
4, 72
2, 72
11, 72
2, 72
17, 72
3, 72
5, 72
26, 72
4, 72
2, 72
17, 72
30, 72
1, 72
1, 72
16, 72
1, 72
3, 72
49, 72
12, 72
17, 72
5, 72
10, 72
29, 72
18, 72
17, 72
27, 72
2, 72
14, 72
9, 72
6, 72
3, 72
6, 72
31, 72
17, 72
6, 72
25, 72
6, 72
20, 72
16, 72
5, 72
2, 72
3, 72
3, 72
10, 72
33, 72
16, 72
2, 72
12, 72
14, 72
23, 72
12, 72
4, 72
7, 72
8, 72
38, 72
22, 72
9, 72
11, 72
6, 72
9, 72
13, 72
8, 72
10, 72
2, 72
10, 72
3, 72
7, 72
3, 72
14, 72
4, 72
2, 72
10, 72
2, 72
6, 72
25, 72
7, 72
3, 72
4, 72
5, 72
11, 72
19, 72
3, 72
21, 72
7, 72
4, 72
4, 72
8, 72
23, 72
10, 72
17, 72
9, 72
8, 72
5, 72
9, 72
48, 72
1, 72
9, 72
2, 72
1, 72
14, 72
10, 72
9, 72
8, 72
1, 72
1, 72
1, 72
9, 72
11, 72
4, 72
21, 72
4, 72
1, 72
14, 72
6, 72
10, 72
5, 72
3, 72
14, 72
4, 72
4, 72
5, 72
5, 72
35, 72
30, 72
4, 72
2, 72
17, 72
26, 72
12, 72
38, 72
10, 72
13, 72
10, 72
8, 72
61, 72
3, 72
9, 72
5, 72
16, 72
5, 72
11, 72
4, 72
10, 72
22, 72
27, 72
3, 72
1, 72
3, 72
2, 72
7, 72
15, 72
21, 72
1, 72
8, 72
3, 72
4, 72
3, 72
1, 72
6, 72
1, 72
9, 72
2, 72
0, 72
12, 72
1, 72
7, 72
4, 72
2, 72
1, 72
10, 72
8, 72
12, 72
40, 72
25, 72
12, 72
2, 72
2, 72
5, 72
9, 72
3, 72
2, 72
3, 72
5, 72
24, 72
44, 72
10, 72
8, 72
17, 72
3, 72
3, 72
5, 72
8, 72
1, 72
2, 72
43, 72
7, 72
1, 72
5, 72
5, 72
5, 72
2, 72
4, 72
7, 72
20, 72
6, 72
5, 72
14, 72
16, 72
8, 72
29, 72
8, 72
5, 72
7, 72
19, 72
2, 72
2, 72
1, 72
15, 72
1, 72
2, 72
3, 72
0, 72
4, 72
4, 72
1, 72
3, 72
2, 72
5, 72
1, 72
8, 72
6, 72
9, 72
3, 72
11, 72
13, 72
4, 72
1, 72
9, 72
2, 72
0, 72
5, 72
3, 72
2, 72
5, 72
6, 72
9, 72
13, 72
0, 72
2, 72
2, 72
1, 72
2, 72
9, 72
2, 72
4, 72
1, 72
8, 72
1, 72
2, 72
1, 72
4, 72
8, 72
2, 72
8, 72
49, 72
10, 72
2, 72
3, 72
1, 72
35, 72
18, 72
7, 72
4, 72
19, 72
11, 72
2, 72
3, 72
5, 72
4, 72
0, 72
4, 72
7, 72
1, 72
13, 72
