#Algorithm: ExpectedSARSA, Speed: 1, Boost: 1, PM: False, Env size: (20, 20), Car size: (5, 4),
#Counter: 10000000, Nsteps: 1000000, Gamma: 1, LearnRate: 0.01, Eps: 0.5, Epsdecay: 0.9
3, 3
2, 3
0, 3
1, 3
0, 3
0, 3
6, 6
5, 6
3, 6
9, 9
4, 9
7, 9
2, 9
1, 9
0, 9
5, 9
2, 9
4, 9
1, 9
0, 9
4, 9
4, 9
5, 9
7, 9
5, 9
6, 9
2, 9
2, 9
2, 9
3, 9
15, 15
1, 15
0, 15
2, 15
0, 15
1, 15
10, 15
1, 15
3, 15
4, 15
2, 15
0, 15
2, 15
2, 15
6, 15
2, 15
5, 15
3, 15
6, 15
5, 15
5, 15
24, 24
7, 24
7, 24
10, 24
5, 24
7, 24
4, 24
7, 24
7, 24
1, 24
0, 24
3, 24
5, 24
13, 24
0, 24
3, 24
6, 24
2, 24
1, 24
7, 24
9, 24
0, 24
1, 24
7, 24
3, 24
15, 24
1, 24
0, 24
1, 24
3, 24
7, 24
2, 24
1, 24
5, 24
3, 24
7, 24
5, 24
12, 24
6, 24
0, 24
1, 24
1, 24
1, 24
30, 30
0, 30
1, 30
8, 30
7, 30
6, 30
7, 30
2, 30
13, 30
30, 30
9, 30
4, 30
8, 30
9, 30
12, 30
2, 30
3, 30
1, 30
4, 30
14, 30
2, 30
0, 30
3, 30
9, 30
0, 30
9, 30
0, 30
36, 36
2, 36
4, 36
1, 36
4, 36
17, 36
27, 36
18, 36
9, 36
13, 36
1, 36
7, 36
0, 36
0, 36
0, 36
9, 36
3, 36
8, 36
9, 36
22, 36
6, 36
7, 36
15, 36
22, 36
16, 36
13, 36
1, 36
3, 36
6, 36
15, 36
31, 36
3, 36
3, 36
19, 36
16, 36
8, 36
6, 36
5, 36
4, 36
22, 36
10, 36
10, 36
15, 36
27, 36
6, 36
33, 36
3, 36
9, 36
9, 36
7, 36
3, 36
6, 36
8, 36
26, 36
2, 36
21, 36
22, 36
4, 36
12, 36
10, 36
2, 36
5, 36
3, 36
17, 36
5, 36
21, 36
18, 36
2, 36
20, 36
1, 36
2, 36
14, 36
23, 36
7, 36
12, 36
2, 36
35, 36
33, 36
11, 36
3, 36
10, 36
15, 36
20, 36
17, 36
30, 36
9, 36
27, 36
21, 36
18, 36
7, 36
16, 36
25, 36
5, 36
11, 36
7, 36
6, 36
9, 36
13, 36
6, 36
20, 36
0, 36
5, 36
6, 36
11, 36
17, 36
2, 36
1, 36
13, 36
15, 36
3, 36
1, 36
2, 36
10, 36
5, 36
4, 36
7, 36
1, 36
1, 36
5, 36
14, 36
12, 36
2, 36
5, 36
4, 36
3, 36
1, 36
1, 36
0, 36
3, 36
0, 36
0, 36
0, 36
2, 36
1, 36
26, 36
5, 36
30, 36
7, 36
4, 36
23, 36
11, 36
0, 36
13, 36
7, 36
10, 36
22, 36
14, 36
2, 36
26, 36
25, 36
38, 38
18, 38
12, 38
7, 38
7, 38
3, 38
2, 38
9, 38
23, 38
3, 38
0, 38
0, 38
0, 38
0, 38
22, 38
9, 38
26, 38
9, 38
9, 38
8, 38
23, 38
15, 38
8, 38
4, 38
34, 38
13, 38
19, 38
6, 38
3, 38
8, 38
6, 38
2, 38
5, 38
24, 38
12, 38
20, 38
3, 38
16, 38
12, 38
3, 38
3, 38
12, 38
0, 38
4, 38
1, 38
1, 38
0, 38
2, 38
16, 38
1, 38
9, 38
5, 38
12, 38
5, 38
10, 38
4, 38
2, 38
2, 38
1, 38
2, 38
4, 38
10, 38
4, 38
5, 38
7, 38
3, 38
9, 38
16, 38
18, 38
20, 38
4, 38
7, 38
17, 38
3, 38
3, 38
7, 38
1, 38
4, 38
3, 38
0, 38
0, 38
4, 38
6, 38
10, 38
0, 38
4, 38
6, 38
7, 38
12, 38
2, 38
24, 38
1, 38
5, 38
3, 38
9, 38
5, 38
2, 38
8, 38
0, 38
14, 38
8, 38
0, 38
5, 38
4, 38
1, 38
7, 38
11, 38
5, 38
2, 38
16, 38
6, 38
9, 38
29, 38
14, 38
6, 38
10, 38
5, 38
1, 38
0, 38
5, 38
2, 38
16, 38
3, 38
4, 38
12, 38
11, 38
22, 38
5, 38
0, 38
4, 38
8, 38
3, 38
1, 38
4, 38
18, 38
4, 38
9, 38
5, 38
6, 38
12, 38
10, 38
8, 38
11, 38
1, 38
4, 38
4, 38
5, 38
2, 38
8, 38
5, 38
2, 38
3, 38
10, 38
2, 38
3, 38
4, 38
18, 38
3, 38
5, 38
6, 38
8, 38
4, 38
2, 38
6, 38
10, 38
2, 38
8, 38
3, 38
6, 38
2, 38
10, 38
7, 38
2, 38
1, 38
11, 38
5, 38
6, 38
6, 38
6, 38
4, 38
5, 38
4, 38
5, 38
9, 38
3, 38
8, 38
3, 38
7, 38
11, 38
2, 38
12, 38
9, 38
2, 38
6, 38
4, 38
1, 38
6, 38
2, 38
5, 38
18, 38
9, 38
8, 38
6, 38
3, 38
2, 38
4, 38
6, 38
2, 38
4, 38
8, 38
3, 38
15, 38
1, 38
2, 38
2, 38
10, 38
4, 38
7, 38
3, 38
2, 38
6, 38
7, 38
9, 38
4, 38
4, 38
10, 38
9, 38
4, 38
9, 38
5, 38
5, 38
5, 38
5, 38
2, 38
3, 38
2, 38
3, 38
11, 38
5, 38
2, 38
1, 38
11, 38
3, 38
15, 38
4, 38
5, 38
11, 38
6, 38
5, 38
7, 38
13, 38
2, 38
4, 38
3, 38
3, 38
3, 38
9, 38
9, 38
9, 38
5, 38
13, 38
3, 38
4, 38
2, 38
9, 38
4, 38
7, 38
1, 38
7, 38
8, 38
2, 38
5, 38
2, 38
8, 38
12, 38
4, 38
23, 38
6, 38
5, 38
3, 38
2, 38
5, 38
1, 38
2, 38
5, 38
5, 38
14, 38
7, 38
10, 38
3, 38
14, 38
1, 38
6, 38
2, 38
5, 38
5, 38
5, 38
3, 38
7, 38
4, 38
9, 38
13, 38
22, 38
18, 38
2, 38
3, 38
1, 38
3, 38
15, 38
4, 38
8, 38
10, 38
4, 38
6, 38
17, 38
3, 38
6, 38
10, 38
3, 38
9, 38
4, 38
7, 38
5, 38
1, 38
3, 38
1, 38
12, 38
5, 38
3, 38
8, 38
4, 38
8, 38
11, 38
2, 38
9, 38
9, 38
2, 38
6, 38
2, 38
5, 38
11, 38
6, 38
2, 38
1, 38
3, 38
4, 38
1, 38
6, 38
5, 38
10, 38
3, 38
13, 38
7, 38
4, 38
5, 38
6, 38
13, 38
8, 38
12, 38
7, 38
24, 38
2, 38
9, 38
7, 38
16, 38
11, 38
1, 38
7, 38
10, 38
9, 38
3, 38
10, 38
1, 38
3, 38
8, 38
6, 38
4, 38
5, 38
5, 38
2, 38
7, 38
6, 38
5, 38
10, 38
2, 38
13, 38
16, 38
2, 38
11, 38
10, 38
11, 38
3, 38
1, 38
5, 38
7, 38
4, 38
17, 38
5, 38
8, 38
7, 38
10, 38
8, 38
6, 38
3, 38
12, 38
1, 38
9, 38
14, 38
8, 38
7, 38
2, 38
5, 38
7, 38
4, 38
1, 38
6, 38
2, 38
13, 38
8, 38
6, 38
11, 38
8, 38
6, 38
5, 38
4, 38
5, 38
2, 38
4, 38
2, 38
11, 38
3, 38
4, 38
13, 38
6, 38
6, 38
2, 38
7, 38
4, 38
6, 38
5, 38
12, 38
3, 38
10, 38
19, 38
2, 38
14, 38
5, 38
6, 38
11, 38
3, 38
12, 38
2, 38
9, 38
4, 38
8, 38
5, 38
2, 38
7, 38
0, 38
8, 38
0, 38
7, 38
1, 38
2, 38
3, 38
4, 38
5, 38
2, 38
10, 38
4, 38
3, 38
2, 38
2, 38
10, 38
4, 38
9, 38
7, 38
7, 38
3, 38
2, 38
4, 38
6, 38
4, 38
4, 38
4, 38
8, 38
4, 38
4, 38
4, 38
2, 38
4, 38
5, 38
3, 38
3, 38
3, 38
1, 38
9, 38
8, 38
5, 38
8, 38
6, 38
7, 38
3, 38
3, 38
11, 38
1, 38
5, 38
20, 38
3, 38
7, 38
3, 38
1, 38
7, 38
6, 38
4, 38
7, 38
2, 38
7, 38
5, 38
1, 38
4, 38
5, 38
3, 38
5, 38
11, 38
7, 38
2, 38
5, 38
9, 38
2, 38
3, 38
8, 38
4, 38
7, 38
4, 38
6, 38
5, 38
4, 38
8, 38
11, 38
2, 38
7, 38
5, 38
6, 38
1, 38
6, 38
8, 38
0, 38
2, 38
4, 38
12, 38
7, 38
5, 38
8, 38
14, 38
3, 38
3, 38
11, 38
1, 38
5, 38
9, 38
1, 38
1, 38
6, 38
4, 38
7, 38
17, 38
5, 38
9, 38
9, 38
4, 38
5, 38
8, 38
1, 38
13, 38
4, 38
2, 38
7, 38
4, 38
10, 38
2, 38
3, 38
1, 38
12, 38
11, 38
4, 38
5, 38
2, 38
16, 38
1, 38
7, 38
1, 38
12, 38
3, 38
3, 38
2, 38
1, 38
3, 38
3, 38
4, 38
5, 38
8, 38
6, 38
3, 38
6, 38
5, 38
4, 38
1, 38
5, 38
1, 38
5, 38
3, 38
6, 38
8, 38
19, 38
1, 38
4, 38
6, 38
8, 38
1, 38
3, 38
4, 38
0, 38
12, 38
5, 38
0, 38
2, 38
0, 38
0, 38
3, 38
2, 38
1, 38
0, 38
0, 38
9, 38
19, 38
0, 38
2, 38
3, 38
1, 38
3, 38
1, 38
1, 38
1, 38
0, 38
0, 38
12, 38
13, 38
4, 38
1, 38
0, 38
1, 38
0, 38
3, 38
0, 38
1, 38
1, 38
4, 38
7, 38
16, 38
3, 38
3, 38
15, 38
7, 38
1, 38
10, 38
7, 38
13, 38
1, 38
12, 38
12, 38
12, 38
2, 38
6, 38
12, 38
8, 38
1, 38
4, 38
6, 38
9, 38
10, 38
4, 38
13, 38
6, 38
3, 38
11, 38
1, 38
13, 38
2, 38
5, 38
2, 38
2, 38
10, 38
7, 38
1, 38
3, 38
3, 38
3, 38
3, 38
5, 38
12, 38
3, 38
1, 38
1, 38
2, 38
7, 38
3, 38
6, 38
3, 38
4, 38
6, 38
2, 38
4, 38
6, 38
12, 38
8, 38
4, 38
7, 38
15, 38
13, 38
11, 38
5, 38
2, 38
4, 38
4, 38
8, 38
4, 38
5, 38
9, 38
4, 38
8, 38
1, 38
5, 38
4, 38
7, 38
2, 38
4, 38
5, 38
5, 38
9, 38
13, 38
12, 38
3, 38
3, 38
3, 38
8, 38
1, 38
9, 38
2, 38
4, 38
6, 38
13, 38
2, 38
2, 38
4, 38
5, 38
6, 38
11, 38
8, 38
5, 38
8, 38
5, 38
7, 38
11, 38
11, 38
2, 38
9, 38
3, 38
7, 38
7, 38
6, 38
6, 38
4, 38
11, 38
1, 38
13, 38
8, 38
5, 38
10, 38
1, 38
8, 38
2, 38
3, 38
3, 38
2, 38
8, 38
3, 38
3, 38
3, 38
6, 38
15, 38
2, 38
5, 38
7, 38
4, 38
4, 38
22, 38
7, 38
8, 38
7, 38
10, 38
6, 38
4, 38
3, 38
9, 38
10, 38
11, 38
7, 38
4, 38
4, 38
1, 38
2, 38
2, 38
1, 38
0, 38
6, 38
4, 38
1, 38
1, 38
6, 38
2, 38
7, 38
9, 38
3, 38
5, 38
2, 38
4, 38
11, 38
1, 38
3, 38
8, 38
0, 38
3, 38
3, 38
2, 38
11, 38
5, 38
4, 38
9, 38
5, 38
4, 38
3, 38
0, 38
3, 38
5, 38
23, 38
6, 38
10, 38
10, 38
3, 38
6, 38
3, 38
3, 38
9, 38
8, 38
15, 38
14, 38
2, 38
3, 38
8, 38
10, 38
20, 38
6, 38
13, 38
7, 38
7, 38
8, 38
2, 38
2, 38
4, 38
2, 38
1, 38
2, 38
12, 38
5, 38
3, 38
10, 38
8, 38
1, 38
3, 38
1, 38
14, 38
11, 38
2, 38
5, 38
3, 38
7, 38
14, 38
2, 38
3, 38
1, 38
1, 38
2, 38
13, 38
3, 38
1, 38
1, 38
16, 38
2, 38
3, 38
5, 38
9, 38
5, 38
4, 38
12, 38
6, 38
4, 38
8, 38
1, 38
1, 38
3, 38
5, 38
8, 38
1, 38
13, 38
4, 38
3, 38
1, 38
20, 38
5, 38
8, 38
9, 38
2, 38
3, 38
2, 38
16, 38
2, 38
8, 38
2, 38
17, 38
11, 38
3, 38
5, 38
1, 38
4, 38
1, 38
4, 38
9, 38
9, 38
5, 38
9, 38
18, 38
2, 38
9, 38
12, 38
12, 38
6, 38
30, 38
1, 38
4, 38
3, 38
9, 38
6, 38
4, 38
18, 38
7, 38
3, 38
7, 38
3, 38
10, 38
13, 38
2, 38
4, 38
3, 38
4, 38
5, 38
12, 38
4, 38
8, 38
3, 38
9, 38
11, 38
1, 38
2, 38
10, 38
5, 38
2, 38
3, 38
13, 38
6, 38
17, 38
5, 38
3, 38
5, 38
3, 38
5, 38
5, 38
3, 38
7, 38
4, 38
6, 38
5, 38
9, 38
7, 38
1, 38
10, 38
10, 38
6, 38
3, 38
2, 38
3, 38
10, 38
1, 38
5, 38
9, 38
2, 38
16, 38
2, 38
3, 38
21, 38
6, 38
2, 38
2, 38
13, 38
3, 38
7, 38
6, 38
5, 38
3, 38
2, 38
6, 38
4, 38
3, 38
3, 38
12, 38
4, 38
2, 38
4, 38
9, 38
7, 38
5, 38
13, 38
3, 38
8, 38
11, 38
4, 38
3, 38
2, 38
4, 38
5, 38
8, 38
8, 38
4, 38
9, 38
2, 38
2, 38
3, 38
7, 38
5, 38
4, 38
4, 38
8, 38
12, 38
5, 38
20, 38
8, 38
16, 38
16, 38
8, 38
3, 38
3, 38
15, 38
7, 38
6, 38
6, 38
4, 38
9, 38
3, 38
2, 38
9, 38
8, 38
7, 38
10, 38
6, 38
3, 38
5, 38
19, 38
2, 38
9, 38
4, 38
1, 38
7, 38
8, 38
7, 38
3, 38
4, 38
8, 38
7, 38
9, 38
7, 38
8, 38
1, 38
15, 38
3, 38
11, 38
2, 38
12, 38
3, 38
12, 38
4, 38
9, 38
7, 38
11, 38
3, 38
9, 38
2, 38
5, 38
11, 38
3, 38
8, 38
5, 38
2, 38
4, 38
12, 38
7, 38
8, 38
5, 38
3, 38
8, 38
8, 38
7, 38
7, 38
4, 38
8, 38
3, 38
1, 38
3, 38
9, 38
5, 38
1, 38
2, 38
3, 38
16, 38
2, 38
8, 38
2, 38
14, 38
7, 38
5, 38
5, 38
3, 38
1, 38
5, 38
2, 38
7, 38
20, 38
1, 38
5, 38
7, 38
5, 38
5, 38
8, 38
3, 38
4, 38
2, 38
2, 38
6, 38
10, 38
5, 38
3, 38
2, 38
4, 38
7, 38
4, 38
16, 38
27, 38
11, 38
3, 38
2, 38
4, 38
11, 38
2, 38
6, 38
5, 38
6, 38
7, 38
2, 38
12, 38
13, 38
16, 38
1, 38
4, 38
3, 38
10, 38
9, 38
3, 38
2, 38
9, 38
14, 38
22, 38
11, 38
12, 38
19, 38
9, 38
5, 38
9, 38
3, 38
3, 38
4, 38
5, 38
2, 38
11, 38
11, 38
3, 38
4, 38
9, 38
7, 38
2, 38
5, 38
1, 38
5, 38
3, 38
4, 38
2, 38
7, 38
5, 38
4, 38
6, 38
11, 38
6, 38
7, 38
21, 38
4, 38
10, 38
3, 38
6, 38
5, 38
3, 38
4, 38
3, 38
4, 38
3, 38
6, 38
2, 38
7, 38
4, 38
31, 38
6, 38
1, 38
3, 38
1, 38
4, 38
17, 38
7, 38
2, 38
3, 38
7, 38
4, 38
2, 38
1, 38
4, 38
3, 38
8, 38
1, 38
7, 38
4, 38
8, 38
3, 38
8, 38
7, 38
6, 38
6, 38
2, 38
5, 38
10, 38
8, 38
3, 38
13, 38
1, 38
2, 38
5, 38
9, 38
4, 38
5, 38
4, 38
9, 38
8, 38
6, 38
4, 38
1, 38
7, 38
7, 38
12, 38
16, 38
19, 38
9, 38
3, 38
9, 38
9, 38
7, 38
4, 38
9, 38
12, 38
3, 38
5, 38
1, 38
2, 38
6, 38
11, 38
6, 38
5, 38
1, 38
4, 38
5, 38
4, 38
4, 38
5, 38
2, 38
4, 38
11, 38
8, 38
3, 38
7, 38
5, 38
3, 38
5, 38
4, 38
7, 38
8, 38
2, 38
4, 38
8, 38
5, 38
11, 38
2, 38
8, 38
2, 38
11, 38
4, 38
3, 38
15, 38
5, 38
10, 38
3, 38
5, 38
3, 38
8, 38
3, 38
1, 38
4, 38
3, 38
1, 38
2, 38
4, 38
16, 38
3, 38
8, 38
1, 38
12, 38
9, 38
8, 38
2, 38
14, 38
10, 38
5, 38
4, 38
6, 38
9, 38
18, 38
5, 38
6, 38
11, 38
8, 38
1, 38
7, 38
1, 38
9, 38
7, 38
6, 38
3, 38
4, 38
5, 38
10, 38
3, 38
13, 38
5, 38
3, 38
5, 38
7, 38
3, 38
4, 38
2, 38
3, 38
5, 38
3, 38
8, 38
12, 38
6, 38
1, 38
1, 38
4, 38
3, 38
1, 38
6, 38
6, 38
3, 38
6, 38
6, 38
10, 38
16, 38
4, 38
12, 38
3, 38
3, 38
6, 38
2, 38
10, 38
16, 38
4, 38
6, 38
6, 38
11, 38
15, 38
6, 38
4, 38
8, 38
3, 38
4, 38
2, 38
12, 38
3, 38
6, 38
17, 38
7, 38
9, 38
2, 38
3, 38
1, 38
10, 38
16, 38
2, 38
2, 38
17, 38
3, 38
9, 38
8, 38
5, 38
16, 38
11, 38
4, 38
3, 38
5, 38
3, 38
4, 38
8, 38
1, 38
8, 38
1, 38
12, 38
7, 38
6, 38
7, 38
11, 38
6, 38
12, 38
2, 38
2, 38
6, 38
2, 38
1, 38
6, 38
10, 38
6, 38
14, 38
4, 38
1, 38
6, 38
3, 38
1, 38
4, 38
1, 38
5, 38
7, 38
12, 38
8, 38
7, 38
9, 38
1, 38
6, 38
7, 38
3, 38
3, 38
3, 38
6, 38
4, 38
2, 38
6, 38
5, 38
13, 38
6, 38
3, 38
4, 38
4, 38
4, 38
4, 38
8, 38
7, 38
1, 38
8, 38
5, 38
2, 38
2, 38
3, 38
4, 38
2, 38
24, 38
8, 38
8, 38
17, 38
6, 38
6, 38
5, 38
2, 38
16, 38
3, 38
2, 38
6, 38
4, 38
1, 38
3, 38
7, 38
1, 38
3, 38
1, 38
4, 38
3, 38
8, 38
2, 38
7, 38
4, 38
3, 38
7, 38
2, 38
8, 38
5, 38
8, 38
5, 38
6, 38
5, 38
8, 38
7, 38
4, 38
3, 38
10, 38
2, 38
6, 38
4, 38
4, 38
10, 38
2, 38
7, 38
8, 38
12, 38
1, 38
7, 38
13, 38
4, 38
9, 38
11, 38
6, 38
7, 38
10, 38
2, 38
10, 38
1, 38
5, 38
4, 38
3, 38
2, 38
2, 38
6, 38
1, 38
3, 38
3, 38
3, 38
9, 38
6, 38
2, 38
6, 38
5, 38
1, 38
4, 38
3, 38
5, 38
2, 38
3, 38
6, 38
10, 38
4, 38
3, 38
8, 38
11, 38
4, 38
10, 38
1, 38
12, 38
4, 38
5, 38
8, 38
2, 38
6, 38
4, 38
11, 38
8, 38
8, 38
6, 38
9, 38
6, 38
2, 38
15, 38
6, 38
4, 38
9, 38
3, 38
12, 38
3, 38
8, 38
5, 38
4, 38
12, 38
9, 38
3, 38
3, 38
3, 38
7, 38
7, 38
5, 38
5, 38
1, 38
2, 38
11, 38
6, 38
7, 38
3, 38
3, 38
8, 38
7, 38
2, 38
7, 38
19, 38
2, 38
8, 38
6, 38
2, 38
12, 38
3, 38
2, 38
8, 38
2, 38
3, 38
2, 38
10, 38
9, 38
10, 38
2, 38
2, 38
7, 38
6, 38
8, 38
16, 38
21, 38
6, 38
2, 38
5, 38
1, 38
5, 38
8, 38
2, 38
4, 38
2, 38
8, 38
6, 38
3, 38
6, 38
11, 38
6, 38
4, 38
11, 38
7, 38
9, 38
1, 38
4, 38
1, 38
4, 38
5, 38
8, 38
6, 38
12, 38
2, 38
10, 38
4, 38
4, 38
11, 38
2, 38
3, 38
4, 38
2, 38
12, 38
4, 38
9, 38
8, 38
4, 38
11, 38
5, 38
2, 38
4, 38
8, 38
2, 38
6, 38
3, 38
3, 38
6, 38
4, 38
5, 38
10, 38
8, 38
4, 38
15, 38
6, 38
5, 38
1, 38
4, 38
1, 38
3, 38
6, 38
4, 38
8, 38
3, 38
2, 38
9, 38
4, 38
18, 38
11, 38
3, 38
1, 38
8, 38
15, 38
9, 38
1, 38
3, 38
4, 38
6, 38
14, 38
11, 38
6, 38
7, 38
3, 38
8, 38
4, 38
5, 38
3, 38
3, 38
3, 38
12, 38
3, 38
12, 38
3, 38
4, 38
16, 38
3, 38
2, 38
4, 38
9, 38
8, 38
4, 38
5, 38
1, 38
1, 38
5, 38
8, 38
3, 38
11, 38
3, 38
4, 38
4, 38
3, 38
6, 38
1, 38
5, 38
4, 38
5, 38
11, 38
6, 38
9, 38
9, 38
7, 38
10, 38
4, 38
5, 38
4, 38
1, 38
12, 38
4, 38
6, 38
9, 38
3, 38
8, 38
25, 38
6, 38
28, 38
26, 38
10, 38
36, 38
54, 54
42, 54
27, 54
23, 54
13, 54
16, 54
24, 54
8, 54
21, 54
44, 54
15, 54
11, 54
23, 54
5, 54
11, 54
21, 54
13, 54
8, 54
36, 54
19, 54
14, 54
10, 54
7, 54
5, 54
16, 54
22, 54
12, 54
24, 54
20, 54
29, 54
18, 54
5, 54
3, 54
20, 54
1, 54
9, 54
7, 54
22, 54
69, 69
26, 69
9, 69
16, 69
7, 69
13, 69
26, 69
41, 69
36, 69
22, 69
16, 69
17, 69
16, 69
27, 69
6, 69
2, 69
11, 69
32, 69
18, 69
16, 69
18, 69
2, 69
6, 69
36, 69
9, 69
32, 69
19, 69
8, 69
3, 69
14, 69
25, 69
39, 69
5, 69
17, 69
8, 69
15, 69
14, 69
15, 69
7, 69
7, 69
31, 69
6, 69
15, 69
27, 69
10, 69
7, 69
14, 69
22, 69
14, 69
13, 69
10, 69
5, 69
53, 69
12, 69
26, 69
6, 69
8, 69
58, 69
6, 69
8, 69
22, 69
10, 69
15, 69
10, 69
8, 69
15, 69
13, 69
26, 69
5, 69
8, 69
25, 69
63, 69
14, 69
6, 69
17, 69
8, 69
11, 69
19, 69
32, 69
34, 69
8, 69
15, 69
7, 69
15, 69
13, 69
26, 69
13, 69
37, 69
41, 69
29, 69
9, 69
13, 69
13, 69
44, 69
13, 69
2, 69
17, 69
6, 69
8, 69
15, 69
13, 69
8, 69
13, 69
5, 69
7, 69
5, 69
4, 69
88, 88
4, 88
35, 88
39, 88
25, 88
10, 88
22, 88
32, 88
27, 88
21, 88
27, 88
30, 88
33, 88
61, 88
15, 88
6, 88
10, 88
4, 88
23, 88
26, 88
5, 88
7, 88
19, 88
17, 88
7, 88
33, 88
3, 88
7, 88
13, 88
14, 88
5, 88
9, 88
17, 88
16, 88
5, 88
7, 88
58, 88
21, 88
20, 88
20, 88
44, 88
22, 88
9, 88
9, 88
19, 88
29, 88
32, 88
22, 88
17, 88
40, 88
13, 88
42, 88
43, 88
14, 88
16, 88
4, 88
50, 88
13, 88
18, 88
58, 88
7, 88
19, 88
47, 88
29, 88
15, 88
62, 88
6, 88
28, 88
7, 88
8, 88
14, 88
15, 88
9, 88
15, 88
20, 88
8, 88
4, 88
36, 88
8, 88
9, 88
30, 88
43, 88
18, 88
6, 88
11, 88
32, 88
31, 88
27, 88
14, 88
31, 88
11, 88
1, 88
13, 88
25, 88
13, 88
4, 88
13, 88
23, 88
29, 88
3, 88
7, 88
23, 88
10, 88
31, 88
41, 88
15, 88
39, 88
35, 88
3, 88
7, 88
12, 88
26, 88
24, 88
21, 88
5, 88
30, 88
20, 88
32, 88
16, 88
5, 88
17, 88
7, 88
49, 88
2, 88
6, 88
10, 88
55, 88
44, 88
19, 88
12, 88
14, 88
21, 88
6, 88
12, 88
29, 88
3, 88
24, 88
27, 88
15, 88
32, 88
12, 88
49, 88
23, 88
8, 88
9, 88
11, 88
29, 88
20, 88
17, 88
32, 88
21, 88
25, 88
7, 88
17, 88
35, 88
6, 88
4, 88
11, 88
16, 88
84, 88
36, 88
37, 88
23, 88
78, 88
5, 88
8, 88
17, 88
2, 88
12, 88
13, 88
5, 88
20, 88
12, 88
44, 88
4, 88
21, 88
21, 88
46, 88
19, 88
15, 88
6, 88
8, 88
18, 88
3, 88
18, 88
28, 88
17, 88
15, 88
17, 88
52, 88
3, 88
8, 88
23, 88
6, 88
11, 88
21, 88
4, 88
12, 88
3, 88
5, 88
27, 88
12, 88
31, 88
15, 88
14, 88
5, 88
31, 88
6, 88
12, 88
21, 88
26, 88
6, 88
11, 88
12, 88
25, 88
8, 88
29, 88
16, 88
3, 88
20, 88
23, 88
16, 88
15, 88
17, 88
15, 88
5, 88
6, 88
21, 88
12, 88
10, 88
6, 88
20, 88
6, 88
35, 88
8, 88
36, 88
66, 88
32, 88
5, 88
25, 88
22, 88
21, 88
14, 88
23, 88
29, 88
46, 88
6, 88
8, 88
3, 88
3, 88
11, 88
55, 88
8, 88
3, 88
26, 88
66, 88
21, 88
15, 88
9, 88
12, 88
7, 88
12, 88
16, 88
100, 100
8, 100
30, 100
7, 100
9, 100
8, 100
16, 100
5, 100
33, 100
10, 100
20, 100
1, 100
17, 100
15, 100
5, 100
8, 100
3, 100
23, 100
5, 100
15, 100
10, 100
21, 100
5, 100
12, 100
19, 100
31, 100
4, 100
20, 100
10, 100
10, 100
14, 100
19, 100
12, 100
14, 100
7, 100
27, 100
22, 100
5, 100
21, 100
32, 100
28, 100
85, 100
19, 100
5, 100
23, 100
32, 100
23, 100
12, 100
7, 100
14, 100
27, 100
11, 100
24, 100
27, 100
79, 100
13, 100
31, 100
52, 100
8, 100
8, 100
11, 100
4, 100
25, 100
12, 100
12, 100
5, 100
18, 100
48, 100
49, 100
13, 100
15, 100
16, 100
18, 100
6, 100
6, 100
14, 100
12, 100
8, 100
19, 100
22, 100
28, 100
28, 100
75, 100
20, 100
35, 100
23, 100
12, 100
51, 100
9, 100
8, 100
8, 100
13, 100
10, 100
8, 100
14, 100
26, 100
15, 100
14, 100
16, 100
23, 100
24, 100
5, 100
23, 100
16, 100
4, 100
8, 100
52, 100
20, 100
12, 100
29, 100
9, 100
28, 100
10, 100
33, 100
28, 100
18, 100
64, 100
4, 100
16, 100
21, 100
18, 100
8, 100
26, 100
13, 100
17, 100
57, 100
9, 100
26, 100
25, 100
43, 100
36, 100
19, 100
15, 100
13, 100
65, 100
7, 100
87, 100
18, 100
36, 100
28, 100
14, 100
12, 100
10, 100
35, 100
6, 100
5, 100
10, 100
20, 100
11, 100
32, 100
9, 100
2, 100
4, 100
22, 100
12, 100
38, 100
12, 100
58, 100
1, 100
27, 100
22, 100
1, 100
16, 100
39, 100
34, 100
5, 100
6, 100
18, 100
38, 100
14, 100
18, 100
14, 100
20, 100
11, 100
23, 100
3, 100
13, 100
38, 100
37, 100
38, 100
29, 100
18, 100
38, 100
19, 100
9, 100
30, 100
13, 100
50, 100
20, 100
32, 100
3, 100
17, 100
22, 100
90, 100
9, 100
31, 100
66, 100
11, 100
19, 100
40, 100
12, 100
19, 100
37, 100
19, 100
24, 100
17, 100
4, 100
17, 100
13, 100
66, 100
26, 100
56, 100
21, 100
13, 100
29, 100
4, 100
12, 100
7, 100
12, 100
5, 100
18, 100
32, 100
32, 100
9, 100
52, 100
40, 100
14, 100
26, 100
19, 100
10, 100
15, 100
10, 100
8, 100
11, 100
20, 100
66, 100
6, 100
5, 100
3, 100
3, 100
11, 100
12, 100
15, 100
3, 100
7, 100
39, 100
24, 100
6, 100
34, 100
46, 100
37, 100
8, 100
5, 100
3, 100
7, 100
11, 100
18, 100
20, 100
24, 100
5, 100
31, 100
9, 100
20, 100
7, 100
39, 100
24, 100
16, 100
6, 100
8, 100
5, 100
13, 100
5, 100
6, 100
46, 100
53, 100
17, 100
16, 100
20, 100
6, 100
8, 100
28, 100
16, 100
8, 100
4, 100
23, 100
18, 100
24, 100
7, 100
15, 100
7, 100
11, 100
2, 100
3, 100
8, 100
19, 100
9, 100
38, 100
23, 100
13, 100
4, 100
73, 100
2, 100
23, 100
3, 100
24, 100
23, 100
39, 100
17, 100
14, 100
13, 100
6, 100
6, 100
5, 100
25, 100
13, 100
21, 100
4, 100
40, 100
23, 100
26, 100
29, 100
16, 100
8, 100
13, 100
22, 100
21, 100
5, 100
17, 100
7, 100
6, 100
9, 100
7, 100
17, 100
14, 100
9, 100
6, 100
23, 100
1, 100
18, 100
14, 100
20, 100
10, 100
44, 100
7, 100
5, 100
40, 100
14, 100
1, 100
25, 100
41, 100
3, 100
52, 100
3, 100
8, 100
8, 100
7, 100
12, 100
1, 100
10, 100
1, 100
38, 100
35, 100
27, 100
33, 100
7, 100
29, 100
10, 100
9, 100
28, 100
1, 100
30, 100
22, 100
11, 100
3, 100
3, 100
7, 100
83, 100
28, 100
84, 100
5, 100
16, 100
19, 100
16, 100
15, 100
17, 100
68, 100
10, 100
15, 100
8, 100
17, 100
4, 100
14, 100
30, 100
64, 100
17, 100
57, 100
15, 100
17, 100
8, 100
29, 100
38, 100
30, 100
14, 100
36, 100
7, 100
18, 100
7, 100
18, 100
10, 100
14, 100
15, 100
26, 100
18, 100
9, 100
19, 100
38, 100
20, 100
9, 100
6, 100
19, 100
3, 100
12, 100
17, 100
15, 100
31, 100
17, 100
5, 100
10, 100
14, 100
40, 100
20, 100
8, 100
6, 100
29, 100
5, 100
5, 100
52, 100
8, 100
96, 100
2, 100
27, 100
21, 100
7, 100
15, 100
55, 100
14, 100
16, 100
25, 100
19, 100
26, 100
67, 100
6, 100
24, 100
9, 100
8, 100
24, 100
6, 100
19, 100
28, 100
10, 100
13, 100
9, 100
7, 100
16, 100
6, 100
6, 100
1, 100
44, 100
11, 100
25, 100
21, 100
15, 100
10, 100
39, 100
18, 100
5, 100
51, 100
56, 100
24, 100
14, 100
5, 100
19, 100
9, 100
5, 100
29, 100
14, 100
11, 100
25, 100
6, 100
7, 100
33, 100
10, 100
5, 100
23, 100
5, 100
7, 100
15, 100
11, 100
12, 100
20, 100
16, 100
28, 100
11, 100
26, 100
6, 100
9, 100
28, 100
5, 100
10, 100
29, 100
9, 100
14, 100
15, 100
28, 100
42, 100
5, 100
12, 100
80, 100
14, 100
28, 100
11, 100
42, 100
4, 100
21, 100
10, 100
52, 100
10, 100
14, 100
73, 100
13, 100
3, 100
26, 100
22, 100
17, 100
27, 100
11, 100
21, 100
11, 100
12, 100
5, 100
53, 100
18, 100
10, 100
23, 100
2, 100
18, 100
7, 100
10, 100
70, 100
43, 100
46, 100
16, 100
19, 100
28, 100
4, 100
21, 100
9, 100
22, 100
1, 100
13, 100
5, 100
8, 100
4, 100
7, 100
12, 100
6, 100
38, 100
9, 100
5, 100
4, 100
7, 100
11, 100
8, 100
7, 100
9, 100
7, 100
16, 100
29, 100
54, 100
13, 100
5, 100
24, 100
27, 100
4, 100
45, 100
38, 100
16, 100
42, 100
12, 100
19, 100
13, 100
11, 100
7, 100
15, 100
3, 100
43, 100
37, 100
27, 100
9, 100
28, 100
3, 100
2, 100
8, 100
26, 100
9, 100
24, 100
12, 100
9, 100
19, 100
7, 100
44, 100
41, 100
4, 100
17, 100
18, 100
14, 100
6, 100
21, 100
12, 100
28, 100
18, 100
6, 100
5, 100
19, 100
25, 100
19, 100
7, 100
12, 100
18, 100
7, 100
30, 100
17, 100
15, 100
5, 100
13, 100
7, 100
10, 100
18, 100
27, 100
17, 100
5, 100
44, 100
43, 100
12, 100
16, 100
62, 100
45, 100
18, 100
8, 100
11, 100
25, 100
50, 100
25, 100
7, 100
44, 100
1, 100
10, 100
7, 100
15, 100
11, 100
25, 100
12, 100
44, 100
32, 100
30, 100
31, 100
21, 100
12, 100
16, 100
27, 100
47, 100
13, 100
11, 100
11, 100
21, 100
28, 100
19, 100
38, 100
35, 100
3, 100
11, 100
9, 100
23, 100
6, 100
67, 100
17, 100
7, 100
16, 100
39, 100
8, 100
38, 100
25, 100
9, 100
1, 100
17, 100
46, 100
14, 100
10, 100
10, 100
23, 100
10, 100
18, 100
8, 100
7, 100
22, 100
13, 100
23, 100
16, 100
8, 100
24, 100
22, 100
9, 100
28, 100
54, 100
11, 100
41, 100
14, 100
24, 100
14, 100
11, 100
29, 100
24, 100
4, 100
27, 100
61, 100
39, 100
15, 100
20, 100
3, 100
52, 100
36, 100
97, 100
22, 100
18, 100
53, 100
43, 100
24, 100
31, 100
38, 100
9, 100
7, 100
15, 100
9, 100
25, 100
21, 100
22, 100
25, 100
7, 100
7, 100
4, 100
27, 100
14, 100
34, 100
9, 100
5, 100
4, 100
14, 100
30, 100
4, 100
44, 100
12, 100
28, 100
6, 100
21, 100
26, 100
7, 100
25, 100
8, 100
29, 100
10, 100
43, 100
28, 100
27, 100
16, 100
17, 100
9, 100
3, 100
13, 100
33, 100
7, 100
6, 100
12, 100
6, 100
13, 100
46, 100
28, 100
15, 100
8, 100
22, 100
78, 100
15, 100
4, 100
49, 100
14, 100
22, 100
10, 100
33, 100
2, 100
26, 100
29, 100
10, 100
6, 100
38, 100
3, 100
8, 100
4, 100
48, 100
12, 100
5, 100
7, 100
13, 100
12, 100
37, 100
9, 100
11, 100
46, 100
44, 100
8, 100
25, 100
16, 100
20, 100
33, 100
16, 100
15, 100
19, 100
2, 100
26, 100
5, 100
28, 100
14, 100
6, 100
12, 100
13, 100
2, 100
53, 100
2, 100
8, 100
6, 100
7, 100
38, 100
6, 100
24, 100
3, 100
8, 100
14, 100
40, 100
70, 100
11, 100
15, 100
12, 100
11, 100
4, 100
4, 100
30, 100
25, 100
16, 100
5, 100
36, 100
2, 100
9, 100
20, 100
3, 100
40, 100
9, 100
7, 100
5, 100
2, 100
14, 100
19, 100
21, 100
13, 100
8, 100
7, 100
31, 100
16, 100
11, 100
22, 100
9, 100
6, 100
6, 100
3, 100
11, 100
4, 100
24, 100
22, 100
2, 100
27, 100
22, 100
17, 100
17, 100
25, 100
24, 100
57, 100
5, 100
5, 100
35, 100
39, 100
9, 100
25, 100
25, 100
26, 100
25, 100
28, 100
19, 100
24, 100
10, 100
13, 100
13, 100
11, 100
45, 100
18, 100
11, 100
16, 100
20, 100
15, 100
9, 100
22, 100
26, 100
9, 100
23, 100
15, 100
11, 100
3, 100
16, 100
33, 100
12, 100
36, 100
21, 100
17, 100
3, 100
11, 100
14, 100
24, 100
7, 100
29, 100
25, 100
15, 100
14, 100
6, 100
11, 100
18, 100
9, 100
30, 100
15, 100
12, 100
8, 100
7, 100
44, 100
15, 100
28, 100
4, 100
20, 100
51, 100
5, 100
25, 100
23, 100
8, 100
18, 100
26, 100
13, 100
9, 100
31, 100
14, 100
16, 100
14, 100
26, 100
9, 100
15, 100
20, 100
8, 100
44, 100
37, 100
7, 100
4, 100
22, 100
32, 100
18, 100
32, 100
26, 100
11, 100
39, 100
15, 100
24, 100
16, 100
9, 100
10, 100
39, 100
48, 100
45, 100
7, 100
28, 100
11, 100
9, 100
19, 100
15, 100
12, 100
20, 100
6, 100
17, 100
24, 100
14, 100
17, 100
7, 100
21, 100
10, 100
94, 100
5, 100
13, 100
14, 100
38, 100
25, 100
7, 100
13, 100
3, 100
39, 100
7, 100
9, 100
12, 100
10, 100
35, 100
13, 100
23, 100
47, 100
10, 100
10, 100
40, 100
7, 100
11, 100
9, 100
9, 100
35, 100
20, 100
23, 100
12, 100
12, 100
33, 100
9, 100
8, 100
5, 100
15, 100
17, 100
14, 100
25, 100
2, 100
8, 100
11, 100
18, 100
15, 100
24, 100
21, 100
15, 100
11, 100
13, 100
9, 100
6, 100
40, 100
11, 100
22, 100
13, 100
14, 100
9, 100
44, 100
9, 100
25, 100
27, 100
7, 100
15, 100
26, 100
17, 100
55, 100
13, 100
25, 100
31, 100
27, 100
3, 100
7, 100
51, 100
1, 100
18, 100
4, 100
18, 100
28, 100
15, 100
34, 100
20, 100
5, 100
18, 100
11, 100
9, 100
2, 100
72, 100
49, 100
2, 100
23, 100
19, 100
3, 100
8, 100
7, 100
25, 100
10, 100
27, 100
7, 100
4, 100
13, 100
3, 100
14, 100
36, 100
21, 100
19, 100
6, 100
22, 100
22, 100
8, 100
30, 100
7, 100
4, 100
11, 100
7, 100
1, 100
14, 100
21, 100
17, 100
11, 100
20, 100
9, 100
22, 100
10, 100
10, 100
15, 100
46, 100
58, 100
18, 100
10, 100
34, 100
11, 100
43, 100
6, 100
39, 100
3, 100
5, 100
25, 100
15, 100
25, 100
5, 100
24, 100
5, 100
27, 100
8, 100
12, 100
14, 100
76, 100
9, 100
22, 100
16, 100
10, 100
3, 100
11, 100
29, 100
8, 100
3, 100
28, 100
25, 100
13, 100
21, 100
6, 100
7, 100
3, 100
24, 100
9, 100
6, 100
26, 100
35, 100
11, 100
28, 100
23, 100
14, 100
8, 100
9, 100
36, 100
10, 100
20, 100
17, 100
10, 100
11, 100
30, 100
36, 100
8, 100
10, 100
7, 100
4, 100
44, 100
14, 100
16, 100
8, 100
11, 100
24, 100
13, 100
21, 100
19, 100
13, 100
13, 100
4, 100
28, 100
3, 100
39, 100
8, 100
6, 100
11, 100
8, 100
9, 100
16, 100
7, 100
14, 100
10, 100
23, 100
15, 100
48, 100
61, 100
10, 100
11, 100
10, 100
11, 100
29, 100
45, 100
30, 100
17, 100
16, 100
12, 100
4, 100
7, 100
5, 100
14, 100
25, 100
17, 100
65, 100
3, 100
48, 100
23, 100
88, 100
9, 100
15, 100
21, 100
23, 100
60, 100
8, 100
10, 100
7, 100
18, 100
7, 100
1, 100
21, 100
38, 100
25, 100
33, 100
72, 100
3, 100
5, 100
16, 100
13, 100
22, 100
22, 100
46, 100
2, 100
21, 100
6, 100
9, 100
4, 100
28, 100
46, 100
59, 100
21, 100
14, 100
30, 100
17, 100
16, 100
1, 100
12, 100
10, 100
34, 100
14, 100
19, 100
10, 100
38, 100
4, 100
3, 100
13, 100
4, 100
48, 100
14, 100
13, 100
14, 100
31, 100
14, 100
8, 100
19, 100
3, 100
25, 100
22, 100
24, 100
22, 100
8, 100
83, 100
57, 100
76, 100
9, 100
32, 100
58, 100
44, 100
8, 100
5, 100
13, 100
24, 100
18, 100
17, 100
11, 100
32, 100
2, 100
11, 100
32, 100
4, 100
10, 100
15, 100
42, 100
26, 100
3, 100
42, 100
5, 100
12, 100
8, 100
4, 100
14, 100
8, 100
8, 100
4, 100
8, 100
10, 100
10, 100
2, 100
9, 100
7, 100
55, 100
9, 100
11, 100
12, 100
27, 100
27, 100
14, 100
17, 100
21, 100
12, 100
26, 100
12, 100
32, 100
14, 100
16, 100
17, 100
73, 100
6, 100
6, 100
10, 100
11, 100
1, 100
5, 100
7, 100
6, 100
4, 100
22, 100
15, 100
4, 100
22, 100
10, 100
11, 100
6, 100
11, 100
13, 100
7, 100
30, 100
19, 100
12, 100
17, 100
63, 100
4, 100
9, 100
34, 100
2, 100
15, 100
2, 100
9, 100
40, 100
37, 100
11, 100
47, 100
4, 100
11, 100
46, 100
38, 100
14, 100
20, 100
83, 100
