#Algorithm: ExpectedSARSA, Speed: 1, Boost: 3, PM: False, Env size: (20, 20), Car size: (3, 2),
#Counter: 100, Nsteps: 1000000, Gamma: 1, LearnRate: 0.01, Eps: 0.5, Epsdecay: 0.9
0, 0
3, 3
2, 3
1, 3
1, 3
3, 3
1, 3
22, 22
48, 48
15, 48
90, 90
15, 90
35, 90
4, 90
23, 90
22, 90
62, 90
35, 90
57, 90
20, 90
22, 90
23, 90
29, 90
3, 90
37, 90
12, 90
50, 90
35, 90
137, 137
51, 137
59, 137
92, 137
117, 137
231, 231
35, 231
128, 231
187, 231
108, 231
121, 231
207, 231
140, 231
236, 236
111, 236
100, 236
27, 236
41, 236
36, 236
211, 236
75, 236
227, 236
274, 274
536, 536
133, 536
66, 536
209, 536
204, 536
871, 871
546, 871
206, 871
112, 871
54, 871
811, 871
729, 871
322, 871
260, 871
177, 871
240, 871
216, 871
71, 871
86, 871
1424, 1424
229, 1424
983, 1424
397, 1424
25, 1424
1268, 1424
1245, 1424
231, 1424
326, 1424
18, 1424
249, 1424
795, 1424
1148, 1424
1406, 1424
1251, 1424
762, 1424
121, 1424
57, 1424
66, 1424
46, 1424
117, 1424
106, 1424
157, 1424
210, 1424
225, 1424
242, 1424
389, 1424
1000, 1424
802, 1424
145, 1424
1217, 1424
225, 1424
218, 1424
1227, 1424
1248, 1424
758, 1424
1414, 1424
1403, 1424
1455, 1455
1221, 1455
748, 1455
1415, 1455
1401, 1455
1412, 1455
1363, 1455
1408, 1455
1415, 1455
997, 1455
1445, 1455
1428, 1455
871, 1455
1408, 1455
1405, 1455
1387, 1455
1414, 1455
1423, 1455
1487, 1487
1313, 1487
1419, 1487
1413, 1487
1300, 1487
832, 1487
1455, 1487
1311, 1487
1403, 1487
1455, 1487
1409, 1487
1405, 1487
1411, 1487
1407, 1487
1400, 1487
1401, 1487
1437, 1487
1402, 1487
1440, 1487
1427, 1487
1410, 1487
1423, 1487
1400, 1487
1411, 1487
1100, 1487
1403, 1487
1402, 1487
726, 1487
1402, 1487
1483, 1487
951, 1487
811, 1487
1479, 1487
1457, 1487
1445, 1487
1429, 1487
1433, 1487
804, 1487
1404, 1487
1419, 1487
1406, 1487
1400, 1487
1404, 1487
1411, 1487
1405, 1487
1413, 1487
1486, 1487
1431, 1487
1480, 1487
1489, 1489
1402, 1489
1438, 1489
1406, 1489
1411, 1489
1414, 1489
876, 1489
1402, 1489
1403, 1489
1405, 1489
1407, 1489
1415, 1489
1443, 1489
1407, 1489
1536, 1536
1360, 1536
1406, 1536
801, 1536
701, 1536
1441, 1536
865, 1536
1412, 1536
1415, 1536
1412, 1536
1459, 1536
1418, 1536
1404, 1536
1019, 1536
1403, 1536
1408, 1536
723, 1536
796, 1536
1403, 1536
710, 1536
1400, 1536
1488, 1536
1407, 1536
1230, 1536
1427, 1536
