#Algorithm: Qlearning, Speed: 4, Boost: 5, PM: False, Env size: (100, 100), Car size: (25, 20),
#Counter: 10000000, Nsteps: 10000000, Gamma: 1, LearnRate: 0.01, Eps: 0.5, Epsdecay: 0.9
264837, 264837
7, 264837
298, 264837
18, 264837
33, 264837
132, 264837
476, 264837
109, 264837
13, 264837
208, 264837
374, 264837
66, 264837
63, 264837
10, 264837
53, 264837
109, 264837
407, 264837
112, 264837
43, 264837
96, 264837
563, 264837
228, 264837
64, 264837
96, 264837
93, 264837
186, 264837
22, 264837
84, 264837
5, 264837
64, 264837
190, 264837
269, 264837
35, 264837
22, 264837
1603, 264837
145, 264837
56, 264837
21, 264837
1665, 264837
71, 264837
145, 264837
177, 264837
0, 264837
1654, 264837
612, 264837
52, 264837
154, 264837
266, 264837
6, 264837
20, 264837
49, 264837
70, 264837
64, 264837
237, 264837
8, 264837
2, 264837
80, 264837
51, 264837
24, 264837
32, 264837
1, 264837
114, 264837
130, 264837
5, 264837
20, 264837
64, 264837
38, 264837
22, 264837
6, 264837
11, 264837
13, 264837
17, 264837
45, 264837
62, 264837
94, 264837
163, 264837
1, 264837
75, 264837
89, 264837
107, 264837
2, 264837
59, 264837
33, 264837
60, 264837
38, 264837
73, 264837
125, 264837
22, 264837
49, 264837
5, 264837
23, 264837
14, 264837
18, 264837
0, 264837
0, 264837
1, 264837
31, 264837
72, 264837
1, 264837
13, 264837
37, 264837
107, 264837
95, 264837
59, 264837
160, 264837
28, 264837
0, 264837
109, 264837
16, 264837
1, 264837
3, 264837
12, 264837
58, 264837
0, 264837
37, 264837
128, 264837
16, 264837
48, 264837
14, 264837
15, 264837
6, 264837
24, 264837
21, 264837
97, 264837
61, 264837
24, 264837
12, 264837
20, 264837
3, 264837
2, 264837
19, 264837
23, 264837
64, 264837
31, 264837
16, 264837
13, 264837
46, 264837
32, 264837
8, 264837
102, 264837
32, 264837
11, 264837
12, 264837
1, 264837
7, 264837
28, 264837
29, 264837
20, 264837
64, 264837
7, 264837
8, 264837
12, 264837
16, 264837
16, 264837
20, 264837
73, 264837
6, 264837
35, 264837
66, 264837
37, 264837
5, 264837
2, 264837
46, 264837
35, 264837
12, 264837
45, 264837
9, 264837
19, 264837
94, 264837
27, 264837
116, 264837
8, 264837
37, 264837
22, 264837
12, 264837
37, 264837
299, 264837
5, 264837
108, 264837
32, 264837
111, 264837
44, 264837
6, 264837
2, 264837
23, 264837
42, 264837
12, 264837
13, 264837
24, 264837
1, 264837
18, 264837
34, 264837
18, 264837
6, 264837
37, 264837
7, 264837
26, 264837
10, 264837
64, 264837
18, 264837
54, 264837
13, 264837
9, 264837
8, 264837
10, 264837
26, 264837
23, 264837
3, 264837
7, 264837
9, 264837
24, 264837
9, 264837
16, 264837
6, 264837
28, 264837
5, 264837
11, 264837
40, 264837
0, 264837
13, 264837
50, 264837
4, 264837
18, 264837
8, 264837
6, 264837
38, 264837
3, 264837
0, 264837
5, 264837
10, 264837
6, 264837
15, 264837
1, 264837
6, 264837
13, 264837
44, 264837
5, 264837
39, 264837
66, 264837
130, 264837
48, 264837
52, 264837
40, 264837
53, 264837
22, 264837
21, 264837
15, 264837
119, 264837
12, 264837
4, 264837
37, 264837
41, 264837
2, 264837
18, 264837
19, 264837
15, 264837
10, 264837
1, 264837
16, 264837
1, 264837
42, 264837
54, 264837
25, 264837
36, 264837
29, 264837
4, 264837
26, 264837
33, 264837
15, 264837
9, 264837
40, 264837
53, 264837
21, 264837
9, 264837
4, 264837
59, 264837
23, 264837
31, 264837
10, 264837
9, 264837
17, 264837
11, 264837
17, 264837
24, 264837
192, 264837
55, 264837
7, 264837
6, 264837
50, 264837
39, 264837
26, 264837
28, 264837
0, 264837
29, 264837
11, 264837
19, 264837
1, 264837
31, 264837
132, 264837
221, 264837
10, 264837
2, 264837
28, 264837
25, 264837
14, 264837
27, 264837
69, 264837
61, 264837
14, 264837
17, 264837
11, 264837
2, 264837
9, 264837
8, 264837
32, 264837
8, 264837
31, 264837
20, 264837
76, 264837
6, 264837
27, 264837
13, 264837
19, 264837
23, 264837
60, 264837
9, 264837
82, 264837
20, 264837
115, 264837
64, 264837
69, 264837
1, 264837
31, 264837
3, 264837
2, 264837
20, 264837
4, 264837
0, 264837
0, 264837
59, 264837
31, 264837
2, 264837
14, 264837
2, 264837
14, 264837
13, 264837
81, 264837
2, 264837
58, 264837
40, 264837
44, 264837
40, 264837
38, 264837
32, 264837
23, 264837
2, 264837
6, 264837
2, 264837
1, 264837
4, 264837
8, 264837
7, 264837
5, 264837
80, 264837
10, 264837
26, 264837
52, 264837
34, 264837
22, 264837
6, 264837
15, 264837
21, 264837
70, 264837
15, 264837
6, 264837
2, 264837
165, 264837
0, 264837
31, 264837
34, 264837
4, 264837
9, 264837
18, 264837
3, 264837
1, 264837
6, 264837
4, 264837
25, 264837
94, 264837
8, 264837
38, 264837
12, 264837
25, 264837
7, 264837
109, 264837
0, 264837
41, 264837
1, 264837
14, 264837
51, 264837
19, 264837
5, 264837
58, 264837
5, 264837
35, 264837
18, 264837
0, 264837
87, 264837
37, 264837
49, 264837
53, 264837
44, 264837
17, 264837
13, 264837
14, 264837
53, 264837
10, 264837
108, 264837
73, 264837
12, 264837
27, 264837
10, 264837
2, 264837
50, 264837
1, 264837
10, 264837
6, 264837
53, 264837
1, 264837
3, 264837
11, 264837
38, 264837
28, 264837
192, 264837
5, 264837
52, 264837
6, 264837
6, 264837
2, 264837
54, 264837
70, 264837
68, 264837
1, 264837
15, 264837
21, 264837
6, 264837
34, 264837
3, 264837
12, 264837
48, 264837
92, 264837
8, 264837
49, 264837
2, 264837
22, 264837
18, 264837
16, 264837
13, 264837
78, 264837
9, 264837
84, 264837
51, 264837
12, 264837
12, 264837
3, 264837
11, 264837
39, 264837
0, 264837
69, 264837
27, 264837
13, 264837
4, 264837
27, 264837
18, 264837
19, 264837
19, 264837
7, 264837
8, 264837
51, 264837
72, 264837
0, 264837
70, 264837
11, 264837
4, 264837
6, 264837
0, 264837
41, 264837
21, 264837
4, 264837
7, 264837
48, 264837
29, 264837
112, 264837
17, 264837
4, 264837
15, 264837
32, 264837
11, 264837
48, 264837
69, 264837
2, 264837
13, 264837
78, 264837
42, 264837
0, 264837
0, 264837
29, 264837
2, 264837
23, 264837
2, 264837
16, 264837
3, 264837
12, 264837
14, 264837
20, 264837
5, 264837
1, 264837
2, 264837
4, 264837
9, 264837
150, 264837
38, 264837
8, 264837
3, 264837
6, 264837
75, 264837
11, 264837
13, 264837
8, 264837
11, 264837
62, 264837
12, 264837
9, 264837
7, 264837
17, 264837
126, 264837
95, 264837
6, 264837
5, 264837
1, 264837
15, 264837
1, 264837
44, 264837
55, 264837
11, 264837
8, 264837
4, 264837
1, 264837
0, 264837
6, 264837
170, 264837
93, 264837
18, 264837
39, 264837
3, 264837
25, 264837
4, 264837
47, 264837
60, 264837
21, 264837
44, 264837
7, 264837
40, 264837
23, 264837
27, 264837
10, 264837
4, 264837
23, 264837
14, 264837
1, 264837
11, 264837
16, 264837
9, 264837
9, 264837
47, 264837
5, 264837
95, 264837
89, 264837
6, 264837
11, 264837
4, 264837
4, 264837
6, 264837
4, 264837
4, 264837
2, 264837
20, 264837
15, 264837
94, 264837
7, 264837
3, 264837
37, 264837
73, 264837
23, 264837
20, 264837
4, 264837
4, 264837
5, 264837
2, 264837
8, 264837
6, 264837
9, 264837
27, 264837
108, 264837
54, 264837
10, 264837
4, 264837
23, 264837
6, 264837
38, 264837
10, 264837
48, 264837
5, 264837
20, 264837
27, 264837
15, 264837
19, 264837
3, 264837
32, 264837
35, 264837
9, 264837
42, 264837
9, 264837
12, 264837
8, 264837
55, 264837
41, 264837
49, 264837
5, 264837
17, 264837
75, 264837
14, 264837
18, 264837
11, 264837
161, 264837
1, 264837
7, 264837
54, 264837
40, 264837
14, 264837
18, 264837
138, 264837
15, 264837
12, 264837
28, 264837
4, 264837
2, 264837
1, 264837
9, 264837
44, 264837
6, 264837
78, 264837
48, 264837
18, 264837
47, 264837
18, 264837
51, 264837
27, 264837
37, 264837
2, 264837
1, 264837
0, 264837
4, 264837
6, 264837
29, 264837
1, 264837
28, 264837
8, 264837
1, 264837
3, 264837
8, 264837
112, 264837
12, 264837
7, 264837
10, 264837
24, 264837
27, 264837
75, 264837
3, 264837
21, 264837
53, 264837
6, 264837
24, 264837
141, 264837
61, 264837
19, 264837
105, 264837
47, 264837
4, 264837
34, 264837
2, 264837
52, 264837
7, 264837
131, 264837
80, 264837
2, 264837
52, 264837
73, 264837
7, 264837
1, 264837
13, 264837
5, 264837
6, 264837
7, 264837
16, 264837
111, 264837
14, 264837
15, 264837
3, 264837
54, 264837
20, 264837
5, 264837
6, 264837
0, 264837
84, 264837
12, 264837
0, 264837
11, 264837
21, 264837
23, 264837
22, 264837
84, 264837
0, 264837
57, 264837
86, 264837
19, 264837
13, 264837
108, 264837
4, 264837
37, 264837
2, 264837
6, 264837
7, 264837
17, 264837
25, 264837
13, 264837
3, 264837
20, 264837
17, 264837
15, 264837
25, 264837
2, 264837
4, 264837
17, 264837
8, 264837
69, 264837
46, 264837
24, 264837
33, 264837
33, 264837
2, 264837
5, 264837
5, 264837
23, 264837
5, 264837
3, 264837
8, 264837
9, 264837
138, 264837
6, 264837
1, 264837
98, 264837
140, 264837
41, 264837
1, 264837
111, 264837
40, 264837
21, 264837
40, 264837
39, 264837
12, 264837
14, 264837
5, 264837
33, 264837
18, 264837
4, 264837
12, 264837
3, 264837
8, 264837
1, 264837
12, 264837
3, 264837
6, 264837
1, 264837
19, 264837
35, 264837
34, 264837
27, 264837
69, 264837
11, 264837
19, 264837
31, 264837
24, 264837
7, 264837
91, 264837
20, 264837
6, 264837
0, 264837
12, 264837
0, 264837
25, 264837
14, 264837
19, 264837
8, 264837
14, 264837
1, 264837
12, 264837
17, 264837
7, 264837
0, 264837
46, 264837
1, 264837
5, 264837
20, 264837
7, 264837
7, 264837
10, 264837
12, 264837
63, 264837
10, 264837
21, 264837
8, 264837
14, 264837
43, 264837
32, 264837
15, 264837
3, 264837
81, 264837
37, 264837
5, 264837
18, 264837
8, 264837
8, 264837
2, 264837
10, 264837
14, 264837
27, 264837
5, 264837
26, 264837
153, 264837
3, 264837
1, 264837
13, 264837
10, 264837
10, 264837
44, 264837
0, 264837
81, 264837
0, 264837
7, 264837
4, 264837
1, 264837
15, 264837
2, 264837
36, 264837
23, 264837
16, 264837
37, 264837
66, 264837
16, 264837
3, 264837
30, 264837
4, 264837
39, 264837
12, 264837
22, 264837
0, 264837
1, 264837
3, 264837
3, 264837
54, 264837
38, 264837
21, 264837
11, 264837
2, 264837
3, 264837
14, 264837
2, 264837
72, 264837
8, 264837
0, 264837
13, 264837
11, 264837
168, 264837
7, 264837
20, 264837
98, 264837
8, 264837
3, 264837
9, 264837
41, 264837
9, 264837
8, 264837
2, 264837
10, 264837
97, 264837
5, 264837
0, 264837
1, 264837
68, 264837
91, 264837
19, 264837
3, 264837
1, 264837
46, 264837
10, 264837
50, 264837
2, 264837
5, 264837
10, 264837
85, 264837
55, 264837
12, 264837
21, 264837
1, 264837
12, 264837
10, 264837
18, 264837
96, 264837
33, 264837
9, 264837
18, 264837
99, 264837
11, 264837
68, 264837
23, 264837
22, 264837
17, 264837
3, 264837
154, 264837
14, 264837
19, 264837
7, 264837
105, 264837
35, 264837
27, 264837
121, 264837
8, 264837
9, 264837
35, 264837
5, 264837
29, 264837
34, 264837
8, 264837
15, 264837
3, 264837
49, 264837
2, 264837
29, 264837
5, 264837
2, 264837
11, 264837
1, 264837
10, 264837
7, 264837
22, 264837
8, 264837
10, 264837
10, 264837
27, 264837
15, 264837
14, 264837
13, 264837
10, 264837
4, 264837
45, 264837
35, 264837
6, 264837
73, 264837
19, 264837
22, 264837
25, 264837
58, 264837
15, 264837
38, 264837
10, 264837
2, 264837
1, 264837
14, 264837
0, 264837
4, 264837
11, 264837
0, 264837
1, 264837
36, 264837
44, 264837
9, 264837
4, 264837
20, 264837
18, 264837
12, 264837
38, 264837
10, 264837
5, 264837
72, 264837
18, 264837
26, 264837
17, 264837
0, 264837
6, 264837
113, 264837
157, 264837
9, 264837
14, 264837
40, 264837
16, 264837
8, 264837
6, 264837
15, 264837
2, 264837
2, 264837
4, 264837
0, 264837
12, 264837
11, 264837
21, 264837
10, 264837
26, 264837
4, 264837
12, 264837
21, 264837
50, 264837
40, 264837
20, 264837
73, 264837
15, 264837
28, 264837
6, 264837
12, 264837
12, 264837
2, 264837
3, 264837
9, 264837
28, 264837
13, 264837
35, 264837
101, 264837
4, 264837
12, 264837
31, 264837
22, 264837
16, 264837
0, 264837
30, 264837
17, 264837
11, 264837
39, 264837
28, 264837
25, 264837
0, 264837
0, 264837
4, 264837
0, 264837
21, 264837
31, 264837
5, 264837
50, 264837
13, 264837
3, 264837
18, 264837
1, 264837
16, 264837
7, 264837
17, 264837
30, 264837
1, 264837
11, 264837
9, 264837
6, 264837
2, 264837
3, 264837
7, 264837
7, 264837
12, 264837
32, 264837
4, 264837
3, 264837
5, 264837
4, 264837
2, 264837
3, 264837
17, 264837
6, 264837
9, 264837
7, 264837
3, 264837
8, 264837
49, 264837
41, 264837
21, 264837
3, 264837
17, 264837
2, 264837
93, 264837
1, 264837
77, 264837
6, 264837
74, 264837
37, 264837
26, 264837
28, 264837
16, 264837
25, 264837
66, 264837
36, 264837
10, 264837
26, 264837
11, 264837
23, 264837
8, 264837
31, 264837
27, 264837
4, 264837
20, 264837
9, 264837
6, 264837
56, 264837
5, 264837
78, 264837
33, 264837
36, 264837
6, 264837
37, 264837
54, 264837
151, 264837
41, 264837
84, 264837
4, 264837
27, 264837
80, 264837
3, 264837
5, 264837
4, 264837
3, 264837
25, 264837
203, 264837
14, 264837
7, 264837
18, 264837
24, 264837
5, 264837
59, 264837
62, 264837
12, 264837
16, 264837
8, 264837
1, 264837
18, 264837
10, 264837
3, 264837
37, 264837
9, 264837
2, 264837
12, 264837
7, 264837
9, 264837
18, 264837
3, 264837
12, 264837
40, 264837
0, 264837
35, 264837
59, 264837
12, 264837
4, 264837
94, 264837
33, 264837
60, 264837
31, 264837
41, 264837
10, 264837
3, 264837
77, 264837
26, 264837
21, 264837
23, 264837
5, 264837
34, 264837
14, 264837
19, 264837
39, 264837
16, 264837
5, 264837
83, 264837
48, 264837
3, 264837
7, 264837
1, 264837
16, 264837
16, 264837
22, 264837
36, 264837
68, 264837
1, 264837
138, 264837
35, 264837
22, 264837
6, 264837
1, 264837
12, 264837
7, 264837
10, 264837
10, 264837
36, 264837
6, 264837
6, 264837
93, 264837
29, 264837
40, 264837
5, 264837
35, 264837
3, 264837
11, 264837
12, 264837
113, 264837
3, 264837
0, 264837
57, 264837
70, 264837
6, 264837
45, 264837
57, 264837
4, 264837
3, 264837
15, 264837
2, 264837
0, 264837
39, 264837
23, 264837
1, 264837
71, 264837
2, 264837
119, 264837
20, 264837
9, 264837
10, 264837
2, 264837
5, 264837
63, 264837
4, 264837
25, 264837
4, 264837
22, 264837
3, 264837
16, 264837
28, 264837
2, 264837
5, 264837
31, 264837
53, 264837
4, 264837
36, 264837
10, 264837
8, 264837
3, 264837
43, 264837
53, 264837
30, 264837
14, 264837
122, 264837
27, 264837
11, 264837
16, 264837
54, 264837
8, 264837
0, 264837
4, 264837
11, 264837
19, 264837
12, 264837
0, 264837
16, 264837
7, 264837
3, 264837
15, 264837
6, 264837
8, 264837
7, 264837
15, 264837
29, 264837
59, 264837
1, 264837
17, 264837
3, 264837
1, 264837
1, 264837
2, 264837
4, 264837
1, 264837
18, 264837
3, 264837
19, 264837
4, 264837
7, 264837
53, 264837
31, 264837
30, 264837
17, 264837
10, 264837
68, 264837
14, 264837
6, 264837
20, 264837
12, 264837
118, 264837
13, 264837
3, 264837
19, 264837
2, 264837
14, 264837
7, 264837
2, 264837
20, 264837
6, 264837
9, 264837
18, 264837
11, 264837
67, 264837
23, 264837
7, 264837
6, 264837
24, 264837
8, 264837
89, 264837
6, 264837
15, 264837
31, 264837
1, 264837
5, 264837
3, 264837
8, 264837
55, 264837
23, 264837
26, 264837
1, 264837
9, 264837
1, 264837
12, 264837
6, 264837
3, 264837
44, 264837
16, 264837
73, 264837
15, 264837
11, 264837
7, 264837
57, 264837
106, 264837
28, 264837
72, 264837
23, 264837
30, 264837
50, 264837
7, 264837
29, 264837
16, 264837
3, 264837
6, 264837
15, 264837
17, 264837
22, 264837
7, 264837
20, 264837
18, 264837
10, 264837
0, 264837
3, 264837
29, 264837
4, 264837
17, 264837
1, 264837
76, 264837
16, 264837
50, 264837
55, 264837
51, 264837
17, 264837
6, 264837
11, 264837
38, 264837
14, 264837
0, 264837
16, 264837
7, 264837
9, 264837
71, 264837
4, 264837
86, 264837
17, 264837
42, 264837
2, 264837
10, 264837
1, 264837
74, 264837
71, 264837
136, 264837
30, 264837
12, 264837
43, 264837
4, 264837
8, 264837
9, 264837
2, 264837
22, 264837
2, 264837
12, 264837
13, 264837
5, 264837
0, 264837
2, 264837
57, 264837
5, 264837
47, 264837
36, 264837
9, 264837
0, 264837
1, 264837
8, 264837
26, 264837
0, 264837
3, 264837
12, 264837
30, 264837
6, 264837
4, 264837
11, 264837
13, 264837
21, 264837
2, 264837
44, 264837
6, 264837
2, 264837
9, 264837
1, 264837
1, 264837
17, 264837
16, 264837
2, 264837
18, 264837
3, 264837
13, 264837
15, 264837
51, 264837
31, 264837
20, 264837
14, 264837
25, 264837
13, 264837
16, 264837
8, 264837
9, 264837
12, 264837
11, 264837
2, 264837
30, 264837
20, 264837
0, 264837
16, 264837
10, 264837
7, 264837
20, 264837
22, 264837
87, 264837
18, 264837
3, 264837
1, 264837
2, 264837
5, 264837
2, 264837
17, 264837
17, 264837
41, 264837
38, 264837
8, 264837
21, 264837
34, 264837
3, 264837
4, 264837
6, 264837
118, 264837
26, 264837
16, 264837
57, 264837
10, 264837
1, 264837
92, 264837
92, 264837
8, 264837
8, 264837
16, 264837
4, 264837
9, 264837
14, 264837
29, 264837
14, 264837
75, 264837
3, 264837
10, 264837
8, 264837
0, 264837
72, 264837
11, 264837
4, 264837
3, 264837
2, 264837
61, 264837
24, 264837
52, 264837
4, 264837
29, 264837
3, 264837
105, 264837
3, 264837
19, 264837
14, 264837
6, 264837
11, 264837
29, 264837
10, 264837
13, 264837
2, 264837
16, 264837
77, 264837
5, 264837
48, 264837
16, 264837
14, 264837
50, 264837
14, 264837
31, 264837
10, 264837
8, 264837
22, 264837
2, 264837
7, 264837
2, 264837
18, 264837
0, 264837
10, 264837
12, 264837
2, 264837
39, 264837
12, 264837
24, 264837
42, 264837
44, 264837
55, 264837
68, 264837
9, 264837
70, 264837
15, 264837
13, 264837
83, 264837
15, 264837
27, 264837
10, 264837
19, 264837
24, 264837
2, 264837
6, 264837
2, 264837
16, 264837
10, 264837
58, 264837
0, 264837
5, 264837
16, 264837
19, 264837
11, 264837
40, 264837
4, 264837
9, 264837
10, 264837
4, 264837
21, 264837
24, 264837
0, 264837
37, 264837
22, 264837
11, 264837
2, 264837
11, 264837
15, 264837
66, 264837
18, 264837
7, 264837
3, 264837
167, 264837
5, 264837
143, 264837
5, 264837
6, 264837
66, 264837
4, 264837
2, 264837
4, 264837
6, 264837
23, 264837
20, 264837
61, 264837
44, 264837
66, 264837
20, 264837
47, 264837
62, 264837
41, 264837
6, 264837
19, 264837
25, 264837
9, 264837
3, 264837
2, 264837
29, 264837
100, 264837
9, 264837
8, 264837
4, 264837
38, 264837
9, 264837
20, 264837
1, 264837
6, 264837
4, 264837
13, 264837
29, 264837
17, 264837
6, 264837
15, 264837
2, 264837
32, 264837
4, 264837
7, 264837
2, 264837
7, 264837
9, 264837
19, 264837
42, 264837
6, 264837
7, 264837
6, 264837
43, 264837
9, 264837
0, 264837
2, 264837
24, 264837
3, 264837
77, 264837
24, 264837
48, 264837
4, 264837
24, 264837
25, 264837
5, 264837
2, 264837
1, 264837
7, 264837
36, 264837
26, 264837
81, 264837
22, 264837
29, 264837
113, 264837
2, 264837
2, 264837
12, 264837
8, 264837
8, 264837
28, 264837
7, 264837
5, 264837
7, 264837
0, 264837
17, 264837
4, 264837
1, 264837
0, 264837
24, 264837
54, 264837
5, 264837
6, 264837
39, 264837
15, 264837
8, 264837
23, 264837
14, 264837
24, 264837
45, 264837
2, 264837
8, 264837
28, 264837
20, 264837
2, 264837
1, 264837
12, 264837
3, 264837
22, 264837
45, 264837
12, 264837
2, 264837
9, 264837
12, 264837
3, 264837
13, 264837
4, 264837
1, 264837
11, 264837
16, 264837
9, 264837
11, 264837
31, 264837
104, 264837
56, 264837
2, 264837
7, 264837
2, 264837
5, 264837
21, 264837
4, 264837
30, 264837
5, 264837
4, 264837
6, 264837
35, 264837
55, 264837
72, 264837
21, 264837
22, 264837
19, 264837
25, 264837
1, 264837
36, 264837
27, 264837
42, 264837
10, 264837
19, 264837
9, 264837
43, 264837
6, 264837
13, 264837
0, 264837
5, 264837
7, 264837
17, 264837
13, 264837
56, 264837
37, 264837
1, 264837
16, 264837
8, 264837
25, 264837
7, 264837
3, 264837
19, 264837
6, 264837
2, 264837
24, 264837
29, 264837
10, 264837
54, 264837
11, 264837
33, 264837
3, 264837
8, 264837
12, 264837
17, 264837
4, 264837
1, 264837
9, 264837
2, 264837
42, 264837
13, 264837
1, 264837
7, 264837
5, 264837
3, 264837
24, 264837
106, 264837
20, 264837
126, 264837
14, 264837
35, 264837
10, 264837
35, 264837
5, 264837
39, 264837
68, 264837
80, 264837
57, 264837
288, 264837
33, 264837
105, 264837
26, 264837
77, 264837
25, 264837
67, 264837
14, 264837
8, 264837
18, 264837
11, 264837
9, 264837
40, 264837
23, 264837
10, 264837
16, 264837
3, 264837
4, 264837
9, 264837
24, 264837
7, 264837
16, 264837
64, 264837
0, 264837
69, 264837
48, 264837
9, 264837
51, 264837
3, 264837
6, 264837
31, 264837
5, 264837
31, 264837
0, 264837
9, 264837
6, 264837
6, 264837
53, 264837
22, 264837
2, 264837
15, 264837
2, 264837
9, 264837
10, 264837
9, 264837
0, 264837
7, 264837
1, 264837
4, 264837
156, 264837
2, 264837
10, 264837
3, 264837
9, 264837
4, 264837
20, 264837
3, 264837
2, 264837
48, 264837
3, 264837
4, 264837
23, 264837
28, 264837
7, 264837
6, 264837
19, 264837
27, 264837
33, 264837
16, 264837
37, 264837
15, 264837
15, 264837
26, 264837
18, 264837
34, 264837
30, 264837
0, 264837
1, 264837
91, 264837
18, 264837
3, 264837
52, 264837
11, 264837
19, 264837
4, 264837
5, 264837
5, 264837
9, 264837
2, 264837
5, 264837
9, 264837
8, 264837
2, 264837
10, 264837
6, 264837
26, 264837
66, 264837
1, 264837
11, 264837
20, 264837
10, 264837
1, 264837
13, 264837
25, 264837
0, 264837
3, 264837
13, 264837
3, 264837
0, 264837
11, 264837
0, 264837
56, 264837
34, 264837
37, 264837
26, 264837
2, 264837
10, 264837
2, 264837
28, 264837
15, 264837
3, 264837
4, 264837
3, 264837
14, 264837
3, 264837
12, 264837
35, 264837
34, 264837
32, 264837
36, 264837
4, 264837
31, 264837
22, 264837
3, 264837
7, 264837
5, 264837
13, 264837
28, 264837
35, 264837
9, 264837
0, 264837
1, 264837
92, 264837
21, 264837
14, 264837
124, 264837
58, 264837
68, 264837
26, 264837
31, 264837
6, 264837
15, 264837
1, 264837
71, 264837
43, 264837
7, 264837
50, 264837
2, 264837
5, 264837
17, 264837
1, 264837
7, 264837
3, 264837
1, 264837
2, 264837
2, 264837
11, 264837
8, 264837
73, 264837
34, 264837
6, 264837
8, 264837
6, 264837
2, 264837
3, 264837
33, 264837
17, 264837
13, 264837
3, 264837
35, 264837
22, 264837
40, 264837
31, 264837
2, 264837
3, 264837
11, 264837
1, 264837
3, 264837
2, 264837
24, 264837
12, 264837
25, 264837
27, 264837
10, 264837
4, 264837
10, 264837
2, 264837
6, 264837
14, 264837
11, 264837
34, 264837
7, 264837
21, 264837
10, 264837
1, 264837
3, 264837
14, 264837
38, 264837
8, 264837
19, 264837
6, 264837
105, 264837
5, 264837
38, 264837
15, 264837
8, 264837
147, 264837
38, 264837
4, 264837
19, 264837
7, 264837
5, 264837
6, 264837
25, 264837
9, 264837
12, 264837
2, 264837
9, 264837
4, 264837
5, 264837
7, 264837
36, 264837
23, 264837
8, 264837
8, 264837
0, 264837
8, 264837
1, 264837
18, 264837
14, 264837
0, 264837
2, 264837
20, 264837
6, 264837
2, 264837
0, 264837
3, 264837
26, 264837
61, 264837
15, 264837
74, 264837
12, 264837
3, 264837
20, 264837
2, 264837
71, 264837
21, 264837
17, 264837
0, 264837
13, 264837
22, 264837
2, 264837
16, 264837
3, 264837
3, 264837
4, 264837
2, 264837
1, 264837
26, 264837
25, 264837
1, 264837
52, 264837
2, 264837
30, 264837
11, 264837
229, 264837
45, 264837
11, 264837
20, 264837
17, 264837
64, 264837
35, 264837
8, 264837
65, 264837
52, 264837
22, 264837
43, 264837
25, 264837
9, 264837
14, 264837
2, 264837
23, 264837
4, 264837
10, 264837
6, 264837
4, 264837
7, 264837
58, 264837
1, 264837
17, 264837
10, 264837
96, 264837
73, 264837
9, 264837
3, 264837
9, 264837
60, 264837
9, 264837
16, 264837
6, 264837
1, 264837
29, 264837
15, 264837
16, 264837
19, 264837
13, 264837
37, 264837
34, 264837
42, 264837
1, 264837
17, 264837
108, 264837
13, 264837
56, 264837
26, 264837
24, 264837
8, 264837
1, 264837
12, 264837
7, 264837
5, 264837
4, 264837
2, 264837
4, 264837
11, 264837
35, 264837
36, 264837
24, 264837
0, 264837
8, 264837
1, 264837
13, 264837
6, 264837
20, 264837
6, 264837
5, 264837
1, 264837
5, 264837
6, 264837
3, 264837
14, 264837
29, 264837
4, 264837
57, 264837
0, 264837
9, 264837
5, 264837
4, 264837
1, 264837
25, 264837
40, 264837
10, 264837
29, 264837
12, 264837
322, 264837
21, 264837
12, 264837
16, 264837
31, 264837
14, 264837
9, 264837
152, 264837
12, 264837
16, 264837
22, 264837
6, 264837
7, 264837
5, 264837
2, 264837
24, 264837
58, 264837
36, 264837
53, 264837
118, 264837
3, 264837
5, 264837
4, 264837
75, 264837
67, 264837
10, 264837
36, 264837
16, 264837
12, 264837
64, 264837
1, 264837
73, 264837
6, 264837
14, 264837
5, 264837
10, 264837
22, 264837
3, 264837
32, 264837
42, 264837
9, 264837
42, 264837
55, 264837
10, 264837
12, 264837
24, 264837
3, 264837
6, 264837
44, 264837
1, 264837
50, 264837
21, 264837
25, 264837
15, 264837
2, 264837
4, 264837
9, 264837
15, 264837
4, 264837
5, 264837
2, 264837
2, 264837
1, 264837
4, 264837
4, 264837
0, 264837
96, 264837
2, 264837
15, 264837
15, 264837
4, 264837
6, 264837
9, 264837
22, 264837
137, 264837
6, 264837
1, 264837
137, 264837
0, 264837
3, 264837
61, 264837
24, 264837
8, 264837
56, 264837
1, 264837
24, 264837
17, 264837
38, 264837
76, 264837
4, 264837
50, 264837
19, 264837
1, 264837
40, 264837
2, 264837
137, 264837
11, 264837
16, 264837
16, 264837
16, 264837
2, 264837
14, 264837
9, 264837
2, 264837
37, 264837
30, 264837
3, 264837
101, 264837
15, 264837
0, 264837
96, 264837
19, 264837
90, 264837
22, 264837
72, 264837
4, 264837
158, 264837
8, 264837
86, 264837
29, 264837
77, 264837
42, 264837
4, 264837
8, 264837
15, 264837
3, 264837
2, 264837
6, 264837
15, 264837
18, 264837
8, 264837
66, 264837
8, 264837
41, 264837
66, 264837
47, 264837
11, 264837
5, 264837
25, 264837
11, 264837
4, 264837
3, 264837
21, 264837
6, 264837
107, 264837
5, 264837
15, 264837
21, 264837
82, 264837
72, 264837
11, 264837
21, 264837
36, 264837
46, 264837
141, 264837
126, 264837
29, 264837
29, 264837
11, 264837
35, 264837
4, 264837
14, 264837
1, 264837
35, 264837
3, 264837
8, 264837
6, 264837
12, 264837
14, 264837
11, 264837
4, 264837
3, 264837
9, 264837
4, 264837
32, 264837
59, 264837
2, 264837
4, 264837
9, 264837
30, 264837
6, 264837
13, 264837
3, 264837
2, 264837
2, 264837
11, 264837
14, 264837
10, 264837
4, 264837
2, 264837
15, 264837
14, 264837
4, 264837
19, 264837
21, 264837
17, 264837
3, 264837
45, 264837
6, 264837
100, 264837
3, 264837
3, 264837
11, 264837
26, 264837
8, 264837
21, 264837
22, 264837
10, 264837
56, 264837
14, 264837
11, 264837
53, 264837
4, 264837
19, 264837
2, 264837
9, 264837
23, 264837
195, 264837
27, 264837
3, 264837
29, 264837
0, 264837
12, 264837
3, 264837
12, 264837
24, 264837
17, 264837
27, 264837
15, 264837
7, 264837
5, 264837
6, 264837
2, 264837
6, 264837
5, 264837
4, 264837
45, 264837
29, 264837
151, 264837
28, 264837
3, 264837
25, 264837
6, 264837
1, 264837
18, 264837
19, 264837
45, 264837
69, 264837
21, 264837
61, 264837
2, 264837
36, 264837
0, 264837
9, 264837
103, 264837
21, 264837
42, 264837
54, 264837
35, 264837
56, 264837
32, 264837
11, 264837
11, 264837
35, 264837
109, 264837
118, 264837
47, 264837
13, 264837
11, 264837
21, 264837
10, 264837
5, 264837
8, 264837
8, 264837
34, 264837
11, 264837
2, 264837
2, 264837
20, 264837
14, 264837
16, 264837
19, 264837
2, 264837
21, 264837
20, 264837
21, 264837
2, 264837
0, 264837
1, 264837
5, 264837
26, 264837
3, 264837
6, 264837
1, 264837
28, 264837
13, 264837
13, 264837
165, 264837
93, 264837
11, 264837
8, 264837
35, 264837
22, 264837
7, 264837
24, 264837
9, 264837
34, 264837
16, 264837
12, 264837
33, 264837
5, 264837
3, 264837
27, 264837
5, 264837
14, 264837
37, 264837
99, 264837
5, 264837
4, 264837
0, 264837
24, 264837
12, 264837
4, 264837
18, 264837
106, 264837
111, 264837
28, 264837
6, 264837
2, 264837
143, 264837
30, 264837
7, 264837
3, 264837
91, 264837
24, 264837
21, 264837
34, 264837
19, 264837
60, 264837
16, 264837
45, 264837
35, 264837
63, 264837
39, 264837
53, 264837
2, 264837
38, 264837
4, 264837
0, 264837
1, 264837
45, 264837
84, 264837
5, 264837
58, 264837
33, 264837
6, 264837
65, 264837
8, 264837
4, 264837
18, 264837
20, 264837
1, 264837
10, 264837
49, 264837
25, 264837
5, 264837
24, 264837
163, 264837
16, 264837
76, 264837
66, 264837
1, 264837
13, 264837
26, 264837
11, 264837
2, 264837
32, 264837
14, 264837
50, 264837
178, 264837
33, 264837
1, 264837
13, 264837
21, 264837
18, 264837
4, 264837
10, 264837
15, 264837
66, 264837
3, 264837
14, 264837
28, 264837
5, 264837
3, 264837
0, 264837
1, 264837
10, 264837
69, 264837
21, 264837
4, 264837
22, 264837
11, 264837
83, 264837
31, 264837
68, 264837
14, 264837
43, 264837
16, 264837
22, 264837
24, 264837
11, 264837
29, 264837
15, 264837
5, 264837
2, 264837
18, 264837
4, 264837
7, 264837
31, 264837
2, 264837
19, 264837
61, 264837
23, 264837
14, 264837
17, 264837
69, 264837
5, 264837
9, 264837
26, 264837
2, 264837
10, 264837
9, 264837
27, 264837
9, 264837
1, 264837
8, 264837
32, 264837
7, 264837
5, 264837
26, 264837
7, 264837
5, 264837
17, 264837
6, 264837
12, 264837
21, 264837
22, 264837
12, 264837
192, 264837
4, 264837
13, 264837
167, 264837
31, 264837
1, 264837
4, 264837
9, 264837
28, 264837
14, 264837
1, 264837
84, 264837
41, 264837
22, 264837
13, 264837
5, 264837
21, 264837
19, 264837
4, 264837
18, 264837
25, 264837
44, 264837
53, 264837
110, 264837
59, 264837
8, 264837
14, 264837
9, 264837
8, 264837
9, 264837
25, 264837
3, 264837
4, 264837
11, 264837
20, 264837
3, 264837
271, 264837
1, 264837
21, 264837
13, 264837
11, 264837
43, 264837
1, 264837
7, 264837
58, 264837
10, 264837
2, 264837
10, 264837
36, 264837
66, 264837
11, 264837
7, 264837
2, 264837
20, 264837
3, 264837
1, 264837
2, 264837
61, 264837
38, 264837
9, 264837
98, 264837
88, 264837
23, 264837
35, 264837
7, 264837
25, 264837
156, 264837
5, 264837
16, 264837
8, 264837
2, 264837
20, 264837
25, 264837
4, 264837
5, 264837
41, 264837
55, 264837
15, 264837
3, 264837
24, 264837
15, 264837
11, 264837
10, 264837
19, 264837
12, 264837
14, 264837
7, 264837
23, 264837
20, 264837
4, 264837
32, 264837
2, 264837
1, 264837
18, 264837
25, 264837
2, 264837
22, 264837
4, 264837
3, 264837
6, 264837
5, 264837
21, 264837
12, 264837
70, 264837
16, 264837
62, 264837
30, 264837
11, 264837
16, 264837
19, 264837
13, 264837
15, 264837
5, 264837
13, 264837
13, 264837
14, 264837
3, 264837
17, 264837
5, 264837
1, 264837
0, 264837
9, 264837
4, 264837
135, 264837
1, 264837
0, 264837
3, 264837
17, 264837
6, 264837
34, 264837
11, 264837
16, 264837
4, 264837
20, 264837
2, 264837
10, 264837
46, 264837
1, 264837
12, 264837
99, 264837
2, 264837
14, 264837
68, 264837
50, 264837
39, 264837
23, 264837
2, 264837
50, 264837
0, 264837
9, 264837
7, 264837
22, 264837
14, 264837
3, 264837
7, 264837
12, 264837
6, 264837
9, 264837
39, 264837
13, 264837
181, 264837
3, 264837
6, 264837
8, 264837
1, 264837
20, 264837
3, 264837
24, 264837
14, 264837
10, 264837
19, 264837
26, 264837
10, 264837
4, 264837
2, 264837
72, 264837
12, 264837
20, 264837
6, 264837
6, 264837
274, 264837
70, 264837
18, 264837
51, 264837
0, 264837
24, 264837
18, 264837
10, 264837
122, 264837
13, 264837
10, 264837
10, 264837
20, 264837
8, 264837
86, 264837
48, 264837
188, 264837
18, 264837
89, 264837
20, 264837
75, 264837
44, 264837
3, 264837
39, 264837
24, 264837
4, 264837
34, 264837
21, 264837
7, 264837
49, 264837
2, 264837
4, 264837
24, 264837
4, 264837
11, 264837
32, 264837
3, 264837
8, 264837
42, 264837
4, 264837
7, 264837
5, 264837
24, 264837
2, 264837
7, 264837
10, 264837
20, 264837
5, 264837
11, 264837
4, 264837
14, 264837
23, 264837
50, 264837
80, 264837
3, 264837
37, 264837
4, 264837
8, 264837
3, 264837
5, 264837
25, 264837
36, 264837
32, 264837
23, 264837
36, 264837
46, 264837
10, 264837
29, 264837
15, 264837
18, 264837
7, 264837
36, 264837
28, 264837
3, 264837
33, 264837
140, 264837
1, 264837
83, 264837
3, 264837
8, 264837
20, 264837
39, 264837
15, 264837
14, 264837
116, 264837
2, 264837
20, 264837
11, 264837
12, 264837
98, 264837
0, 264837
1, 264837
0, 264837
8, 264837
30, 264837
11, 264837
4, 264837
45, 264837
53, 264837
16, 264837
19, 264837
47, 264837
13, 264837
84, 264837
67, 264837
7, 264837
48, 264837
62, 264837
16, 264837
7, 264837
31, 264837
29, 264837
159, 264837
10, 264837
4, 264837
4, 264837
32, 264837
24, 264837
13, 264837
2, 264837
9, 264837
0, 264837
2, 264837
2, 264837
9, 264837
58, 264837
10, 264837
2, 264837
12, 264837
10, 264837
9, 264837
1, 264837
6, 264837
52, 264837
21, 264837
8, 264837
7, 264837
18, 264837
4, 264837
3, 264837
4, 264837
6, 264837
2, 264837
2, 264837
3, 264837
6, 264837
4, 264837
5, 264837
3, 264837
9, 264837
14, 264837
36, 264837
9, 264837
50, 264837
1, 264837
33, 264837
13, 264837
7, 264837
4, 264837
16, 264837
62, 264837
33, 264837
19, 264837
21, 264837
10, 264837
0, 264837
22, 264837
5, 264837
2, 264837
54, 264837
26, 264837
9, 264837
1, 264837
9, 264837
132, 264837
13, 264837
12, 264837
6, 264837
3, 264837
14, 264837
9, 264837
25, 264837
4, 264837
38, 264837
2, 264837
37, 264837
4, 264837
4, 264837
30, 264837
6, 264837
11, 264837
3, 264837
8, 264837
15, 264837
33, 264837
26, 264837
5, 264837
6, 264837
2, 264837
1, 264837
0, 264837
25, 264837
33, 264837
44, 264837
148, 264837
11, 264837
91, 264837
191, 264837
13, 264837
5, 264837
22, 264837
14, 264837
18, 264837
50, 264837
34, 264837
12, 264837
6, 264837
49, 264837
8, 264837
25, 264837
45, 264837
9, 264837
86, 264837
41, 264837
6, 264837
11, 264837
1, 264837
8, 264837
5, 264837
6, 264837
4, 264837
9, 264837
1, 264837
1, 264837
6, 264837
14, 264837
15, 264837
2, 264837
21, 264837
15, 264837
9, 264837
5, 264837
9, 264837
38, 264837
2, 264837
39, 264837
2, 264837
1, 264837
15, 264837
43, 264837
2, 264837
7, 264837
3, 264837
2, 264837
11, 264837
5, 264837
10, 264837
33, 264837
45, 264837
2, 264837
2, 264837
5, 264837
7, 264837
39, 264837
6, 264837
9, 264837
54, 264837
8, 264837
4, 264837
26, 264837
1, 264837
104, 264837
55, 264837
17, 264837
5, 264837
5, 264837
27, 264837
2, 264837
48, 264837
22, 264837
7, 264837
5, 264837
2, 264837
18, 264837
13, 264837
16, 264837
5, 264837
55, 264837
91, 264837
73, 264837
9, 264837
19, 264837
25, 264837
2, 264837
3, 264837
3, 264837
2, 264837
5, 264837
1, 264837
7, 264837
1, 264837
9, 264837
5, 264837
8, 264837
2, 264837
6, 264837
106, 264837
66, 264837
6, 264837
19, 264837
15, 264837
13, 264837
6, 264837
124, 264837
42, 264837
39, 264837
50, 264837
28, 264837
7, 264837
7, 264837
15, 264837
5, 264837
2, 264837
11, 264837
4, 264837
6, 264837
4, 264837
12, 264837
48, 264837
16, 264837
35, 264837
4, 264837
20, 264837
46, 264837
116, 264837
16, 264837
19, 264837
4, 264837
59, 264837
75, 264837
43, 264837
5, 264837
10, 264837
7, 264837
2, 264837
1, 264837
9, 264837
38, 264837
13, 264837
17, 264837
5, 264837
1, 264837
11, 264837
13, 264837
3, 264837
6, 264837
8, 264837
3, 264837
9, 264837
8, 264837
2, 264837
43, 264837
5, 264837
34, 264837
31, 264837
20, 264837
65, 264837
39, 264837
15, 264837
2, 264837
4, 264837
35, 264837
7, 264837
6, 264837
30, 264837
9, 264837
10, 264837
0, 264837
12, 264837
30, 264837
82, 264837
20, 264837
16, 264837
92, 264837
17, 264837
7, 264837
2, 264837
23, 264837
27, 264837
2, 264837
7, 264837
7, 264837
15, 264837
9, 264837
13, 264837
76, 264837
5, 264837
199, 264837
0, 264837
24, 264837
18, 264837
12, 264837
3, 264837
37, 264837
15, 264837
20, 264837
26, 264837
2, 264837
3, 264837
44, 264837
25, 264837
6, 264837
3, 264837
165, 264837
6, 264837
37, 264837
93, 264837
15, 264837
2, 264837
76, 264837
14, 264837
18, 264837
4, 264837
5, 264837
10, 264837
24, 264837
54, 264837
19, 264837
58, 264837
46, 264837
64, 264837
2, 264837
5, 264837
10, 264837
1, 264837
52, 264837
21, 264837
24, 264837
45, 264837
42, 264837
7, 264837
26, 264837
7, 264837
3, 264837
35, 264837
1, 264837
20, 264837
17, 264837
23, 264837
28, 264837
1, 264837
4, 264837
6, 264837
4, 264837
1, 264837
5, 264837
14, 264837
5, 264837
26, 264837
5, 264837
220, 264837
49, 264837
6, 264837
17, 264837
12, 264837
2, 264837
10, 264837
1, 264837
4, 264837
5, 264837
2, 264837
11, 264837
21, 264837
187, 264837
16, 264837
14, 264837
21, 264837
21, 264837
34, 264837
35, 264837
5, 264837
16, 264837
65, 264837
3, 264837
4, 264837
27, 264837
4, 264837
25, 264837
3, 264837
1, 264837
16, 264837
4, 264837
5, 264837
17, 264837
14, 264837
39, 264837
17, 264837
46, 264837
8, 264837
34, 264837
75, 264837
41, 264837
26, 264837
29, 264837
3, 264837
4, 264837
2, 264837
3, 264837
21, 264837
50, 264837
31, 264837
57, 264837
11, 264837
45, 264837
3, 264837
26, 264837
6, 264837
31, 264837
16, 264837
15, 264837
5, 264837
29, 264837
44, 264837
44, 264837
2, 264837
27, 264837
51, 264837
14, 264837
18, 264837
10, 264837
21, 264837
8, 264837
3, 264837
11, 264837
0, 264837
4, 264837
14, 264837
15, 264837
14, 264837
5, 264837
1, 264837
12, 264837
21, 264837
1, 264837
81, 264837
2, 264837
5, 264837
36, 264837
20, 264837
3, 264837
18, 264837
10, 264837
28, 264837
2, 264837
1, 264837
7, 264837
4, 264837
21, 264837
16, 264837
1, 264837
0, 264837
154, 264837
2, 264837
33, 264837
36, 264837
8, 264837
38, 264837
47, 264837
6, 264837
23, 264837
6, 264837
11, 264837
23, 264837
20, 264837
3, 264837
8, 264837
5, 264837
45, 264837
16, 264837
46, 264837
16, 264837
10, 264837
20, 264837
13, 264837
2, 264837
5, 264837
7, 264837
12, 264837
1, 264837
7, 264837
18, 264837
39, 264837
51, 264837
2, 264837
2, 264837
4, 264837
7, 264837
11, 264837
6, 264837
0, 264837
160, 264837
64, 264837
47, 264837
76, 264837
9, 264837
1, 264837
7, 264837
17, 264837
3, 264837
3, 264837
3, 264837
6, 264837
4, 264837
4, 264837
4, 264837
4, 264837
2, 264837
4, 264837
0, 264837
3, 264837
3, 264837
4, 264837
57, 264837
13, 264837
1, 264837
53, 264837
60, 264837
114, 264837
28, 264837
24, 264837
3, 264837
1, 264837
18, 264837
8, 264837
5, 264837
26, 264837
18, 264837
38, 264837
17, 264837
33, 264837
1, 264837
34, 264837
26, 264837
9, 264837
33, 264837
11, 264837
36, 264837
28, 264837
1, 264837
4, 264837
8, 264837
7, 264837
22, 264837
0, 264837
30, 264837
64, 264837
69, 264837
18, 264837
53, 264837
66, 264837
43, 264837
80, 264837
52, 264837
26, 264837
0, 264837
3, 264837
18, 264837
27, 264837
7, 264837
50, 264837
4, 264837
7, 264837
17, 264837
84, 264837
2, 264837
5, 264837
3, 264837
9, 264837
7, 264837
27, 264837
5, 264837
72, 264837
29, 264837
4, 264837
4, 264837
51, 264837
2, 264837
3, 264837
35, 264837
26, 264837
19, 264837
28, 264837
24, 264837
0, 264837
6, 264837
112, 264837
64, 264837
50, 264837
23, 264837
47, 264837
10, 264837
35, 264837
10, 264837
76, 264837
38, 264837
2, 264837
1, 264837
3, 264837
77, 264837
2, 264837
55, 264837
14, 264837
14, 264837
12, 264837
13, 264837
13, 264837
6, 264837
7, 264837
6, 264837
101, 264837
20, 264837
85, 264837
10, 264837
6, 264837
15, 264837
28, 264837
13, 264837
10, 264837
4, 264837
5, 264837
8, 264837
6, 264837
11, 264837
4, 264837
7, 264837
40, 264837
19, 264837
0, 264837
10, 264837
4, 264837
0, 264837
31, 264837
16, 264837
8, 264837
2, 264837
0, 264837
11, 264837
25, 264837
7, 264837
51, 264837
192, 264837
35, 264837
11, 264837
58, 264837
40, 264837
72, 264837
25, 264837
7, 264837
19, 264837
16, 264837
25, 264837
10, 264837
3, 264837
1, 264837
7, 264837
12, 264837
3, 264837
2, 264837
7, 264837
5, 264837
43, 264837
11, 264837
20, 264837
4, 264837
23, 264837
1, 264837
117, 264837
22, 264837
221, 264837
49, 264837
22, 264837
12, 264837
44, 264837
10, 264837
14, 264837
17, 264837
5, 264837
14, 264837
7, 264837
0, 264837
4, 264837
2, 264837
3, 264837
5, 264837
22, 264837
2, 264837
0, 264837
15, 264837
1, 264837
13, 264837
18, 264837
9, 264837
26, 264837
25, 264837
42, 264837
20, 264837
11, 264837
30, 264837
74, 264837
111, 264837
84, 264837
94, 264837
98, 264837
7, 264837
3, 264837
3, 264837
29, 264837
14, 264837
21, 264837
17, 264837
3, 264837
6, 264837
8, 264837
36, 264837
11, 264837
161, 264837
5, 264837
13, 264837
6, 264837
17, 264837
2, 264837
15, 264837
4, 264837
10, 264837
54, 264837
34, 264837
2, 264837
1, 264837
24, 264837
5, 264837
7, 264837
25, 264837
9, 264837
3, 264837
19, 264837
2, 264837
7, 264837
15, 264837
13, 264837
13, 264837
29, 264837
2, 264837
90, 264837
167, 264837
10, 264837
30, 264837
26, 264837
30, 264837
0, 264837
25, 264837
3, 264837
12, 264837
0, 264837
15, 264837
8, 264837
3, 264837
4, 264837
8, 264837
78, 264837
23, 264837
2, 264837
11, 264837
15, 264837
4, 264837
2, 264837
4, 264837
15, 264837
8, 264837
70, 264837
55, 264837
58, 264837
19, 264837
20, 264837
4, 264837
76, 264837
14, 264837
4, 264837
2, 264837
4, 264837
63, 264837
8, 264837
35, 264837
1, 264837
5, 264837
42, 264837
0, 264837
7, 264837
1, 264837
30, 264837
5, 264837
19, 264837
47, 264837
122, 264837
0, 264837
1, 264837
53, 264837
18, 264837
4, 264837
1, 264837
12, 264837
18, 264837
1, 264837
3, 264837
115, 264837
34, 264837
47, 264837
66, 264837
62, 264837
131, 264837
48, 264837
131, 264837
103, 264837
5, 264837
97, 264837
171, 264837
37, 264837
20, 264837
89, 264837
46, 264837
1, 264837
7, 264837
0, 264837
3, 264837
7, 264837
15, 264837
34, 264837
8, 264837
1, 264837
21, 264837
2, 264837
46, 264837
23, 264837
2, 264837
7, 264837
6, 264837
6, 264837
6, 264837
13, 264837
18, 264837
5, 264837
1, 264837
64, 264837
2, 264837
15, 264837
19, 264837
8, 264837
62, 264837
35, 264837
47, 264837
5, 264837
19, 264837
12, 264837
1, 264837
5, 264837
39, 264837
4, 264837
19, 264837
31, 264837
206, 264837
25, 264837
270, 264837
1, 264837
2, 264837
63, 264837
28, 264837
78, 264837
15, 264837
2, 264837
2, 264837
19, 264837
6, 264837
2, 264837
13, 264837
3, 264837
1, 264837
41, 264837
3, 264837
36, 264837
2, 264837
14, 264837
13, 264837
4, 264837
26, 264837
0, 264837
63, 264837
66, 264837
29, 264837
75, 264837
52, 264837
37, 264837
5, 264837
71, 264837
9, 264837
6, 264837
6, 264837
23, 264837
15, 264837
71, 264837
59, 264837
5, 264837
12, 264837
23, 264837
8, 264837
63, 264837
1, 264837
71, 264837
3, 264837
8, 264837
15, 264837
17, 264837
2, 264837
14, 264837
3, 264837
11, 264837
7, 264837
3, 264837
9, 264837
19, 264837
10, 264837
53, 264837
41, 264837
7, 264837
10, 264837
53, 264837
67, 264837
20, 264837
21, 264837
36, 264837
11, 264837
66, 264837
54, 264837
2, 264837
12, 264837
3, 264837
0, 264837
27, 264837
4, 264837
4, 264837
5, 264837
84, 264837
5, 264837
5, 264837
137, 264837
25, 264837
24, 264837
98, 264837
15, 264837
4, 264837
17, 264837
2, 264837
6, 264837
6, 264837
97, 264837
68, 264837
29, 264837
3, 264837
5, 264837
11, 264837
3, 264837
6, 264837
6, 264837
30, 264837
36, 264837
39, 264837
19, 264837
10, 264837
8, 264837
2, 264837
15, 264837
8, 264837
107, 264837
118, 264837
10, 264837
1, 264837
29, 264837
1, 264837
5, 264837
1, 264837
3, 264837
1, 264837
28, 264837
19, 264837
56, 264837
11, 264837
1, 264837
15, 264837
5, 264837
14, 264837
34, 264837
0, 264837
3, 264837
18, 264837
127, 264837
26, 264837
39, 264837
159, 264837
83, 264837
60, 264837
107, 264837
8, 264837
11, 264837
44, 264837
127, 264837
35, 264837
74, 264837
8, 264837
82, 264837
35, 264837
118, 264837
11, 264837
43, 264837
27, 264837
27, 264837
8, 264837
10, 264837
15, 264837
50, 264837
6, 264837
5, 264837
5, 264837
1, 264837
1, 264837
11, 264837
23, 264837
31, 264837
12, 264837
36, 264837
12, 264837
7, 264837
12, 264837
6, 264837
162, 264837
92, 264837
2, 264837
15, 264837
19, 264837
7, 264837
21, 264837
28, 264837
4, 264837
2, 264837
6, 264837
11, 264837
13, 264837
9, 264837
10, 264837
26, 264837
14, 264837
6, 264837
1, 264837
98, 264837
48, 264837
4, 264837
5, 264837
13, 264837
6, 264837
2, 264837
25, 264837
40, 264837
43, 264837
15, 264837
0, 264837
131, 264837
6, 264837
4, 264837
19, 264837
13, 264837
14, 264837
3, 264837
34, 264837
12, 264837
9, 264837
11, 264837
17, 264837
81, 264837
79, 264837
1, 264837
25, 264837
167, 264837
12, 264837
21, 264837
61, 264837
10, 264837
32, 264837
4, 264837
0, 264837
14, 264837
13, 264837
13, 264837
27, 264837
17, 264837
6, 264837
117, 264837
56, 264837
19, 264837
82, 264837
1, 264837
11, 264837
4, 264837
10, 264837
15, 264837
179, 264837
6, 264837
138, 264837
35, 264837
34, 264837
42, 264837
7, 264837
35, 264837
30, 264837
12, 264837
19, 264837
27, 264837
3, 264837
11, 264837
1, 264837
74, 264837
26, 264837
1, 264837
0, 264837
47, 264837
9, 264837
46, 264837
88, 264837
58, 264837
57, 264837
29, 264837
147, 264837
68, 264837
2, 264837
32, 264837
27, 264837
141, 264837
56, 264837
9, 264837
20, 264837
16, 264837
80, 264837
41, 264837
17, 264837
10, 264837
65, 264837
4, 264837
6, 264837
12, 264837
13, 264837
89, 264837
25, 264837
94, 264837
108, 264837
67, 264837
15, 264837
21, 264837
7, 264837
17, 264837
22, 264837
11, 264837
13, 264837
10, 264837
47, 264837
29, 264837
3, 264837
0, 264837
31, 264837
8, 264837
3, 264837
4, 264837
73, 264837
11, 264837
5, 264837
7, 264837
6, 264837
4, 264837
20, 264837
11, 264837
2, 264837
11, 264837
3, 264837
16, 264837
15, 264837
27, 264837
3, 264837
5, 264837
17, 264837
9, 264837
18, 264837
10, 264837
0, 264837
46, 264837
55, 264837
9, 264837
30, 264837
61, 264837
3, 264837
27, 264837
3, 264837
7, 264837
86, 264837
15, 264837
54, 264837
8, 264837
21, 264837
1, 264837
6, 264837
30, 264837
15, 264837
4, 264837
13, 264837
5, 264837
4, 264837
3, 264837
9, 264837
4, 264837
35, 264837
90, 264837
127, 264837
18, 264837
21, 264837
42, 264837
45, 264837
113, 264837
46, 264837
41, 264837
2, 264837
31, 264837
11, 264837
2, 264837
10, 264837
1, 264837
14, 264837
54, 264837
17, 264837
19, 264837
39, 264837
35, 264837
4, 264837
41, 264837
12, 264837
75, 264837
4, 264837
29, 264837
2, 264837
18, 264837
10, 264837
4, 264837
32, 264837
20, 264837
7, 264837
4, 264837
70, 264837
6, 264837
2, 264837
10, 264837
3, 264837
0, 264837
13, 264837
16, 264837
1, 264837
23, 264837
6, 264837
20, 264837
9, 264837
1, 264837
6, 264837
50, 264837
5, 264837
55, 264837
18, 264837
29, 264837
36, 264837
0, 264837
6, 264837
1, 264837
15, 264837
4, 264837
2, 264837
9, 264837
18, 264837
24, 264837
3, 264837
13, 264837
4, 264837
16, 264837
2, 264837
2, 264837
39, 264837
33, 264837
29, 264837
78, 264837
1, 264837
15, 264837
7, 264837
19, 264837
3, 264837
34, 264837
10, 264837
61, 264837
26, 264837
29, 264837
25, 264837
4, 264837
30, 264837
78, 264837
3, 264837
49, 264837
7, 264837
151, 264837
29, 264837
138, 264837
60, 264837
70, 264837
18, 264837
62, 264837
31, 264837
9, 264837
1, 264837
5, 264837
18, 264837
9, 264837
7, 264837
6, 264837
18, 264837
15, 264837
15, 264837
40, 264837
2, 264837
39, 264837
13, 264837
10, 264837
6, 264837
48, 264837
75, 264837
0, 264837
41, 264837
2, 264837
4, 264837
42, 264837
2, 264837
20, 264837
13, 264837
1, 264837
13, 264837
4, 264837
47, 264837
8, 264837
43, 264837
2, 264837
30, 264837
128, 264837
12, 264837
2, 264837
11, 264837
3, 264837
10, 264837
5, 264837
17, 264837
15, 264837
7, 264837
11, 264837
8, 264837
48, 264837
42, 264837
23, 264837
45, 264837
36, 264837
81, 264837
3, 264837
15, 264837
32, 264837
20, 264837
32, 264837
30, 264837
61, 264837
13, 264837
140, 264837
12, 264837
4, 264837
10, 264837
6, 264837
115, 264837
6, 264837
175, 264837
0, 264837
31, 264837
143, 264837
47, 264837
10, 264837
172, 264837
1, 264837
0, 264837
13, 264837
18, 264837
64, 264837
2, 264837
21, 264837
40, 264837
53, 264837
43, 264837
7, 264837
49, 264837
1, 264837
4, 264837
48, 264837
29, 264837
20, 264837
1, 264837
78, 264837
47, 264837
8, 264837
1, 264837
76, 264837
19, 264837
4, 264837
8, 264837
4, 264837
36, 264837
63, 264837
52, 264837
108, 264837
39, 264837
120, 264837
163, 264837
25, 264837
181, 264837
34, 264837
17, 264837
6, 264837
0, 264837
10, 264837
13, 264837
12, 264837
17, 264837
2, 264837
6, 264837
14, 264837
9, 264837
10, 264837
1, 264837
4, 264837
105, 264837
19, 264837
1, 264837
10, 264837
33, 264837
8, 264837
9, 264837
122, 264837
18, 264837
12, 264837
0, 264837
69, 264837
134, 264837
25, 264837
16, 264837
2, 264837
14, 264837
3, 264837
8, 264837
3, 264837
7, 264837
5, 264837
3, 264837
6, 264837
4, 264837
29, 264837
4, 264837
3, 264837
17, 264837
2, 264837
6, 264837
2, 264837
11, 264837
1, 264837
29, 264837
90, 264837
149, 264837
2, 264837
6, 264837
15, 264837
28, 264837
13, 264837
4, 264837
5, 264837
18, 264837
23, 264837
7, 264837
21, 264837
15, 264837
17, 264837
9, 264837
22, 264837
8, 264837
23, 264837
11, 264837
26, 264837
4, 264837
43, 264837
1, 264837
10, 264837
6, 264837
9, 264837
29, 264837
16, 264837
10, 264837
22, 264837
4, 264837
14, 264837
11, 264837
60, 264837
1, 264837
82, 264837
20, 264837
82, 264837
84, 264837
10, 264837
92, 264837
4, 264837
30, 264837
19, 264837
3, 264837
30, 264837
36, 264837
12, 264837
6, 264837
13, 264837
1, 264837
4, 264837
35, 264837
4, 264837
6, 264837
15, 264837
27, 264837
8, 264837
26, 264837
1, 264837
1, 264837
2, 264837
10, 264837
10, 264837
12, 264837
8, 264837
16, 264837
10, 264837
13, 264837
15, 264837
21, 264837
10, 264837
4, 264837
5, 264837
35, 264837
1, 264837
27, 264837
42, 264837
17, 264837
69, 264837
22, 264837
8, 264837
11, 264837
43, 264837
11, 264837
5, 264837
34, 264837
2, 264837
1, 264837
14, 264837
2, 264837
19, 264837
74, 264837
16, 264837
171, 264837
9, 264837
73, 264837
16, 264837
32, 264837
6, 264837
14, 264837
14, 264837
24, 264837
2, 264837
3, 264837
2, 264837
5, 264837
1, 264837
2, 264837
5, 264837
12, 264837
1, 264837
49, 264837
60, 264837
35, 264837
36, 264837
7, 264837
117, 264837
41, 264837
1, 264837
67, 264837
11, 264837
82, 264837
30, 264837
6, 264837
7, 264837
131, 264837
8, 264837
38, 264837
1, 264837
12, 264837
3, 264837
10, 264837
42, 264837
53, 264837
8, 264837
27, 264837
38, 264837
38, 264837
102, 264837
13, 264837
148, 264837
141, 264837
3, 264837
67, 264837
19, 264837
32, 264837
9, 264837
18, 264837
3, 264837
4, 264837
4, 264837
1, 264837
6, 264837
24, 264837
3, 264837
14, 264837
13, 264837
4, 264837
1, 264837
1, 264837
6, 264837
1, 264837
8, 264837
22, 264837
90, 264837
33, 264837
5, 264837
26, 264837
48, 264837
38, 264837
6, 264837
51, 264837
3, 264837
8, 264837
15, 264837
14, 264837
46, 264837
34, 264837
3, 264837
7, 264837
13, 264837
90, 264837
36, 264837
39, 264837
25, 264837
8, 264837
6, 264837
8, 264837
16, 264837
28, 264837
33, 264837
5, 264837
28, 264837
4, 264837
61, 264837
17, 264837
1, 264837
13, 264837
33, 264837
3, 264837
81, 264837
14, 264837
287, 264837
28, 264837
14, 264837
11, 264837
122, 264837
101, 264837
6, 264837
10, 264837
35, 264837
122, 264837
2, 264837
25, 264837
13, 264837
18, 264837
18, 264837
26, 264837
5, 264837
9, 264837
1, 264837
6, 264837
56, 264837
16, 264837
8, 264837
156, 264837
61, 264837
26, 264837
10, 264837
2, 264837
11, 264837
17, 264837
20, 264837
53, 264837
36, 264837
3, 264837
2, 264837
7, 264837
2, 264837
9, 264837
5, 264837
0, 264837
4, 264837
9, 264837
7, 264837
14, 264837
8, 264837
11, 264837
14, 264837
59, 264837
0, 264837
25, 264837
3, 264837
2, 264837
8, 264837
1, 264837
44, 264837
9, 264837
1, 264837
24, 264837
1, 264837
6, 264837
2, 264837
64, 264837
19, 264837
8, 264837
18, 264837
15, 264837
6, 264837
6, 264837
14, 264837
9, 264837
24, 264837
128, 264837
63, 264837
15, 264837
69, 264837
16, 264837
1, 264837
42, 264837
137, 264837
3, 264837
110, 264837
7, 264837
23, 264837
12, 264837
45, 264837
7, 264837
23, 264837
11, 264837
9, 264837
4, 264837
8, 264837
9, 264837
12, 264837
16, 264837
5, 264837
53, 264837
6, 264837
3, 264837
27, 264837
48, 264837
5, 264837
17, 264837
8, 264837
6, 264837
10, 264837
3, 264837
19, 264837
12, 264837
8, 264837
28, 264837
1, 264837
8, 264837
13, 264837
80, 264837
13, 264837
14, 264837
11, 264837
24, 264837
10, 264837
6, 264837
60, 264837
53, 264837
125, 264837
17, 264837
28, 264837
19, 264837
42, 264837
63, 264837
12, 264837
22, 264837
15, 264837
106, 264837
6, 264837
57, 264837
30, 264837
2, 264837
2, 264837
27, 264837
1, 264837
7, 264837
5, 264837
10, 264837
34, 264837
26, 264837
49, 264837
5, 264837
0, 264837
27, 264837
83, 264837
9, 264837
25, 264837
16, 264837
9, 264837
1, 264837
7, 264837
14, 264837
23, 264837
4, 264837
20, 264837
81, 264837
86, 264837
2, 264837
2, 264837
2, 264837
1, 264837
2, 264837
2, 264837
19, 264837
23, 264837
16, 264837
45, 264837
37, 264837
5, 264837
39, 264837
3, 264837
4, 264837
10, 264837
10, 264837
12, 264837
65, 264837
17, 264837
32, 264837
119, 264837
63, 264837
156, 264837
143, 264837
13, 264837
5, 264837
13, 264837
2, 264837
23, 264837
66, 264837
5, 264837
6, 264837
3, 264837
1, 264837
27, 264837
13, 264837
34, 264837
78, 264837
6, 264837
3, 264837
86, 264837
118, 264837
46, 264837
16, 264837
5, 264837
17, 264837
6, 264837
9, 264837
11, 264837
34, 264837
56, 264837
17, 264837
1, 264837
134, 264837
57, 264837
6, 264837
6, 264837
4, 264837
35, 264837
7, 264837
12, 264837
3, 264837
11, 264837
2, 264837
2, 264837
17, 264837
166, 264837
67, 264837
12, 264837
3, 264837
1, 264837
30, 264837
8, 264837
194, 264837
18, 264837
130, 264837
1, 264837
0, 264837
13, 264837
100, 264837
74, 264837
84, 264837
21, 264837
4, 264837
1, 264837
4, 264837
9, 264837
2, 264837
24, 264837
4, 264837
13, 264837
0, 264837
0, 264837
12, 264837
0, 264837
104, 264837
46, 264837
9, 264837
31, 264837
6, 264837
18, 264837
24, 264837
8, 264837
44, 264837
6, 264837
16, 264837
82, 264837
20, 264837
5, 264837
48, 264837
55, 264837
9, 264837
48, 264837
2, 264837
3, 264837
11, 264837
16, 264837
6, 264837
3, 264837
2, 264837
5, 264837
7, 264837
18, 264837
10, 264837
13, 264837
5, 264837
8, 264837
2, 264837
1, 264837
7, 264837
19, 264837
49, 264837
3, 264837
7, 264837
3, 264837
10, 264837
13, 264837
13, 264837
39, 264837
0, 264837
25, 264837
66, 264837
2, 264837
41, 264837
31, 264837
