#Algorithm: Qlearning, Speed: 1, Boost: 6, PM: False, Env size: (20, 20), Car size: (5, 4),
#Counter: 100, Nsteps: 10000000, Gamma: 1, LearnRate: 0.01, Eps: 0.5, Epsdecay: 0.9
15, 15
3, 15
7, 15
16, 16
11, 16
35, 35
20, 35
34, 35
15, 35
42, 42
7, 42
27, 42
19, 42
2, 42
4, 42
2, 42
5, 42
18, 42
5, 42
12, 42
11, 42
29, 42
6, 42
2, 42
6, 42
5, 42
3, 42
43, 43
62, 62
13, 62
6, 62
9, 62
4, 62
5, 62
25, 62
9, 62
10, 62
11, 62
7, 62
21, 62
15, 62
9, 62
6, 62
17, 62
20, 62
7, 62
3, 62
15, 62
8, 62
22, 62
54, 62
16, 62
28, 62
29, 62
18, 62
14, 62
16, 62
21, 62
8, 62
4, 62
6, 62
12, 62
24, 62
21, 62
3, 62
6, 62
6, 62
23, 62
23, 62
29, 62
37, 62
29, 62
4, 62
28, 62
5, 62
7, 62
3, 62
12, 62
10, 62
13, 62
54, 62
24, 62
31, 62
38, 62
29, 62
31, 62
4, 62
14, 62
42, 62
16, 62
14, 62
1, 62
24, 62
33, 62
7, 62
78, 78
49, 78
22, 78
40, 78
16, 78
20, 78
16, 78
13, 78
14, 78
4, 78
2, 78
59, 78
3, 78
43, 78
40, 78
18, 78
22, 78
2, 78
11, 78
35, 78
36, 78
6, 78
20, 78
13, 78
5, 78
19, 78
22, 78
6, 78
72, 78
6, 78
12, 78
16, 78
15, 78
15, 78
5, 78
18, 78
4, 78
47, 78
30, 78
16, 78
8, 78
11, 78
5, 78
51, 78
24, 78
33, 78
10, 78
31, 78
57, 78
24, 78
9, 78
22, 78
13, 78
49, 78
4, 78
21, 78
17, 78
2, 78
20, 78
66, 78
9, 78
5, 78
14, 78
8, 78
25, 78
8, 78
3, 78
16, 78
11, 78
94, 94
15, 94
43, 94
40, 94
11, 94
17, 94
2, 94
11, 94
8, 94
9, 94
16, 94
41, 94
22, 94
15, 94
36, 94
107, 107
20, 107
8, 107
13, 107
23, 107
53, 107
6, 107
10, 107
10, 107
5, 107
20, 107
8, 107
15, 107
31, 107
13, 107
20, 107
10, 107
3, 107
5, 107
17, 107
10, 107
4, 107
2, 107
6, 107
5, 107
28, 107
15, 107
7, 107
7, 107
20, 107
30, 107
37, 107
8, 107
21, 107
32, 107
6, 107
25, 107
18, 107
11, 107
5, 107
3, 107
26, 107
36, 107
33, 107
59, 107
9, 107
3, 107
14, 107
26, 107
26, 107
34, 107
32, 107
4, 107
20, 107
19, 107
5, 107
18, 107
14, 107
18, 107
16, 107
7, 107
3, 107
45, 107
24, 107
11, 107
41, 107
47, 107
56, 107
16, 107
23, 107
19, 107
37, 107
4, 107
19, 107
6, 107
11, 107
10, 107
37, 107
73, 107
95, 107
7, 107
4, 107
5, 107
12, 107
21, 107
4, 107
4, 107
15, 107
3, 107
23, 107
4, 107
2, 107
58, 107
10, 107
31, 107
7, 107
3, 107
42, 107
13, 107
69, 107
35, 107
38, 107
19, 107
29, 107
15, 107
6, 107
9, 107
15, 107
2, 107
12, 107
57, 107
14, 107
5, 107
27, 107
3, 107
24, 107
9, 107
4, 107
18, 107
7, 107
4, 107
45, 107
10, 107
10, 107
9, 107
4, 107
11, 107
6, 107
36, 107
20, 107
16, 107
18, 107
4, 107
33, 107
23, 107
11, 107
12, 107
13, 107
11, 107
58, 107
14, 107
8, 107
31, 107
61, 107
17, 107
20, 107
19, 107
8, 107
8, 107
12, 107
5, 107
5, 107
21, 107
17, 107
20, 107
20, 107
3, 107
2, 107
9, 107
34, 107
11, 107
16, 107
35, 107
13, 107
12, 107
16, 107
3, 107
40, 107
12, 107
40, 107
18, 107
22, 107
18, 107
113, 113
13, 113
6, 113
19, 113
12, 113
33, 113
34, 113
8, 113
26, 113
11, 113
23, 113
11, 113
9, 113
2, 113
15, 113
3, 113
12, 113
35, 113
7, 113
9, 113
7, 113
17, 113
10, 113
35, 113
3, 113
6, 113
21, 113
8, 113
34, 113
14, 113
28, 113
3, 113
36, 113
8, 113
32, 113
10, 113
36, 113
28, 113
65, 113
3, 113
23, 113
8, 113
13, 113
8, 113
42, 113
37, 113
15, 113
25, 113
21, 113
52, 113
45, 113
31, 113
8, 113
42, 113
6, 113
17, 113
8, 113
11, 113
28, 113
21, 113
10, 113
31, 113
3, 113
8, 113
30, 113
14, 113
5, 113
5, 113
8, 113
6, 113
19, 113
15, 113
12, 113
15, 113
53, 113
3, 113
24, 113
3, 113
11, 113
10, 113
53, 113
102, 113
9, 113
108, 113
10, 113
25, 113
25, 113
7, 113
6, 113
42, 113
14, 113
4, 113
24, 113
21, 113
17, 113
6, 113
4, 113
2, 113
35, 113
3, 113
4, 113
37, 113
6, 113
71, 113
15, 113
27, 113
13, 113
6, 113
7, 113
13, 113
30, 113
7, 113
29, 113
5, 113
4, 113
17, 113
7, 113
2, 113
26, 113
43, 113
38, 113
9, 113
66, 113
4, 113
25, 113
2, 113
3, 113
54, 113
11, 113
16, 113
31, 113
92, 113
5, 113
1, 113
10, 113
8, 113
9, 113
56, 113
78, 113
41, 113
7, 113
8, 113
17, 113
7, 113
6, 113
20, 113
20, 113
39, 113
34, 113
24, 113
2, 113
22, 113
71, 113
7, 113
42, 113
43, 113
6, 113
13, 113
17, 113
13, 113
5, 113
21, 113
11, 113
31, 113
9, 113
10, 113
27, 113
45, 113
15, 113
6, 113
7, 113
26, 113
31, 113
23, 113
18, 113
5, 113
15, 113
30, 113
10, 113
15, 113
21, 113
36, 113
75, 113
15, 113
18, 113
34, 113
13, 113
3, 113
61, 113
21, 113
5, 113
35, 113
15, 113
30, 113
73, 113
18, 113
28, 113
2, 113
5, 113
11, 113
5, 113
27, 113
9, 113
3, 113
32, 113
75, 113
22, 113
23, 113
3, 113
29, 113
9, 113
15, 113
9, 113
21, 113
17, 113
10, 113
2, 113
5, 113
8, 113
4, 113
4, 113
31, 113
7, 113
9, 113
46, 113
85, 113
4, 113
8, 113
9, 113
39, 113
5, 113
26, 113
5, 113
8, 113
63, 113
11, 113
6, 113
14, 113
4, 113
42, 113
28, 113
4, 113
38, 113
62, 113
7, 113
5, 113
14, 113
3, 113
7, 113
19, 113
21, 113
7, 113
17, 113
15, 113
17, 113
8, 113
18, 113
58, 113
15, 113
28, 113
55, 113
34, 113
4, 113
15, 113
9, 113
51, 113
13, 113
52, 113
3, 113
29, 113
27, 113
66, 113
19, 113
13, 113
6, 113
34, 113
3, 113
36, 113
7, 113
12, 113
15, 113
5, 113
22, 113
12, 113
3, 113
14, 113
19, 113
7, 113
5, 113
11, 113
18, 113
74, 113
5, 113
3, 113
34, 113
35, 113
31, 113
9, 113
9, 113
4, 113
13, 113
14, 113
69, 113
52, 113
38, 113
18, 113
8, 113
54, 113
11, 113
26, 113
24, 113
3, 113
14, 113
9, 113
21, 113
6, 113
12, 113
3, 113
45, 113
33, 113
3, 113
14, 113
21, 113
5, 113
34, 113
21, 113
52, 113
58, 113
15, 113
13, 113
35, 113
23, 113
49, 113
39, 113
44, 113
46, 113
13, 113
19, 113
20, 113
5, 113
34, 113
42, 113
23, 113
5, 113
4, 113
8, 113
17, 113
11, 113
14, 113
8, 113
15, 113
16, 113
24, 113
6, 113
13, 113
47, 113
12, 113
36, 113
35, 113
5, 113
9, 113
6, 113
13, 113
14, 113
12, 113
22, 113
33, 113
3, 113
8, 113
42, 113
23, 113
30, 113
14, 113
15, 113
23, 113
15, 113
4, 113
10, 113
8, 113
14, 113
46, 113
8, 113
11, 113
22, 113
23, 113
40, 113
29, 113
3, 113
19, 113
23, 113
9, 113
15, 113
28, 113
42, 113
20, 113
7, 113
16, 113
5, 113
24, 113
38, 113
33, 113
5, 113
11, 113
10, 113
30, 113
9, 113
9, 113
6, 113
7, 113
10, 113
22, 113
5, 113
48, 113
13, 113
8, 113
11, 113
52, 113
31, 113
27, 113
23, 113
1, 113
9, 113
5, 113
6, 113
35, 113
12, 113
48, 113
38, 113
16, 113
33, 113
49, 113
15, 113
5, 113
11, 113
23, 113
3, 113
2, 113
10, 113
36, 113
48, 113
4, 113
16, 113
22, 113
14, 113
9, 113
15, 113
12, 113
17, 113
15, 113
4, 113
40, 113
8, 113
18, 113
25, 113
25, 113
8, 113
15, 113
19, 113
8, 113
22, 113
36, 113
19, 113
22, 113
10, 113
46, 113
12, 113
22, 113
44, 113
10, 113
44, 113
28, 113
11, 113
31, 113
15, 113
28, 113
13, 113
14, 113
16, 113
14, 113
18, 113
29, 113
5, 113
8, 113
5, 113
20, 113
7, 113
3, 113
9, 113
25, 113
2, 113
6, 113
43, 113
62, 113
3, 113
18, 113
12, 113
6, 113
40, 113
38, 113
23, 113
29, 113
6, 113
11, 113
2, 113
2, 113
7, 113
32, 113
10, 113
10, 113
3, 113
20, 113
21, 113
5, 113
36, 113
18, 113
20, 113
55, 113
51, 113
32, 113
4, 113
21, 113
25, 113
5, 113
14, 113
10, 113
30, 113
7, 113
68, 113
20, 113
34, 113
16, 113
5, 113
3, 113
51, 113
6, 113
21, 113
2, 113
83, 113
5, 113
17, 113
12, 113
4, 113
25, 113
38, 113
5, 113
8, 113
10, 113
21, 113
5, 113
31, 113
11, 113
30, 113
15, 113
61, 113
59, 113
11, 113
13, 113
14, 113
9, 113
15, 113
3, 113
14, 113
12, 113
8, 113
31, 113
41, 113
29, 113
22, 113
23, 113
30, 113
13, 113
28, 113
31, 113
9, 113
10, 113
3, 113
98, 113
3, 113
31, 113
2, 113
4, 113
11, 113
15, 113
3, 113
24, 113
23, 113
23, 113
7, 113
82, 113
5, 113
37, 113
2, 113
7, 113
13, 113
7, 113
5, 113
20, 113
13, 113
4, 113
14, 113
14, 113
6, 113
29, 113
25, 113
58, 113
13, 113
49, 113
15, 113
13, 113
4, 113
27, 113
12, 113
7, 113
8, 113
66, 113
10, 113
14, 113
16, 113
13, 113
27, 113
20, 113
8, 113
39, 113
5, 113
10, 113
4, 113
16, 113
9, 113
7, 113
10, 113
2, 113
5, 113
10, 113
7, 113
26, 113
5, 113
21, 113
5, 113
42, 113
3, 113
5, 113
15, 113
8, 113
55, 113
50, 113
52, 113
82, 113
14, 113
15, 113
38, 113
53, 113
2, 113
10, 113
53, 113
33, 113
15, 113
8, 113
44, 113
7, 113
12, 113
27, 113
84, 113
5, 113
11, 113
3, 113
14, 113
4, 113
15, 113
26, 113
8, 113
32, 113
21, 113
38, 113
30, 113
16, 113
76, 113
4, 113
25, 113
20, 113
8, 113
37, 113
31, 113
19, 113
21, 113
5, 113
41, 113
27, 113
9, 113
53, 113
32, 113
13, 113
27, 113
26, 113
33, 113
22, 113
33, 113
5, 113
4, 113
13, 113
4, 113
12, 113
31, 113
44, 113
35, 113
7, 113
22, 113
20, 113
12, 113
7, 113
32, 113
4, 113
24, 113
58, 113
64, 113
14, 113
31, 113
13, 113
13, 113
25, 113
3, 113
64, 113
4, 113
12, 113
34, 113
7, 113
37, 113
44, 113
4, 113
58, 113
4, 113
6, 113
8, 113
15, 113
21, 113
29, 113
40, 113
9, 113
19, 113
40, 113
9, 113
16, 113
14, 113
7, 113
12, 113
8, 113
3, 113
25, 113
16, 113
17, 113
7, 113
33, 113
74, 113
7, 113
5, 113
22, 113
30, 113
5, 113
4, 113
67, 113
11, 113
2, 113
33, 113
6, 113
3, 113
4, 113
11, 113
8, 113
21, 113
10, 113
11, 113
9, 113
11, 113
32, 113
25, 113
22, 113
31, 113
18, 113
38, 113
2, 113
23, 113
18, 113
14, 113
29, 113
19, 113
24, 113
3, 113
3, 113
6, 113
38, 113
22, 113
19, 113
5, 113
5, 113
14, 113
8, 113
13, 113
6, 113
11, 113
14, 113
13, 113
13, 113
31, 113
21, 113
20, 113
39, 113
8, 113
44, 113
25, 113
21, 113
15, 113
12, 113
14, 113
41, 113
11, 113
6, 113
6, 113
19, 113
49, 113
13, 113
8, 113
20, 113
41, 113
16, 113
14, 113
8, 113
42, 113
34, 113
2, 113
17, 113
19, 113
13, 113
35, 113
15, 113
62, 113
5, 113
5, 113
15, 113
7, 113
3, 113
22, 113
41, 113
27, 113
34, 113
45, 113
9, 113
13, 113
21, 113
7, 113
24, 113
5, 113
18, 113
70, 113
12, 113
12, 113
10, 113
2, 113
33, 113
15, 113
18, 113
69, 113
22, 113
6, 113
24, 113
11, 113
34, 113
7, 113
19, 113
60, 113
12, 113
32, 113
14, 113
6, 113
31, 113
11, 113
8, 113
17, 113
3, 113
16, 113
23, 113
5, 113
9, 113
16, 113
8, 113
17, 113
27, 113
7, 113
27, 113
46, 113
6, 113
27, 113
17, 113
139, 139
97, 139
41, 139
190, 190
21, 190
76, 190
50, 190
5, 190
131, 190
109, 190
26, 190
103, 190
30, 190
152, 190
115, 190
41, 190
105, 190
67, 190
31, 190
107, 190
150, 190
111, 190
108, 190
85, 190
132, 190
71, 190
99, 190
23, 190
47, 190
22, 190
101, 190
105, 190
105, 190
114, 190
106, 190
29, 190
29, 190
17, 190
3, 190
86, 190
46, 190
15, 190
13, 190
39, 190
106, 190
37, 190
17, 190
77, 190
89, 190
98, 190
110, 190
49, 190
61, 190
31, 190
14, 190
139, 190
34, 190
101, 190
56, 190
38, 190
109, 190
89, 190
125, 190
140, 190
120, 190
93, 190
64, 190
125, 190
135, 190
195, 195
108, 195
10, 195
72, 195
7, 195
58, 195
109, 195
59, 195
137, 195
134, 195
145, 195
9, 195
87, 195
5, 195
43, 195
210, 210
67, 210
9, 210
10, 210
117, 210
106, 210
112, 210
4, 210
31, 210
72, 210
114, 210
98, 210
13, 210
7, 210
20, 210
84, 210
22, 210
120, 210
28, 210
49, 210
40, 210
41, 210
72, 210
21, 210
81, 210
98, 210
102, 210
135, 210
21, 210
12, 210
68, 210
101, 210
100, 210
121, 210
79, 210
131, 210
5, 210
34, 210
145, 210
79, 210
115, 210
27, 210
7, 210
130, 210
141, 210
65, 210
135, 210
13, 210
102, 210
60, 210
32, 210
111, 210
119, 210
108, 210
1, 210
121, 210
109, 210
63, 210
74, 210
46, 210
105, 210
64, 210
4, 210
35, 210
36, 210
67, 210
209, 210
78, 210
36, 210
128, 210
106, 210
120, 210
11, 210
192, 210
60, 210
152, 210
65, 210
22, 210
64, 210
67, 210
107, 210
59, 210
82, 210
114, 210
101, 210
121, 210
58, 210
128, 210
26, 210
95, 210
13, 210
66, 210
6, 210
8, 210
53, 210
97, 210
3, 210
134, 210
165, 210
104, 210
25, 210
112, 210
112, 210
5, 210
31, 210
40, 210
28, 210
17, 210
100, 210
207, 210
17, 210
54, 210
143, 210
95, 210
97, 210
1, 210
87, 210
81, 210
120, 210
157, 210
96, 210
8, 210
106, 210
201, 210
7, 210
22, 210
32, 210
55, 210
117, 210
36, 210
85, 210
55, 210
58, 210
26, 210
16, 210
54, 210
132, 210
37, 210
56, 210
42, 210
30, 210
126, 210
110, 210
106, 210
103, 210
32, 210
54, 210
7, 210
115, 210
72, 210
1, 210
91, 210
80, 210
110, 210
69, 210
19, 210
107, 210
16, 210
78, 210
25, 210
111, 210
89, 210
34, 210
37, 210
50, 210
105, 210
108, 210
20, 210
7, 210
159, 210
135, 210
139, 210
83, 210
71, 210
25, 210
195, 210
126, 210
103, 210
99, 210
120, 210
107, 210
59, 210
53, 210
53, 210
100, 210
16, 210
79, 210
201, 210
50, 210
24, 210
74, 210
82, 210
64, 210
56, 210
157, 210
99, 210
84, 210
106, 210
45, 210
36, 210
35, 210
1, 210
177, 210
72, 210
101, 210
56, 210
40, 210
103, 210
113, 210
67, 210
34, 210
106, 210
94, 210
16, 210
9, 210
97, 210
35, 210
112, 210
86, 210
74, 210
71, 210
144, 210
23, 210
123, 210
87, 210
73, 210
53, 210
20, 210
131, 210
66, 210
106, 210
4, 210
128, 210
97, 210
52, 210
170, 210
174, 210
77, 210
8, 210
50, 210
19, 210
39, 210
27, 210
8, 210
118, 210
19, 210
105, 210
5, 210
132, 210
8, 210
126, 210
10, 210
102, 210
86, 210
35, 210
120, 210
56, 210
78, 210
25, 210
59, 210
107, 210
56, 210
72, 210
130, 210
87, 210
24, 210
65, 210
20, 210
11, 210
133, 210
76, 210
21, 210
12, 210
70, 210
3, 210
3, 210
112, 210
45, 210
172, 210
14, 210
83, 210
54, 210
74, 210
42, 210
151, 210
7, 210
50, 210
130, 210
69, 210
25, 210
27, 210
8, 210
117, 210
100, 210
49, 210
120, 210
13, 210
102, 210
83, 210
186, 210
100, 210
106, 210
53, 210
106, 210
52, 210
158, 210
136, 210
27, 210
117, 210
111, 210
20, 210
73, 210
53, 210
21, 210
20, 210
112, 210
21, 210
100, 210
103, 210
51, 210
5, 210
5, 210
36, 210
21, 210
53, 210
145, 210
78, 210
83, 210
75, 210
9, 210
170, 210
123, 210
111, 210
34, 210
63, 210
24, 210
17, 210
162, 210
24, 210
1, 210
73, 210
21, 210
143, 210
156, 210
73, 210
65, 210
55, 210
101, 210
71, 210
113, 210
46, 210
6, 210
99, 210
41, 210
115, 210
102, 210
102, 210
127, 210
116, 210
120, 210
152, 210
16, 210
72, 210
124, 210
107, 210
28, 210
98, 210
105, 210
13, 210
111, 210
92, 210
40, 210
102, 210
42, 210
106, 210
24, 210
95, 210
146, 210
31, 210
108, 210
46, 210
6, 210
33, 210
207, 210
63, 210
116, 210
12, 210
65, 210
60, 210
134, 210
15, 210
145, 210
116, 210
47, 210
27, 210
31, 210
67, 210
32, 210
170, 210
53, 210
34, 210
38, 210
40, 210
24, 210
64, 210
43, 210
186, 210
14, 210
112, 210
15, 210
101, 210
111, 210
137, 210
64, 210
188, 210
158, 210
71, 210
5, 210
23, 210
118, 210
117, 210
70, 210
134, 210
16, 210
5, 210
102, 210
83, 210
104, 210
86, 210
110, 210
30, 210
107, 210
34, 210
38, 210
71, 210
6, 210
105, 210
152, 210
15, 210
11, 210
7, 210
60, 210
25, 210
48, 210
43, 210
120, 210
6, 210
191, 210
74, 210
116, 210
49, 210
37, 210
21, 210
1, 210
145, 210
104, 210
119, 210
7, 210
7, 210
39, 210
13, 210
129, 210
17, 210
37, 210
137, 210
105, 210
108, 210
173, 210
15, 210
15, 210
103, 210
110, 210
119, 210
111, 210
113, 210
44, 210
127, 210
109, 210
19, 210
5, 210
34, 210
31, 210
107, 210
73, 210
115, 210
13, 210
109, 210
52, 210
46, 210
64, 210
36, 210
110, 210
110, 210
1, 210
18, 210
38, 210
19, 210
64, 210
48, 210
44, 210
121, 210
40, 210
35, 210
112, 210
44, 210
16, 210
100, 210
57, 210
68, 210
19, 210
118, 210
78, 210
101, 210
13, 210
77, 210
25, 210
26, 210
115, 210
178, 210
65, 210
58, 210
118, 210
8, 210
50, 210
60, 210
54, 210
76, 210
43, 210
131, 210
203, 210
9, 210
71, 210
101, 210
2, 210
12, 210
62, 210
123, 210
200, 210
14, 210
98, 210
126, 210
206, 210
38, 210
138, 210
22, 210
199, 210
185, 210
129, 210
61, 210
166, 210
110, 210
142, 210
78, 210
117, 210
107, 210
108, 210
69, 210
108, 210
103, 210
114, 210
45, 210
151, 210
116, 210
100, 210
34, 210
61, 210
106, 210
106, 210
102, 210
43, 210
201, 210
109, 210
146, 210
108, 210
205, 210
153, 210
99, 210
50, 210
114, 210
77, 210
106, 210
119, 210
101, 210
100, 210
176, 210
125, 210
151, 210
202, 210
207, 210
139, 210
104, 210
121, 210
110, 210
124, 210
185, 210
108, 210
200, 210
203, 210
133, 210
118, 210
201, 210
120, 210
133, 210
135, 210
103, 210
78, 210
116, 210
207, 210
68, 210
77, 210
9, 210
7, 210
127, 210
109, 210
146, 210
0, 210
45, 210
17, 210
135, 210
137, 210
154, 210
81, 210
35, 210
66, 210
115, 210
11, 210
48, 210
1, 210
9, 210
10, 210
137, 210
4, 210
9, 210
14, 210
4, 210
102, 210
57, 210
7, 210
50, 210
44, 210
178, 210
151, 210
27, 210
108, 210
115, 210
173, 210
5, 210
8, 210
103, 210
112, 210
108, 210
21, 210
53, 210
40, 210
36, 210
105, 210
125, 210
109, 210
109, 210
122, 210
106, 210
123, 210
29, 210
3, 210
22, 210
91, 210
102, 210
112, 210
104, 210
181, 210
104, 210
104, 210
112, 210
105, 210
120, 210
119, 210
106, 210
109, 210
121, 210
139, 210
166, 210
131, 210
103, 210
137, 210
129, 210
120, 210
123, 210
109, 210
104, 210
115, 210
117, 210
116, 210
143, 210
150, 210
121, 210
144, 210
118, 210
110, 210
137, 210
105, 210
100, 210
107, 210
151, 210
132, 210
103, 210
105, 210
143, 210
160, 210
115, 210
133, 210
106, 210
119, 210
101, 210
185, 210
185, 210
108, 210
137, 210
150, 210
167, 210
155, 210
121, 210
100, 210
135, 210
121, 210
129, 210
206, 210
145, 210
185, 210
124, 210
113, 210
201, 210
122, 210
111, 210
107, 210
121, 210
142, 210
117, 210
101, 210
142, 210
100, 210
159, 210
108, 210
104, 210
130, 210
114, 210
100, 210
100, 210
153, 210
119, 210
111, 210
102, 210
106, 210
110, 210
100, 210
127, 210
127, 210
156, 210
116, 210
128, 210
149, 210
118, 210
195, 210
128, 210
129, 210
103, 210
106, 210
106, 210
103, 210
117, 210
103, 210
112, 210
106, 210
108, 210
104, 210
114, 210
121, 210
106, 210
121, 210
126, 210
116, 210
104, 210
150, 210
169, 210
144, 210
100, 210
121, 210
173, 210
176, 210
102, 210
133, 210
111, 210
127, 210
105, 210
109, 210
126, 210
102, 210
123, 210
167, 210
141, 210
145, 210
114, 210
109, 210
105, 210
154, 210
173, 210
111, 210
107, 210
137, 210
118, 210
103, 210
105, 210
106, 210
112, 210
118, 210
134, 210
139, 210
103, 210
157, 210
155, 210
203, 210
115, 210
124, 210
113, 210
136, 210
114, 210
109, 210
128, 210
144, 210
193, 210
101, 210
124, 210
129, 210
106, 210
128, 210
103, 210
102, 210
145, 210
125, 210
109, 210
101, 210
121, 210
103, 210
145, 210
102, 210
116, 210
166, 210
186, 210
113, 210
124, 210
120, 210
103, 210
136, 210
122, 210
126, 210
114, 210
128, 210
124, 210
183, 210
104, 210
110, 210
100, 210
106, 210
100, 210
139, 210
117, 210
107, 210
105, 210
135, 210
113, 210
120, 210
163, 210
111, 210
108, 210
120, 210
118, 210
126, 210
101, 210
129, 210
104, 210
105, 210
135, 210
152, 210
138, 210
100, 210
138, 210
110, 210
111, 210
103, 210
114, 210
131, 210
156, 210
105, 210
112, 210
115, 210
126, 210
111, 210
206, 210
101, 210
110, 210
108, 210
111, 210
108, 210
101, 210
133, 210
169, 210
110, 210
134, 210
103, 210
113, 210
115, 210
127, 210
126, 210
101, 210
101, 210
180, 210
117, 210
192, 210
105, 210
137, 210
140, 210
113, 210
121, 210
104, 210
107, 210
123, 210
111, 210
117, 210
102, 210
148, 210
120, 210
107, 210
111, 210
106, 210
127, 210
115, 210
145, 210
104, 210
149, 210
102, 210
116, 210
120, 210
127, 210
160, 210
101, 210
172, 210
107, 210
112, 210
105, 210
159, 210
126, 210
102, 210
121, 210
150, 210
109, 210
105, 210
128, 210
125, 210
102, 210
102, 210
137, 210
109, 210
141, 210
165, 210
116, 210
127, 210
153, 210
142, 210
114, 210
106, 210
169, 210
120, 210
106, 210
167, 210
130, 210
114, 210
120, 210
108, 210
193, 210
109, 210
136, 210
106, 210
114, 210
121, 210
104, 210
124, 210
116, 210
108, 210
126, 210
105, 210
113, 210
124, 210
116, 210
200, 210
128, 210
102, 210
106, 210
202, 210
120, 210
121, 210
109, 210
119, 210
107, 210
167, 210
111, 210
119, 210
116, 210
107, 210
111, 210
115, 210
140, 210
108, 210
144, 210
121, 210
128, 210
113, 210
112, 210
126, 210
108, 210
114, 210
148, 210
146, 210
158, 210
113, 210
119, 210
151, 210
108, 210
108, 210
147, 210
101, 210
123, 210
106, 210
129, 210
121, 210
119, 210
112, 210
145, 210
109, 210
208, 210
163, 210
140, 210
200, 210
137, 210
123, 210
155, 210
112, 210
101, 210
109, 210
105, 210
165, 210
115, 210
185, 210
171, 210
112, 210
101, 210
139, 210
100, 210
192, 210
200, 210
120, 210
155, 210
112, 210
114, 210
106, 210
103, 210
200, 210
152, 210
115, 210
138, 210
111, 210
147, 210
104, 210
143, 210
170, 210
152, 210
123, 210
136, 210
106, 210
199, 210
113, 210
106, 210
185, 210
121, 210
127, 210
118, 210
124, 210
109, 210
108, 210
107, 210
105, 210
113, 210
104, 210
111, 210
102, 210
117, 210
111, 210
101, 210
166, 210
109, 210
104, 210
154, 210
121, 210
114, 210
100, 210
188, 210
159, 210
109, 210
136, 210
101, 210
143, 210
114, 210
157, 210
189, 210
182, 210
104, 210
102, 210
131, 210
120, 210
110, 210
112, 210
107, 210
128, 210
159, 210
122, 210
115, 210
200, 210
122, 210
100, 210
125, 210
107, 210
142, 210
133, 210
153, 210
107, 210
147, 210
114, 210
151, 210
133, 210
125, 210
100, 210
193, 210
154, 210
101, 210
115, 210
150, 210
129, 210
120, 210
110, 210
113, 210
106, 210
136, 210
163, 210
103, 210
138, 210
106, 210
211, 211
109, 211
131, 211
122, 211
113, 211
106, 211
123, 211
207, 211
129, 211
107, 211
110, 211
169, 211
115, 211
100, 211
107, 211
134, 211
130, 211
146, 211
106, 211
132, 211
200, 211
112, 211
102, 211
114, 211
137, 211
151, 211
132, 211
168, 211
101, 211
127, 211
106, 211
109, 211
111, 211
164, 211
134, 211
131, 211
128, 211
134, 211
129, 211
110, 211
112, 211
117, 211
153, 211
201, 211
119, 211
128, 211
141, 211
163, 211
118, 211
137, 211
112, 211
114, 211
123, 211
159, 211
109, 211
135, 211
119, 211
152, 211
135, 211
118, 211
101, 211
100, 211
174, 211
123, 211
150, 211
200, 211
114, 211
117, 211
101, 211
131, 211
108, 211
162, 211
114, 211
128, 211
101, 211
138, 211
128, 211
104, 211
143, 211
110, 211
104, 211
164, 211
102, 211
158, 211
201, 211
111, 211
138, 211
113, 211
126, 211
102, 211
128, 211
198, 211
126, 211
137, 211
110, 211
117, 211
110, 211
179, 211
114, 211
156, 211
112, 211
127, 211
109, 211
141, 211
124, 211
104, 211
103, 211
121, 211
199, 211
111, 211
133, 211
102, 211
125, 211
204, 211
135, 211
196, 211
113, 211
187, 211
100, 211
109, 211
200, 211
120, 211
201, 211
129, 211
109, 211
153, 211
101, 211
107, 211
103, 211
168, 211
177, 211
126, 211
142, 211
163, 211
105, 211
145, 211
159, 211
127, 211
112, 211
120, 211
204, 211
127, 211
103, 211
107, 211
154, 211
168, 211
151, 211
186, 211
116, 211
114, 211
101, 211
102, 211
104, 211
107, 211
143, 211
146, 211
125, 211
201, 211
168, 211
118, 211
149, 211
136, 211
126, 211
160, 211
136, 211
119, 211
108, 211
123, 211
111, 211
186, 211
124, 211
121, 211
105, 211
101, 211
116, 211
105, 211
144, 211
137, 211
100, 211
106, 211
105, 211
130, 211
207, 211
110, 211
200, 211
200, 211
116, 211
123, 211
143, 211
162, 211
145, 211
204, 211
153, 211
105, 211
106, 211
112, 211
123, 211
130, 211
109, 211
131, 211
130, 211
205, 211
107, 211
156, 211
164, 211
110, 211
138, 211
184, 211
200, 211
122, 211
106, 211
122, 211
102, 211
121, 211
152, 211
117, 211
100, 211
190, 211
104, 211
101, 211
115, 211
101, 211
168, 211
102, 211
158, 211
157, 211
141, 211
119, 211
107, 211
118, 211
140, 211
130, 211
154, 211
132, 211
119, 211
135, 211
169, 211
106, 211
126, 211
137, 211
110, 211
155, 211
140, 211
146, 211
101, 211
108, 211
100, 211
197, 211
114, 211
141, 211
109, 211
154, 211
165, 211
109, 211
110, 211
133, 211
139, 211
188, 211
149, 211
112, 211
100, 211
118, 211
114, 211
126, 211
132, 211
106, 211
128, 211
100, 211
201, 211
105, 211
159, 211
126, 211
126, 211
131, 211
172, 211
131, 211
134, 211
116, 211
103, 211
111, 211
139, 211
130, 211
105, 211
127, 211
105, 211
213, 213
177, 213
134, 213
135, 213
206, 213
207, 213
191, 213
115, 213
109, 213
107, 213
118, 213
113, 213
107, 213
119, 213
126, 213
107, 213
102, 213
101, 213
133, 213
162, 213
138, 213
142, 213
137, 213
188, 213
118, 213
102, 213
146, 213
109, 213
136, 213
159, 213
103, 213
169, 213
162, 213
171, 213
115, 213
118, 213
111, 213
210, 213
114, 213
142, 213
118, 213
148, 213
102, 213
135, 213
122, 213
118, 213
118, 213
146, 213
101, 213
129, 213
118, 213
109, 213
144, 213
105, 213
107, 213
107, 213
205, 213
157, 213
151, 213
108, 213
114, 213
101, 213
100, 213
114, 213
114, 213
182, 213
207, 213
179, 213
183, 213
116, 213
130, 213
116, 213
120, 213
104, 213
118, 213
152, 213
128, 213
153, 213
168, 213
201, 213
122, 213
151, 213
110, 213
174, 213
159, 213
117, 213
130, 213
113, 213
137, 213
155, 213
148, 213
124, 213
115, 213
149, 213
162, 213
111, 213
154, 213
202, 213
108, 213
122, 213
181, 213
129, 213
111, 213
158, 213
112, 213
129, 213
155, 213
127, 213
121, 213
108, 213
131, 213
135, 213
181, 213
100, 213
108, 213
113, 213
146, 213
136, 213
114, 213
117, 213
123, 213
172, 213
175, 213
200, 213
105, 213
129, 213
142, 213
106, 213
112, 213
158, 213
178, 213
105, 213
111, 213
112, 213
107, 213
117, 213
113, 213
104, 213
130, 213
163, 213
123, 213
154, 213
131, 213
173, 213
134, 213
166, 213
123, 213
208, 213
108, 213
114, 213
108, 213
146, 213
102, 213
153, 213
106, 213
141, 213
106, 213
126, 213
124, 213
138, 213
128, 213
103, 213
133, 213
102, 213
133, 213
116, 213
111, 213
107, 213
201, 213
126, 213
126, 213
138, 213
112, 213
106, 213
118, 213
180, 213
135, 213
185, 213
104, 213
112, 213
120, 213
210, 213
106, 213
108, 213
168, 213
103, 213
111, 213
125, 213
147, 213
119, 213
102, 213
148, 213
141, 213
113, 213
115, 213
106, 213
120, 213
136, 213
104, 213
103, 213
103, 213
131, 213
106, 213
155, 213
102, 213
128, 213
137, 213
144, 213
104, 213
155, 213
129, 213
175, 213
125, 213
169, 213
102, 213
132, 213
153, 213
100, 213
108, 213
125, 213
145, 213
100, 213
144, 213
144, 213
145, 213
111, 213
132, 213
157, 213
139, 213
103, 213
117, 213
113, 213
100, 213
119, 213
100, 213
102, 213
136, 213
190, 213
128, 213
105, 213
118, 213
151, 213
131, 213
137, 213
100, 213
150, 213
100, 213
117, 213
140, 213
120, 213
116, 213
136, 213
143, 213
104, 213
105, 213
112, 213
148, 213
135, 213
129, 213
103, 213
112, 213
108, 213
118, 213
134, 213
109, 213
109, 213
133, 213
104, 213
125, 213
104, 213
116, 213
114, 213
117, 213
118, 213
122, 213
104, 213
134, 213
130, 213
148, 213
101, 213
149, 213
128, 213
105, 213
160, 213
140, 213
103, 213
155, 213
124, 213
116, 213
125, 213
156, 213
108, 213
139, 213
157, 213
136, 213
119, 213
115, 213
210, 213
119, 213
124, 213
108, 213
118, 213
100, 213
104, 213
194, 213
107, 213
102, 213
117, 213
142, 213
145, 213
117, 213
115, 213
126, 213
113, 213
142, 213
127, 213
107, 213
166, 213
106, 213
142, 213
205, 213
125, 213
144, 213
131, 213
111, 213
121, 213
156, 213
104, 213
121, 213
140, 213
110, 213
165, 213
126, 213
117, 213
150, 213
113, 213
105, 213
102, 213
142, 213
148, 213
134, 213
107, 213
162, 213
115, 213
101, 213
105, 213
106, 213
117, 213
129, 213
100, 213
186, 213
116, 213
118, 213
108, 213
116, 213
108, 213
124, 213
133, 213
203, 213
111, 213
125, 213
128, 213
133, 213
119, 213
127, 213
103, 213
175, 213
122, 213
108, 213
189, 213
159, 213
105, 213
119, 213
107, 213
167, 213
182, 213
114, 213
116, 213
201, 213
118, 213
138, 213
106, 213
112, 213
101, 213
104, 213
157, 213
127, 213
116, 213
118, 213
140, 213
116, 213
103, 213
111, 213
114, 213
121, 213
131, 213
100, 213
132, 213
173, 213
101, 213
117, 213
130, 213
105, 213
162, 213
130, 213
186, 213
134, 213
130, 213
121, 213
130, 213
100, 213
200, 213
183, 213
103, 213
133, 213
113, 213
103, 213
131, 213
105, 213
154, 213
154, 213
143, 213
140, 213
186, 213
122, 213
113, 213
112, 213
101, 213
111, 213
125, 213
110, 213
113, 213
129, 213
138, 213
100, 213
103, 213
128, 213
102, 213
201, 213
128, 213
112, 213
104, 213
154, 213
126, 213
170, 213
141, 213
121, 213
133, 213
139, 213
123, 213
112, 213
116, 213
156, 213
149, 213
144, 213
118, 213
106, 213
105, 213
136, 213
104, 213
193, 213
131, 213
125, 213
116, 213
131, 213
153, 213
107, 213
109, 213
112, 213
111, 213
119, 213
117, 213
132, 213
124, 213
103, 213
119, 213
114, 213
161, 213
112, 213
136, 213
108, 213
103, 213
129, 213
104, 213
102, 213
127, 213
113, 213
116, 213
121, 213
101, 213
154, 213
151, 213
182, 213
120, 213
109, 213
113, 213
177, 213
110, 213
114, 213
117, 213
121, 213
100, 213
114, 213
131, 213
127, 213
136, 213
110, 213
178, 213
129, 213
110, 213
159, 213
113, 213
127, 213
104, 213
142, 213
132, 213
102, 213
185, 213
123, 213
117, 213
119, 213
128, 213
122, 213
108, 213
124, 213
115, 213
129, 213
163, 213
133, 213
178, 213
142, 213
103, 213
187, 213
146, 213
139, 213
164, 213
170, 213
107, 213
113, 213
132, 213
104, 213
126, 213
109, 213
192, 213
111, 213
121, 213
129, 213
120, 213
193, 213
123, 213
179, 213
111, 213
116, 213
100, 213
103, 213
125, 213
129, 213
109, 213
132, 213
112, 213
178, 213
116, 213
115, 213
123, 213
126, 213
125, 213
117, 213
122, 213
127, 213
191, 213
127, 213
105, 213
127, 213
129, 213
117, 213
107, 213
149, 213
114, 213
137, 213
121, 213
125, 213
114, 213
138, 213
158, 213
148, 213
136, 213
118, 213
166, 213
125, 213
126, 213
156, 213
157, 213
116, 213
132, 213
101, 213
125, 213
116, 213
107, 213
110, 213
146, 213
153, 213
110, 213
121, 213
147, 213
101, 213
105, 213
163, 213
113, 213
119, 213
107, 213
102, 213
109, 213
155, 213
139, 213
149, 213
147, 213
106, 213
115, 213
107, 213
109, 213
107, 213
116, 213
157, 213
113, 213
115, 213
108, 213
108, 213
102, 213
147, 213
111, 213
155, 213
103, 213
100, 213
190, 213
107, 213
206, 213
103, 213
152, 213
101, 213
124, 213
105, 213
124, 213
103, 213
108, 213
174, 213
128, 213
143, 213
145, 213
103, 213
203, 213
141, 213
205, 213
112, 213
103, 213
142, 213
116, 213
100, 213
139, 213
125, 213
128, 213
126, 213
127, 213
171, 213
119, 213
104, 213
100, 213
124, 213
111, 213
100, 213
116, 213
138, 213
105, 213
131, 213
106, 213
107, 213
114, 213
101, 213
130, 213
102, 213
140, 213
105, 213
116, 213
103, 213
127, 213
118, 213
130, 213
112, 213
105, 213
170, 213
111, 213
202, 213
119, 213
176, 213
151, 213
108, 213
105, 213
123, 213
101, 213
150, 213
173, 213
130, 213
112, 213
103, 213
108, 213
154, 213
123, 213
148, 213
105, 213
131, 213
127, 213
102, 213
112, 213
160, 213
101, 213
136, 213
107, 213
122, 213
102, 213
108, 213
110, 213
115, 213
125, 213
102, 213
104, 213
133, 213
132, 213
141, 213
100, 213
198, 213
102, 213
123, 213
138, 213
165, 213
100, 213
114, 213
167, 213
126, 213
108, 213
106, 213
116, 213
124, 213
104, 213
115, 213
106, 213
103, 213
108, 213
100, 213
106, 213
128, 213
112, 213
103, 213
137, 213
124, 213
103, 213
112, 213
168, 213
107, 213
150, 213
108, 213
100, 213
156, 213
108, 213
122, 213
133, 213
123, 213
109, 213
116, 213
123, 213
102, 213
156, 213
116, 213
107, 213
100, 213
108, 213
102, 213
145, 213
127, 213
115, 213
127, 213
104, 213
137, 213
148, 213
127, 213
138, 213
100, 213
120, 213
140, 213
125, 213
123, 213
101, 213
119, 213
132, 213
101, 213
105, 213
112, 213
141, 213
113, 213
141, 213
202, 213
105, 213
135, 213
123, 213
149, 213
128, 213
171, 213
136, 213
110, 213
170, 213
154, 213
202, 213
145, 213
122, 213
108, 213
202, 213
108, 213
148, 213
183, 213
134, 213
109, 213
142, 213
115, 213
105, 213
201, 213
125, 213
110, 213
116, 213
116, 213
113, 213
100, 213
138, 213
100, 213
122, 213
103, 213
159, 213
129, 213
119, 213
159, 213
145, 213
206, 213
163, 213
138, 213
151, 213
205, 213
203, 213
160, 213
188, 213
108, 213
159, 213
125, 213
105, 213
121, 213
103, 213
102, 213
106, 213
165, 213
105, 213
182, 213
109, 213
102, 213
124, 213
118, 213
128, 213
104, 213
108, 213
120, 213
123, 213
100, 213
154, 213
123, 213
108, 213
166, 213
103, 213
133, 213
120, 213
144, 213
141, 213
102, 213
124, 213
122, 213
118, 213
104, 213
106, 213
149, 213
112, 213
114, 213
100, 213
120, 213
127, 213
111, 213
119, 213
179, 213
126, 213
126, 213
155, 213
111, 213
103, 213
145, 213
108, 213
156, 213
169, 213
119, 213
107, 213
103, 213
101, 213
162, 213
147, 213
126, 213
117, 213
123, 213
123, 213
141, 213
110, 213
100, 213
117, 213
139, 213
112, 213
131, 213
121, 213
108, 213
122, 213
113, 213
157, 213
145, 213
113, 213
121, 213
151, 213
116, 213
121, 213
106, 213
117, 213
207, 213
172, 213
143, 213
141, 213
124, 213
102, 213
120, 213
168, 213
125, 213
115, 213
113, 213
109, 213
105, 213
136, 213
203, 213
105, 213
132, 213
130, 213
117, 213
144, 213
104, 213
130, 213
127, 213
114, 213
109, 213
143, 213
116, 213
100, 213
106, 213
114, 213
108, 213
106, 213
119, 213
125, 213
102, 213
149, 213
127, 213
101, 213
182, 213
141, 213
108, 213
105, 213
110, 213
113, 213
150, 213
132, 213
135, 213
115, 213
114, 213
115, 213
117, 213
137, 213
104, 213
132, 213
175, 213
174, 213
174, 213
134, 213
144, 213
130, 213
108, 213
167, 213
179, 213
104, 213
141, 213
112, 213
104, 213
114, 213
102, 213
139, 213
111, 213
105, 213
100, 213
107, 213
108, 213
140, 213
130, 213
113, 213
105, 213
132, 213
119, 213
126, 213
115, 213
137, 213
120, 213
135, 213
139, 213
170, 213
120, 213
107, 213
215, 215
147, 215
107, 215
176, 215
130, 215
153, 215
135, 215
132, 215
116, 215
102, 215
115, 215
123, 215
131, 215
103, 215
107, 215
110, 215
136, 215
120, 215
121, 215
117, 215
145, 215
121, 215
105, 215
141, 215
105, 215
111, 215
144, 215
120, 215
146, 215
113, 215
141, 215
132, 215
108, 215
120, 215
103, 215
107, 215
160, 215
130, 215
101, 215
170, 215
145, 215
106, 215
116, 215
113, 215
120, 215
104, 215
111, 215
111, 215
132, 215
135, 215
126, 215
106, 215
136, 215
103, 215
119, 215
137, 215
119, 215
135, 215
147, 215
139, 215
119, 215
103, 215
109, 215
125, 215
119, 215
142, 215
121, 215
173, 215
110, 215
111, 215
121, 215
146, 215
107, 215
122, 215
105, 215
118, 215
167, 215
156, 215
112, 215
150, 215
125, 215
140, 215
102, 215
125, 215
109, 215
121, 215
146, 215
116, 215
126, 215
100, 215
118, 215
137, 215
109, 215
112, 215
105, 215
120, 215
168, 215
167, 215
101, 215
112, 215
115, 215
136, 215
163, 215
123, 215
104, 215
119, 215
104, 215
133, 215
118, 215
100, 215
152, 215
108, 215
152, 215
125, 215
115, 215
144, 215
108, 215
116, 215
199, 215
137, 215
125, 215
106, 215
148, 215
120, 215
106, 215
117, 215
112, 215
103, 215
121, 215
144, 215
141, 215
104, 215
122, 215
132, 215
104, 215
114, 215
137, 215
110, 215
174, 215
100, 215
147, 215
110, 215
204, 215
141, 215
156, 215
125, 215
141, 215
130, 215
142, 215
100, 215
126, 215
144, 215
101, 215
100, 215
148, 215
115, 215
115, 215
108, 215
107, 215
138, 215
105, 215
120, 215
139, 215
101, 215
150, 215
141, 215
114, 215
121, 215
144, 215
190, 215
128, 215
104, 215
198, 215
188, 215
101, 215
103, 215
102, 215
137, 215
115, 215
175, 215
123, 215
112, 215
112, 215
105, 215
107, 215
102, 215
143, 215
121, 215
155, 215
130, 215
137, 215
111, 215
104, 215
106, 215
166, 215
107, 215
104, 215
150, 215
122, 215
101, 215
156, 215
102, 215
108, 215
122, 215
183, 215
149, 215
109, 215
205, 215
149, 215
171, 215
113, 215
110, 215
110, 215
100, 215
130, 215
102, 215
119, 215
118, 215
122, 215
127, 215
172, 215
126, 215
161, 215
102, 215
143, 215
146, 215
130, 215
160, 215
149, 215
108, 215
109, 215
140, 215
137, 215
128, 215
116, 215
106, 215
102, 215
129, 215
102, 215
106, 215
105, 215
108, 215
115, 215
121, 215
127, 215
200, 215
126, 215
103, 215
114, 215
156, 215
147, 215
123, 215
119, 215
105, 215
136, 215
129, 215
119, 215
100, 215
174, 215
114, 215
103, 215
104, 215
172, 215
109, 215
174, 215
106, 215
106, 215
102, 215
118, 215
137, 215
166, 215
106, 215
103, 215
161, 215
131, 215
110, 215
132, 215
141, 215
137, 215
130, 215
136, 215
122, 215
137, 215
117, 215
189, 215
117, 215
188, 215
189, 215
103, 215
148, 215
187, 215
134, 215
104, 215
111, 215
114, 215
102, 215
100, 215
108, 215
157, 215
108, 215
202, 215
104, 215
101, 215
147, 215
130, 215
158, 215
100, 215
155, 215
139, 215
114, 215
107, 215
103, 215
117, 215
102, 215
169, 215
123, 215
142, 215
200, 215
180, 215
130, 215
115, 215
118, 215
115, 215
134, 215
129, 215
120, 215
112, 215
106, 215
103, 215
106, 215
111, 215
143, 215
101, 215
127, 215
122, 215
162, 215
138, 215
136, 215
143, 215
164, 215
107, 215
123, 215
136, 215
126, 215
124, 215
117, 215
200, 215
122, 215
113, 215
133, 215
118, 215
169, 215
150, 215
106, 215
149, 215
110, 215
108, 215
100, 215
161, 215
135, 215
114, 215
110, 215
132, 215
168, 215
134, 215
138, 215
105, 215
140, 215
188, 215
116, 215
115, 215
150, 215
130, 215
125, 215
171, 215
110, 215
176, 215
108, 215
102, 215
114, 215
145, 215
138, 215
110, 215
119, 215
168, 215
113, 215
167, 215
120, 215
106, 215
206, 215
208, 215
122, 215
144, 215
163, 215
110, 215
107, 215
137, 215
104, 215
109, 215
159, 215
146, 215
144, 215
135, 215
137, 215
110, 215
119, 215
147, 215
104, 215
130, 215
110, 215
104, 215
116, 215
120, 215
116, 215
128, 215
102, 215
133, 215
114, 215
173, 215
126, 215
173, 215
118, 215
141, 215
105, 215
189, 215
113, 215
117, 215
128, 215
104, 215
101, 215
116, 215
129, 215
115, 215
107, 215
119, 215
119, 215
132, 215
136, 215
110, 215
119, 215
135, 215
111, 215
204, 215
163, 215
113, 215
104, 215
104, 215
120, 215
207, 215
105, 215
101, 215
179, 215
105, 215
118, 215
183, 215
164, 215
142, 215
146, 215
127, 215
109, 215
141, 215
129, 215
101, 215
119, 215
109, 215
108, 215
117, 215
113, 215
104, 215
105, 215
132, 215
107, 215
123, 215
120, 215
197, 215
106, 215
104, 215
163, 215
100, 215
108, 215
103, 215
144, 215
114, 215
184, 215
115, 215
183, 215
171, 215
208, 215
104, 215
134, 215
117, 215
171, 215
135, 215
118, 215
111, 215
114, 215
165, 215
121, 215
137, 215
101, 215
162, 215
149, 215
103, 215
105, 215
100, 215
170, 215
109, 215
109, 215
116, 215
107, 215
117, 215
206, 215
105, 215
202, 215
101, 215
113, 215
117, 215
103, 215
120, 215
112, 215
203, 215
159, 215
189, 215
198, 215
117, 215
152, 215
129, 215
125, 215
201, 215
171, 215
105, 215
145, 215
107, 215
102, 215
109, 215
112, 215
149, 215
123, 215
159, 215
114, 215
174, 215
162, 215
122, 215
105, 215
150, 215
204, 215
111, 215
167, 215
114, 215
142, 215
121, 215
118, 215
129, 215
108, 215
160, 215
117, 215
106, 215
109, 215
107, 215
132, 215
157, 215
140, 215
120, 215
166, 215
108, 215
200, 215
111, 215
100, 215
181, 215
157, 215
174, 215
119, 215
160, 215
112, 215
196, 215
206, 215
106, 215
102, 215
121, 215
113, 215
174, 215
146, 215
124, 215
111, 215
119, 215
108, 215
116, 215
144, 215
111, 215
100, 215
156, 215
108, 215
148, 215
140, 215
152, 215
102, 215
114, 215
141, 215
120, 215
127, 215
103, 215
127, 215
110, 215
142, 215
114, 215
174, 215
109, 215
103, 215
100, 215
107, 215
122, 215
101, 215
124, 215
107, 215
135, 215
131, 215
173, 215
112, 215
117, 215
105, 215
127, 215
109, 215
117, 215
116, 215
194, 215
107, 215
107, 215
160, 215
102, 215
126, 215
150, 215
123, 215
113, 215
105, 215
108, 215
107, 215
112, 215
150, 215
145, 215
115, 215
112, 215
117, 215
172, 215
108, 215
111, 215
127, 215
134, 215
115, 215
143, 215
117, 215
160, 215
108, 215
115, 215
102, 215
147, 215
126, 215
117, 215
127, 215
112, 215
108, 215
101, 215
105, 215
176, 215
111, 215
125, 215
103, 215
129, 215
123, 215
122, 215
191, 215
163, 215
133, 215
117, 215
181, 215
137, 215
145, 215
101, 215
190, 215
125, 215
102, 215
187, 215
161, 215
115, 215
124, 215
152, 215
124, 215
104, 215
124, 215
139, 215
103, 215
124, 215
107, 215
133, 215
118, 215
114, 215
113, 215
157, 215
154, 215
103, 215
132, 215
146, 215
132, 215
119, 215
120, 215
135, 215
112, 215
101, 215
107, 215
123, 215
166, 215
111, 215
154, 215
100, 215
135, 215
157, 215
129, 215
159, 215
124, 215
154, 215
139, 215
111, 215
128, 215
100, 215
144, 215
159, 215
104, 215
155, 215
200, 215
108, 215
175, 215
134, 215
139, 215
122, 215
120, 215
117, 215
100, 215
148, 215
106, 215
116, 215
169, 215
202, 215
117, 215
102, 215
117, 215
103, 215
130, 215
160, 215
123, 215
106, 215
115, 215
106, 215
110, 215
206, 215
107, 215
130, 215
107, 215
109, 215
157, 215
114, 215
133, 215
154, 215
128, 215
160, 215
149, 215
140, 215
100, 215
112, 215
108, 215
105, 215
182, 215
123, 215
116, 215
136, 215
169, 215
132, 215
103, 215
107, 215
143, 215
117, 215
101, 215
177, 215
145, 215
127, 215
149, 215
185, 215
130, 215
204, 215
113, 215
129, 215
163, 215
145, 215
144, 215
102, 215
138, 215
160, 215
151, 215
137, 215
118, 215
122, 215
105, 215
159, 215
100, 215
104, 215
109, 215
145, 215
135, 215
124, 215
108, 215
135, 215
147, 215
128, 215
112, 215
107, 215
203, 215
115, 215
129, 215
117, 215
200, 215
181, 215
102, 215
147, 215
109, 215
115, 215
113, 215
152, 215
106, 215
124, 215
120, 215
121, 215
119, 215
115, 215
111, 215
105, 215
109, 215
134, 215
111, 215
111, 215
169, 215
172, 215
118, 215
200, 215
155, 215
118, 215
127, 215
202, 215
161, 215
135, 215
132, 215
104, 215
106, 215
143, 215
129, 215
100, 215
118, 215
138, 215
155, 215
106, 215
206, 215
144, 215
166, 215
100, 215
111, 215
127, 215
103, 215
111, 215
109, 215
113, 215
127, 215
109, 215
102, 215
128, 215
111, 215
116, 215
153, 215
111, 215
100, 215
130, 215
106, 215
111, 215
138, 215
114, 215
161, 215
182, 215
114, 215
148, 215
152, 215
122, 215
104, 215
121, 215
117, 215
155, 215
162, 215
123, 215
106, 215
103, 215
140, 215
113, 215
116, 215
109, 215
150, 215
173, 215
105, 215
104, 215
122, 215
120, 215
185, 215
110, 215
100, 215
140, 215
109, 215
112, 215
119, 215
110, 215
105, 215
123, 215
104, 215
118, 215
105, 215
200, 215
126, 215
151, 215
121, 215
133, 215
165, 215
113, 215
102, 215
116, 215
100, 215
122, 215
109, 215
107, 215
111, 215
120, 215
121, 215
114, 215
120, 215
137, 215
168, 215
113, 215
106, 215
144, 215
205, 215
104, 215
107, 215
205, 215
115, 215
127, 215
105, 215
163, 215
125, 215
104, 215
158, 215
119, 215
108, 215
208, 215
100, 215
132, 215
148, 215
180, 215
195, 215
112, 215
113, 215
106, 215
154, 215
102, 215
200, 215
129, 215
153, 215
103, 215
100, 215
122, 215
125, 215
107, 215
120, 215
158, 215
111, 215
131, 215
115, 215
119, 215
200, 215
122, 215
142, 215
131, 215
148, 215
145, 215
205, 215
100, 215
111, 215
122, 215
100, 215
123, 215
118, 215
159, 215
127, 215
101, 215
112, 215
108, 215
103, 215
147, 215
119, 215
151, 215
119, 215
122, 215
144, 215
160, 215
106, 215
118, 215
129, 215
176, 215
107, 215
105, 215
129, 215
101, 215
145, 215
143, 215
127, 215
138, 215
113, 215
125, 215
100, 215
119, 215
125, 215
117, 215
100, 215
172, 215
113, 215
171, 215
119, 215
110, 215
109, 215
118, 215
109, 215
137, 215
185, 215
130, 215
168, 215
103, 215
132, 215
115, 215
107, 215
124, 215
109, 215
101, 215
178, 215
105, 215
102, 215
102, 215
135, 215
152, 215
116, 215
177, 215
110, 215
200, 215
113, 215
139, 215
210, 215
121, 215
110, 215
117, 215
171, 215
126, 215
108, 215
101, 215
105, 215
103, 215
135, 215
106, 215
170, 215
111, 215
103, 215
100, 215
109, 215
111, 215
123, 215
160, 215
113, 215
173, 215
153, 215
130, 215
158, 215
105, 215
124, 215
106, 215
129, 215
105, 215
203, 215
102, 215
120, 215
104, 215
105, 215
103, 215
105, 215
126, 215
103, 215
154, 215
121, 215
105, 215
177, 215
114, 215
123, 215
132, 215
115, 215
108, 215
112, 215
124, 215
161, 215
205, 215
153, 215
128, 215
118, 215
110, 215
157, 215
106, 215
109, 215
105, 215
201, 215
107, 215
127, 215
220, 220
112, 220
105, 220
176, 220
131, 220
114, 220
124, 220
127, 220
100, 220
121, 220
105, 220
168, 220
121, 220
114, 220
118, 220
107, 220
117, 220
126, 220
100, 220
108, 220
116, 220
128, 220
168, 220
137, 220
144, 220
151, 220
130, 220
157, 220
161, 220
102, 220
197, 220
101, 220
203, 220
112, 220
179, 220
153, 220
115, 220
127, 220
111, 220
121, 220
124, 220
123, 220
184, 220
120, 220
109, 220
117, 220
200, 220
141, 220
114, 220
103, 220
121, 220
123, 220
104, 220
115, 220
135, 220
104, 220
110, 220
200, 220
132, 220
183, 220
136, 220
122, 220
202, 220
190, 220
131, 220
133, 220
121, 220
114, 220
126, 220
105, 220
117, 220
103, 220
143, 220
117, 220
135, 220
108, 220
163, 220
139, 220
120, 220
151, 220
130, 220
106, 220
112, 220
143, 220
135, 220
148, 220
176, 220
156, 220
120, 220
103, 220
116, 220
122, 220
125, 220
143, 220
141, 220
194, 220
109, 220
152, 220
103, 220
198, 220
107, 220
123, 220
144, 220
114, 220
195, 220
108, 220
147, 220
145, 220
164, 220
105, 220
104, 220
114, 220
137, 220
152, 220
103, 220
125, 220
117, 220
173, 220
115, 220
179, 220
129, 220
124, 220
100, 220
114, 220
115, 220
143, 220
108, 220
106, 220
138, 220
107, 220
156, 220
184, 220
104, 220
149, 220
143, 220
107, 220
101, 220
109, 220
167, 220
124, 220
102, 220
146, 220
189, 220
178, 220
107, 220
130, 220
143, 220
126, 220
105, 220
147, 220
117, 220
103, 220
132, 220
201, 220
123, 220
184, 220
154, 220
122, 220
200, 220
107, 220
118, 220
118, 220
122, 220
116, 220
101, 220
159, 220
109, 220
174, 220
121, 220
144, 220
108, 220
126, 220
160, 220
114, 220
122, 220
120, 220
148, 220
111, 220
180, 220
128, 220
131, 220
100, 220
114, 220
201, 220
143, 220
101, 220
109, 220
197, 220
176, 220
166, 220
135, 220
103, 220
107, 220
115, 220
118, 220
205, 220
108, 220
136, 220
110, 220
125, 220
141, 220
127, 220
103, 220
124, 220
171, 220
125, 220
132, 220
125, 220
184, 220
102, 220
117, 220
120, 220
127, 220
117, 220
102, 220
112, 220
106, 220
159, 220
100, 220
130, 220
106, 220
106, 220
107, 220
100, 220
111, 220
176, 220
201, 220
128, 220
105, 220
158, 220
199, 220
109, 220
112, 220
142, 220
118, 220
106, 220
136, 220
217, 220
136, 220
131, 220
157, 220
209, 220
149, 220
106, 220
125, 220
123, 220
132, 220
109, 220
111, 220
123, 220
200, 220
127, 220
135, 220
133, 220
112, 220
108, 220
146, 220
111, 220
126, 220
134, 220
104, 220
128, 220
104, 220
108, 220
112, 220
150, 220
170, 220
114, 220
128, 220
125, 220
127, 220
109, 220
109, 220
172, 220
103, 220
116, 220
141, 220
107, 220
156, 220
152, 220
151, 220
103, 220
103, 220
120, 220
125, 220
140, 220
171, 220
109, 220
114, 220
158, 220
108, 220
144, 220
112, 220
206, 220
114, 220
106, 220
128, 220
111, 220
104, 220
102, 220
115, 220
168, 220
113, 220
202, 220
139, 220
110, 220
201, 220
129, 220
104, 220
142, 220
107, 220
119, 220
103, 220
130, 220
119, 220
166, 220
117, 220
174, 220
103, 220
103, 220
129, 220
121, 220
118, 220
143, 220
140, 220
110, 220
114, 220
129, 220
105, 220
137, 220
110, 220
111, 220
117, 220
120, 220
128, 220
132, 220
111, 220
145, 220
172, 220
114, 220
155, 220
109, 220
132, 220
164, 220
140, 220
109, 220
147, 220
158, 220
103, 220
119, 220
118, 220
127, 220
110, 220
111, 220
149, 220
201, 220
131, 220
161, 220
103, 220
100, 220
141, 220
128, 220
150, 220
121, 220
131, 220
130, 220
127, 220
119, 220
133, 220
139, 220
103, 220
137, 220
146, 220
106, 220
128, 220
202, 220
108, 220
114, 220
100, 220
122, 220
101, 220
106, 220
106, 220
124, 220
155, 220
120, 220
130, 220
124, 220
110, 220
152, 220
125, 220
160, 220
111, 220
200, 220
174, 220
119, 220
124, 220
149, 220
112, 220
118, 220
108, 220
134, 220
138, 220
149, 220
181, 220
187, 220
142, 220
146, 220
119, 220
102, 220
101, 220
201, 220
112, 220
104, 220
104, 220
123, 220
131, 220
121, 220
139, 220
155, 220
165, 220
128, 220
158, 220
136, 220
124, 220
138, 220
118, 220
110, 220
132, 220
107, 220
124, 220
134, 220
102, 220
161, 220
119, 220
114, 220
125, 220
134, 220
163, 220
124, 220
110, 220
104, 220
112, 220
123, 220
128, 220
101, 220
122, 220
105, 220
152, 220
173, 220
104, 220
103, 220
116, 220
123, 220
102, 220
102, 220
124, 220
106, 220
152, 220
156, 220
122, 220
176, 220
108, 220
100, 220
129, 220
165, 220
139, 220
159, 220
104, 220
131, 220
100, 220
117, 220
101, 220
146, 220
141, 220
187, 220
175, 220
116, 220
111, 220
122, 220
113, 220
130, 220
104, 220
103, 220
113, 220
107, 220
107, 220
117, 220
170, 220
171, 220
137, 220
166, 220
105, 220
103, 220
113, 220
103, 220
104, 220
161, 220
102, 220
149, 220
102, 220
104, 220
202, 220
138, 220
147, 220
108, 220
155, 220
118, 220
106, 220
102, 220
128, 220
150, 220
184, 220
183, 220
102, 220
171, 220
126, 220
116, 220
135, 220
118, 220
125, 220
135, 220
131, 220
113, 220
151, 220
106, 220
106, 220
122, 220
122, 220
106, 220
174, 220
135, 220
122, 220
127, 220
136, 220
191, 220
219, 220
108, 220
118, 220
131, 220
118, 220
192, 220
119, 220
133, 220
142, 220
192, 220
128, 220
117, 220
153, 220
109, 220
106, 220
110, 220
175, 220
116, 220
183, 220
200, 220
131, 220
118, 220
104, 220
113, 220
178, 220
105, 220
110, 220
129, 220
136, 220
120, 220
130, 220
167, 220
170, 220
158, 220
100, 220
101, 220
178, 220
100, 220
156, 220
117, 220
135, 220
147, 220
117, 220
211, 220
113, 220
124, 220
107, 220
134, 220
135, 220
100, 220
111, 220
137, 220
159, 220
150, 220
117, 220
102, 220
118, 220
119, 220
103, 220
129, 220
108, 220
134, 220
107, 220
200, 220
111, 220
139, 220
130, 220
188, 220
114, 220
103, 220
207, 220
118, 220
103, 220
113, 220
200, 220
110, 220
124, 220
102, 220
129, 220
153, 220
106, 220
148, 220
166, 220
123, 220
103, 220
130, 220
109, 220
209, 220
201, 220
126, 220
113, 220
162, 220
147, 220
126, 220
105, 220
116, 220
140, 220
126, 220
111, 220
150, 220
125, 220
129, 220
122, 220
212, 220
162, 220
142, 220
123, 220
120, 220
112, 220
106, 220
117, 220
142, 220
140, 220
100, 220
104, 220
130, 220
137, 220
109, 220
147, 220
103, 220
116, 220
101, 220
130, 220
166, 220
134, 220
119, 220
123, 220
113, 220
100, 220
129, 220
104, 220
114, 220
211, 220
103, 220
162, 220
157, 220
121, 220
166, 220
109, 220
105, 220
100, 220
135, 220
124, 220
104, 220
118, 220
105, 220
129, 220
123, 220
200, 220
101, 220
151, 220
105, 220
169, 220
198, 220
154, 220
152, 220
117, 220
107, 220
115, 220
113, 220
157, 220
104, 220
123, 220
103, 220
130, 220
102, 220
170, 220
102, 220
122, 220
130, 220
100, 220
158, 220
133, 220
130, 220
126, 220
113, 220
158, 220
207, 220
160, 220
108, 220
103, 220
109, 220
108, 220
116, 220
128, 220
142, 220
128, 220
106, 220
111, 220
179, 220
108, 220
111, 220
102, 220
115, 220
124, 220
112, 220
128, 220
114, 220
104, 220
131, 220
104, 220
130, 220
137, 220
148, 220
100, 220
144, 220
111, 220
135, 220
109, 220
119, 220
131, 220
111, 220
