#Algorithm: SARSA, Speed: 1, Boost: 4, PM: False, Env size: (20, 20), Car size: (5, 4),
#Counter: 10000000, Nsteps: 10000000, Gamma: 1, LearnRate: 0.01, Eps: 0.5, Epsdecay: 0.9
0, 0
2, 2
0, 2
1, 2
3, 3
0, 3
3, 3
7, 7
0, 7
1, 7
1, 7
2, 7
1, 7
2, 7
1, 7
13, 13
4, 13
2, 13
1, 13
1, 13
2, 13
2, 13
2, 13
3, 13
4, 13
1, 13
1, 13
4, 13
1, 13
1, 13
4, 13
0, 13
1, 13
0, 13
5, 13
4, 13
0, 13
7, 13
0, 13
2, 13
4, 13
6, 13
2, 13
2, 13
4, 13
5, 13
3, 13
4, 13
4, 13
3, 13
13, 13
13, 13
8, 13
1, 13
3, 13
8, 13
7, 13
1, 13
2, 13
2, 13
7, 13
5, 13
7, 13
4, 13
10, 13
10, 13
11, 13
6, 13
6, 13
1, 13
3, 13
6, 13
1, 13
9, 13
1, 13
11, 13
2, 13
2, 13
2, 13
1, 13
4, 13
4, 13
0, 13
15, 15
6, 15
2, 15
15, 15
7, 15
6, 15
15, 15
12, 15
3, 15
1, 15
2, 15
8, 15
3, 15
7, 15
21, 21
14, 21
22, 22
4, 22
2, 22
9, 22
4, 22
2, 22
3, 22
1, 22
14, 22
4, 22
11, 22
3, 22
0, 22
5, 22
5, 22
9, 22
9, 22
2, 22
12, 22
4, 22
3, 22
5, 22
7, 22
0, 22
2, 22
4, 22
15, 22
9, 22
0, 22
2, 22
6, 22
4, 22
22, 22
6, 22
1, 22
2, 22
5, 22
4, 22
6, 22
9, 22
11, 22
1, 22
8, 22
13, 22
5, 22
1, 22
1, 22
3, 22
7, 22
8, 22
17, 22
3, 22
18, 22
8, 22
22, 22
4, 22
4, 22
17, 22
13, 22
11, 22
4, 22
2, 22
3, 22
3, 22
3, 22
1, 22
2, 22
8, 22
11, 22
4, 22
3, 22
3, 22
41, 41
4, 41
36, 41
9, 41
6, 41
11, 41
3, 41
27, 41
2, 41
9, 41
3, 41
1, 41
1, 41
9, 41
1, 41
3, 41
0, 41
2, 41
9, 41
3, 41
6, 41
3, 41
2, 41
3, 41
2, 41
13, 41
14, 41
4, 41
5, 41
2, 41
1, 41
13, 41
0, 41
1, 41
0, 41
9, 41
5, 41
5, 41
2, 41
1, 41
3, 41
0, 41
3, 41
11, 41
13, 41
5, 41
2, 41
1, 41
5, 41
2, 41
9, 41
1, 41
5, 41
3, 41
17, 41
11, 41
2, 41
6, 41
10, 41
0, 41
1, 41
6, 41
3, 41
4, 41
9, 41
13, 41
6, 41
5, 41
16, 41
5, 41
8, 41
14, 41
4, 41
24, 41
13, 41
3, 41
5, 41
15, 41
9, 41
1, 41
1, 41
8, 41
10, 41
6, 41
19, 41
3, 41
2, 41
2, 41
1, 41
28, 41
7, 41
0, 41
5, 41
5, 41
12, 41
3, 41
1, 41
3, 41
0, 41
6, 41
5, 41
10, 41
13, 41
3, 41
4, 41
3, 41
1, 41
18, 41
2, 41
2, 41
3, 41
6, 41
13, 41
9, 41
30, 41
10, 41
8, 41
15, 41
12, 41
10, 41
11, 41
13, 41
6, 41
10, 41
2, 41
19, 41
11, 41
1, 41
5, 41
11, 41
0, 41
3, 41
7, 41
5, 41
2, 41
8, 41
11, 41
12, 41
4, 41
6, 41
15, 41
1, 41
15, 41
9, 41
18, 41
7, 41
7, 41
10, 41
2, 41
7, 41
29, 41
5, 41
14, 41
8, 41
15, 41
2, 41
11, 41
7, 41
6, 41
5, 41
5, 41
13, 41
6, 41
7, 41
3, 41
5, 41
1, 41
25, 41
21, 41
8, 41
6, 41
12, 41
2, 41
2, 41
2, 41
2, 41
10, 41
0, 41
6, 41
20, 41
3, 41
12, 41
7, 41
13, 41
1, 41
2, 41
12, 41
2, 41
0, 41
5, 41
22, 41
1, 41
14, 41
5, 41
1, 41
29, 41
16, 41
0, 41
1, 41
10, 41
1, 41
9, 41
13, 41
3, 41
22, 41
9, 41
13, 41
4, 41
18, 41
14, 41
6, 41
6, 41
3, 41
51, 51
60, 60
6, 60
3, 60
27, 60
2, 60
2, 60
11, 60
27, 60
8, 60
11, 60
8, 60
49, 60
27, 60
14, 60
2, 60
3, 60
9, 60
5, 60
0, 60
9, 60
8, 60
12, 60
6, 60
1, 60
28, 60
28, 60
10, 60
7, 60
9, 60
7, 60
7, 60
7, 60
7, 60
8, 60
4, 60
25, 60
5, 60
7, 60
12, 60
34, 60
4, 60
5, 60
3, 60
9, 60
3, 60
1, 60
9, 60
6, 60
54, 60
25, 60
20, 60
13, 60
12, 60
71, 71
3, 71
5, 71
18, 71
5, 71
14, 71
39, 71
20, 71
6, 71
7, 71
8, 71
6, 71
9, 71
22, 71
3, 71
13, 71
6, 71
28, 71
8, 71
3, 71
32, 71
12, 71
7, 71
11, 71
3, 71
2, 71
11, 71
16, 71
2, 71
14, 71
35, 71
17, 71
3, 71
2, 71
14, 71
1, 71
1, 71
5, 71
2, 71
3, 71
7, 71
7, 71
22, 71
42, 71
42, 71
7, 71
16, 71
9, 71
21, 71
6, 71
32, 71
5, 71
10, 71
11, 71
17, 71
22, 71
3, 71
6, 71
33, 71
12, 71
19, 71
15, 71
15, 71
15, 71
12, 71
13, 71
25, 71
11, 71
25, 71
14, 71
5, 71
7, 71
24, 71
47, 71
33, 71
12, 71
7, 71
14, 71
22, 71
10, 71
14, 71
5, 71
10, 71
31, 71
21, 71
34, 71
4, 71
10, 71
6, 71
15, 71
3, 71
14, 71
57, 71
4, 71
24, 71
6, 71
12, 71
7, 71
19, 71
23, 71
33, 71
40, 71
13, 71
16, 71
9, 71
15, 71
24, 71
3, 71
37, 71
52, 71
8, 71
2, 71
3, 71
6, 71
5, 71
12, 71
8, 71
39, 71
18, 71
13, 71
33, 71
15, 71
1, 71
16, 71
11, 71
36, 71
16, 71
15, 71
15, 71
32, 71
111, 111
1, 111
9, 111
1, 111
4, 111
17, 111
23, 111
4, 111
33, 111
26, 111
7, 111
33, 111
32, 111
10, 111
34, 111
2, 111
1, 111
35, 111
9, 111
17, 111
6, 111
12, 111
5, 111
76, 111
9, 111
7, 111
5, 111
9, 111
13, 111
13, 111
31, 111
9, 111
41, 111
17, 111
15, 111
6, 111
33, 111
16, 111
3, 111
24, 111
34, 111
3, 111
18, 111
14, 111
16, 111
6, 111
8, 111
35, 111
29, 111
42, 111
13, 111
11, 111
14, 111
13, 111
21, 111
27, 111
44, 111
8, 111
26, 111
9, 111
8, 111
7, 111
53, 111
22, 111
38, 111
41, 111
24, 111
11, 111
16, 111
17, 111
53, 111
1, 111
26, 111
39, 111
8, 111
17, 111
1, 111
74, 111
8, 111
39, 111
16, 111
25, 111
2, 111
48, 111
11, 111
23, 111
23, 111
17, 111
113, 113
15, 113
28, 113
2, 113
2, 113
5, 113
103, 113
51, 113
2, 113
2, 113
16, 113
15, 113
31, 113
110, 113
11, 113
13, 113
16, 113
15, 113
41, 113
32, 113
48, 113
10, 113
2, 113
119, 119
12, 119
5, 119
7, 119
12, 119
49, 119
9, 119
14, 119
20, 119
30, 119
14, 119
4, 119
13, 119
35, 119
64, 119
37, 119
17, 119
10, 119
27, 119
9, 119
22, 119
8, 119
52, 119
2, 119
40, 119
52, 119
32, 119
7, 119
38, 119
28, 119
12, 119
25, 119
67, 119
6, 119
13, 119
18, 119
27, 119
126, 126
19, 126
80, 126
21, 126
23, 126
79, 126
62, 126
10, 126
16, 126
16, 126
65, 126
31, 126
54, 126
20, 126
45, 126
63, 126
30, 126
16, 126
27, 126
10, 126
18, 126
8, 126
10, 126
24, 126
37, 126
79, 126
44, 126
26, 126
2, 126
71, 126
2, 126
12, 126
17, 126
5, 126
9, 126
3, 126
11, 126
5, 126
13, 126
78, 126
45, 126
10, 126
22, 126
36, 126
15, 126
79, 126
59, 126
43, 126
15, 126
49, 126
31, 126
57, 126
13, 126
9, 126
1, 126
31, 126
41, 126
10, 126
53, 126
123, 126
4, 126
3, 126
19, 126
19, 126
6, 126
187, 187
69, 187
13, 187
5, 187
33, 187
1, 187
35, 187
7, 187
21, 187
7, 187
48, 187
57, 187
85, 187
13, 187
18, 187
68, 187
7, 187
116, 187
41, 187
6, 187
19, 187
11, 187
18, 187
100, 187
23, 187
13, 187
61, 187
2, 187
87, 187
158, 187
113, 187
8, 187
185, 187
35, 187
7, 187
90, 187
2, 187
17, 187
3, 187
66, 187
36, 187
1, 187
7, 187
21, 187
60, 187
35, 187
7, 187
1, 187
17, 187
27, 187
84, 187
28, 187
70, 187
7, 187
10, 187
30, 187
14, 187
3, 187
15, 187
46, 187
20, 187
36, 187
32, 187
7, 187
9, 187
6, 187
145, 187
26, 187
94, 187
7, 187
59, 187
38, 187
86, 187
94, 187
179, 187
70, 187
11, 187
48, 187
42, 187
19, 187
27, 187
54, 187
121, 187
186, 187
73, 187
98, 187
19, 187
86, 187
101, 187
43, 187
77, 187
139, 187
52, 187
23, 187
12, 187
98, 187
12, 187
14, 187
22, 187
44, 187
27, 187
37, 187
97, 187
388, 388
51, 388
45, 388
46, 388
59, 388
4, 388
75, 388
48, 388
56, 388
10, 388
71, 388
95, 388
29, 388
86, 388
29, 388
45, 388
30, 388
117, 388
48, 388
115, 388
105, 388
129, 388
26, 388
41, 388
88, 388
26, 388
159, 388
285, 388
35, 388
175, 388
46, 388
65, 388
302, 388
110, 388
3, 388
65, 388
331, 388
54, 388
25, 388
82, 388
96, 388
14, 388
245, 388
204, 388
269, 388
39, 388
91, 388
135, 388
156, 388
100, 388
230, 388
89, 388
62, 388
390, 390
355, 390
243, 390
58, 390
247, 390
79, 390
784, 784
463, 784
48, 784
116, 784
50, 784
19, 784
88, 784
90, 784
157, 784
129, 784
177, 784
98, 784
290, 784
144, 784
15, 784
66, 784
140, 784
150, 784
768, 784
1190, 1190
49, 1190
103, 1190
339, 1190
304, 1190
33, 1190
244, 1190
54, 1190
285, 1190
747, 1190
125, 1190
88, 1190
318, 1190
204, 1190
54, 1190
97, 1190
34, 1190
60, 1190
54, 1190
500, 1190
126, 1190
70, 1190
10, 1190
408, 1190
141, 1190
505, 1190
217, 1190
17, 1190
73, 1190
994, 1190
113, 1190
358, 1190
31, 1190
281, 1190
78, 1190
9, 1190
49, 1190
197, 1190
140, 1190
65, 1190
384, 1190
194, 1190
71, 1190
99, 1190
460, 1190
372, 1190
39, 1190
1025, 1190
214, 1190
39, 1190
412, 1190
166, 1190
318, 1190
485, 1190
76, 1190
134, 1190
440, 1190
258, 1190
388, 1190
244, 1190
342, 1190
26, 1190
470, 1190
64, 1190
74, 1190
475, 1190
222, 1190
134, 1190
149, 1190
102, 1190
58, 1190
90, 1190
294, 1190
339, 1190
90, 1190
128, 1190
660, 1190
28, 1190
678, 1190
267, 1190
551, 1190
251, 1190
393, 1190
54, 1190
1386, 1386
377, 1386
411, 1386
216, 1386
118, 1386
77, 1386
105, 1386
470, 1386
440, 1386
79, 1386
17, 1386
148, 1386
323, 1386
40, 1386
235, 1386
172, 1386
320, 1386
39, 1386
560, 1386
207, 1386
18, 1386
90, 1386
281, 1386
186, 1386
16, 1386
72, 1386
105, 1386
113, 1386
184, 1386
124, 1386
53, 1386
242, 1386
16, 1386
125, 1386
390, 1386
295, 1386
352, 1386
70, 1386
50, 1386
73, 1386
17, 1386
181, 1386
169, 1386
118, 1386
184, 1386
441, 1386
53, 1386
107, 1386
214, 1386
315, 1386
138, 1386
101, 1386
287, 1386
137, 1386
340, 1386
235, 1386
135, 1386
162, 1386
11, 1386
24, 1386
689, 1386
138, 1386
733, 1386
133, 1386
252, 1386
232, 1386
28, 1386
9, 1386
93, 1386
202, 1386
320, 1386
149, 1386
249, 1386
881, 1386
226, 1386
42, 1386
1015, 1386
210, 1386
251, 1386
144, 1386
39, 1386
156, 1386
41, 1386
267, 1386
617, 1386
306, 1386
133, 1386
139, 1386
252, 1386
907, 1386
566, 1386
74, 1386
67, 1386
134, 1386
9, 1386
463, 1386
21, 1386
137, 1386
29, 1386
462, 1386
807, 1386
80, 1386
69, 1386
425, 1386
920, 1386
231, 1386
237, 1386
1302, 1386
329, 1386
121, 1386
24, 1386
100, 1386
256, 1386
34, 1386
295, 1386
17, 1386
641, 1386
205, 1386
919, 1386
77, 1386
356, 1386
140, 1386
32, 1386
37, 1386
463, 1386
98, 1386
379, 1386
50, 1386
328, 1386
109, 1386
862, 1386
60, 1386
279, 1386
127, 1386
233, 1386
471, 1386
24, 1386
66, 1386
228, 1386
222, 1386
15, 1386
22, 1386
622, 1386
263, 1386
894, 1386
82, 1386
492, 1386
201, 1386
442, 1386
251, 1386
778, 1386
484, 1386
73, 1386
806, 1386
146, 1386
167, 1386
211, 1386
103, 1386
198, 1386
971, 1386
315, 1386
37, 1386
20, 1386
40, 1386
48, 1386
96, 1386
335, 1386
50, 1386
77, 1386
174, 1386
367, 1386
24, 1386
537, 1386
60, 1386
407, 1386
173, 1386
120, 1386
206, 1386
58, 1386
119, 1386
515, 1386
64, 1386
164, 1386
129, 1386
137, 1386
38, 1386
102, 1386
45, 1386
150, 1386
424, 1386
119, 1386
354, 1386
177, 1386
106, 1386
130, 1386
484, 1386
122, 1386
34, 1386
39, 1386
272, 1386
213, 1386
236, 1386
32, 1386
132, 1386
101, 1386
9, 1386
108, 1386
243, 1386
65, 1386
63, 1386
219, 1386
182, 1386
40, 1386
30, 1386
326, 1386
148, 1386
134, 1386
64, 1386
60, 1386
140, 1386
936, 1386
141, 1386
73, 1386
59, 1386
33, 1386
298, 1386
93, 1386
22, 1386
579, 1386
26, 1386
482, 1386
232, 1386
1186, 1386
397, 1386
459, 1386
547, 1386
317, 1386
54, 1386
195, 1386
163, 1386
287, 1386
256, 1386
453, 1386
44, 1386
181, 1386
674, 1386
169, 1386
319, 1386
170, 1386
97, 1386
229, 1386
53, 1386
282, 1386
329, 1386
314, 1386
599, 1386
14, 1386
375, 1386
40, 1386
14, 1386
310, 1386
357, 1386
35, 1386
363, 1386
147, 1386
207, 1386
227, 1386
863, 1386
235, 1386
80, 1386
33, 1386
40, 1386
40, 1386
364, 1386
1179, 1386
944, 1386
1392, 1392
50, 1392
186, 1392
61, 1392
163, 1392
478, 1392
24, 1392
369, 1392
436, 1392
132, 1392
387, 1392
120, 1392
271, 1392
175, 1392
320, 1392
224, 1392
125, 1392
81, 1392
324, 1392
310, 1392
103, 1392
180, 1392
670, 1392
303, 1392
200, 1392
7, 1392
1189, 1392
141, 1392
709, 1392
351, 1392
337, 1392
509, 1392
57, 1392
144, 1392
30, 1392
252, 1392
50, 1392
46, 1392
371, 1392
43, 1392
125, 1392
505, 1392
32, 1392
274, 1392
874, 1392
40, 1392
68, 1392
853, 1392
410, 1392
534, 1392
202, 1392
679, 1392
96, 1392
296, 1392
924, 1392
318, 1392
315, 1392
1643, 1643
318, 1643
294, 1643
586, 1643
417, 1643
498, 1643
385, 1643
249, 1643
779, 1643
1519, 1643
414, 1643
460, 1643
1487, 1643
370, 1643
324, 1643
139, 1643
105, 1643
158, 1643
28, 1643
232, 1643
303, 1643
251, 1643
293, 1643
209, 1643
368, 1643
201, 1643
1058, 1643
1764, 1764
171, 1764
2001, 2001
478, 2001
511, 2001
114, 2001
31, 2001
631, 2001
461, 2001
802, 2001
753, 2001
34, 2001
1032, 2001
155, 2001
248, 2001
367, 2001
861, 2001
25, 2001
1186, 2001
274, 2001
1370, 2001
26, 2001
290, 2001
501, 2001
252, 2001
383, 2001
154, 2001
194, 2001
486, 2001
30, 2001
32, 2001
152, 2001
173, 2001
306, 2001
261, 2001
808, 2001
70, 2001
565, 2001
81, 2001
358, 2001
277, 2001
464, 2001
76, 2001
861, 2001
362, 2001
174, 2001
107, 2001
458, 2001
391, 2001
222, 2001
473, 2001
327, 2001
103, 2001
13, 2001
469, 2001
230, 2001
370, 2001
276, 2001
119, 2001
1961, 2001
316, 2001
133, 2001
212, 2001
72, 2001
150, 2001
82, 2001
410, 2001
1592, 2001
722, 2001
354, 2001
446, 2001
289, 2001
2001, 2001
2001, 2001
417, 2001
661, 2001
1781, 2001
45, 2001
509, 2001
77, 2001
272, 2001
597, 2001
308, 2001
442, 2001
1079, 2001
1373, 2001
120, 2001
115, 2001
1527, 2001
983, 2001
829, 2001
93, 2001
75, 2001
17, 2001
#Algorithm: SARSA, Speed: 1, Boost: 4, PM: False, Env size: (20, 20), Car size: (5, 4),
#Counter: 10000000, Nsteps: 10000000, Gamma: 1, LearnRate: 0.01, Eps: 0.5, Epsdecay: 0.9
1, 1
3, 3
2, 3
0, 3
0, 3
0, 3
2, 3
0, 3
0, 3
2, 3
1, 3
2, 3
5, 5
0, 5
0, 5
9, 9
1, 9
0, 9
0, 9
0, 9
2, 9
3, 9
0, 9
8, 9
0, 9
6, 9
9, 9
0, 9
2, 9
0, 9
30, 30
9, 30
8, 30
6, 30
0, 30
2, 30
11, 30
18, 30
5, 30
6, 30
4, 30
7, 30
1, 30
2, 30
4, 30
1, 30
2, 30
18, 30
8, 30
0, 30
18, 30
0, 30
8, 30
3, 30
4, 30
1, 30
15, 30
5, 30
7, 30
0, 30
13, 30
2, 30
11, 30
2, 30
4, 30
0, 30
16, 30
18, 30
8, 30
0, 30
3, 30
4, 30
2, 30
1, 30
1, 30
11, 30
3, 30
6, 30
4, 30
23, 30
6, 30
8, 30
9, 30
2, 30
2, 30
2, 30
6, 30
2, 30
0, 30
4, 30
14, 30
5, 30
3, 30
5, 30
0, 30
5, 30
6, 30
3, 30
3, 30
3, 30
7, 30
5, 30
0, 30
7, 30
8, 30
1, 30
3, 30
10, 30
3, 30
32, 32
6, 32
5, 32
11, 32
11, 32
0, 32
1, 32
5, 32
2, 32
0, 32
9, 32
22, 32
3, 32
0, 32
3, 32
2, 32
11, 32
2, 32
7, 32
3, 32
4, 32
10, 32
14, 32
6, 32
7, 32
2, 32
1, 32
0, 32
3, 32
0, 32
3, 32
14, 32
5, 32
16, 32
2, 32
10, 32
16, 32
3, 32
16, 32
6, 32
14, 32
1, 32
2, 32
0, 32
6, 32
1, 32
5, 32
1, 32
8, 32
1, 32
3, 32
0, 32
30, 32
7, 32
0, 32
2, 32
3, 32
14, 32
1, 32
2, 32
6, 32
1, 32
7, 32
16, 32
9, 32
6, 32
1, 32
8, 32
29, 32
18, 32
20, 32
8, 32
10, 32
7, 32
0, 32
5, 32
35, 35
17, 35
11, 35
20, 35
13, 35
20, 35
14, 35
0, 35
8, 35
0, 35
11, 35
4, 35
1, 35
18, 35
5, 35
6, 35
13, 35
7, 35
8, 35
2, 35
10, 35
8, 35
0, 35
2, 35
9, 35
1, 35
20, 35
2, 35
13, 35
2, 35
13, 35
22, 35
7, 35
7, 35
6, 35
3, 35
13, 35
51, 51
10, 51
17, 51
28, 51
24, 51
6, 51
15, 51
1, 51
2, 51
24, 51
21, 51
15, 51
10, 51
15, 51
31, 51
4, 51
4, 51
8, 51
30, 51
28, 51
2, 51
9, 51
6, 51
3, 51
27, 51
11, 51
9, 51
19, 51
2, 51
3, 51
8, 51
9, 51
41, 51
8, 51
2, 51
9, 51
12, 51
32, 51
16, 51
2, 51
13, 51
6, 51
48, 51
11, 51
1, 51
14, 51
29, 51
14, 51
15, 51
2, 51
3, 51
14, 51
22, 51
45, 51
21, 51
4, 51
8, 51
25, 51
26, 51
4, 51
16, 51
1, 51
0, 51
1, 51
2, 51
14, 51
6, 51
21, 51
9, 51
25, 51
17, 51
14, 51
3, 51
4, 51
23, 51
7, 51
1, 51
17, 51
2, 51
37, 51
19, 51
4, 51
16, 51
17, 51
36, 51
2, 51
8, 51
26, 51
36, 51
18, 51
30, 51
11, 51
11, 51
4, 51
26, 51
8, 51
23, 51
36, 51
13, 51
8, 51
11, 51
21, 51
33, 51
0, 51
13, 51
10, 51
4, 51
7, 51
21, 51
11, 51
22, 51
5, 51
48, 51
17, 51
2, 51
12, 51
2, 51
10, 51
17, 51
19, 51
19, 51
1, 51
15, 51
14, 51
7, 51
53, 53
20, 53
0, 53
10, 53
0, 53
18, 53
5, 53
1, 53
51, 53
13, 53
16, 53
36, 53
9, 53
11, 53
28, 53
8, 53
5, 53
22, 53
5, 53
1, 53
1, 53
1, 53
11, 53
9, 53
42, 53
9, 53
0, 53
13, 53
8, 53
2, 53
23, 53
6, 53
20, 53
18, 53
0, 53
25, 53
35, 53
13, 53
17, 53
10, 53
24, 53
60, 60
0, 60
26, 60
19, 60
13, 60
9, 60
9, 60
10, 60
16, 60
4, 60
54, 60
15, 60
28, 60
13, 60
12, 60
5, 60
57, 60
19, 60
73, 73
47, 73
7, 73
32, 73
9, 73
0, 73
15, 73
4, 73
14, 73
8, 73
7, 73
18, 73
8, 73
4, 73
6, 73
11, 73
48, 73
10, 73
7, 73
101, 101
35, 101
3, 101
72, 101
10, 101
0, 101
2, 101
2, 101
1, 101
8, 101
5, 101
16, 101
11, 101
30, 101
41, 101
7, 101
76, 101
19, 101
47, 101
27, 101
3, 101
21, 101
11, 101
28, 101
15, 101
57, 101
4, 101
58, 101
4, 101
17, 101
3, 101
38, 101
14, 101
62, 101
23, 101
42, 101
34, 101
1, 101
25, 101
6, 101
12, 101
13, 101
15, 101
21, 101
37, 101
11, 101
22, 101
13, 101
13, 101
57, 101
6, 101
5, 101
13, 101
33, 101
5, 101
14, 101
0, 101
1, 101
7, 101
37, 101
8, 101
25, 101
52, 101
58, 101
22, 101
6, 101
107, 107
8, 107
10, 107
5, 107
15, 107
7, 107
21, 107
8, 107
13, 107
8, 107
11, 107
9, 107
17, 107
2, 107
28, 107
8, 107
54, 107
24, 107
45, 107
19, 107
17, 107
7, 107
68, 107
47, 107
60, 107
4, 107
42, 107
27, 107
26, 107
18, 107
53, 107
13, 107
14, 107
7, 107
35, 107
0, 107
7, 107
21, 107
42, 107
21, 107
10, 107
6, 107
0, 107
30, 107
11, 107
0, 107
4, 107
3, 107
11, 107
10, 107
22, 107
1, 107
8, 107
23, 107
56, 107
38, 107
43, 107
74, 107
16, 107
89, 107
24, 107
9, 107
18, 107
17, 107
16, 107
11, 107
18, 107
2, 107
2, 107
47, 107
10, 107
4, 107
65, 107
16, 107
8, 107
13, 107
5, 107
23, 107
4, 107
30, 107
17, 107
19, 107
12, 107
9, 107
9, 107
5, 107
42, 107
27, 107
20, 107
21, 107
16, 107
11, 107
13, 107
7, 107
64, 107
14, 107
6, 107
8, 107
2, 107
23, 107
9, 107
5, 107
1, 107
20, 107
0, 107
9, 107
24, 107
53, 107
1, 107
17, 107
28, 107
21, 107
2, 107
54, 107
61, 107
42, 107
3, 107
6, 107
32, 107
5, 107
2, 107
3, 107
3, 107
5, 107
21, 107
5, 107
17, 107
12, 107
13, 107
4, 107
5, 107
109, 109
20, 109
12, 109
2, 109
16, 109
7, 109
21, 109
15, 109
5, 109
24, 109
9, 109
25, 109
21, 109
0, 109
65, 109
0, 109
11, 109
16, 109
8, 109
14, 109
4, 109
12, 109
74, 109
18, 109
9, 109
9, 109
14, 109
57, 109
22, 109
28, 109
8, 109
27, 109
49, 109
18, 109
75, 109
5, 109
7, 109
9, 109
60, 109
45, 109
24, 109
69, 109
11, 109
27, 109
51, 109
10, 109
46, 109
50, 109
19, 109
26, 109
61, 109
23, 109
11, 109
61, 109
70, 109
51, 109
20, 109
30, 109
6, 109
14, 109
38, 109
0, 109
0, 109
71, 109
43, 109
63, 109
4, 109
16, 109
28, 109
15, 109
29, 109
52, 109
6, 109
53, 109
9, 109
22, 109
18, 109
12, 109
46, 109
67, 109
16, 109
7, 109
16, 109
28, 109
53, 109
7, 109
21, 109
52, 109
37, 109
6, 109
37, 109
4, 109
10, 109
46, 109
81, 109
25, 109
18, 109
84, 109
35, 109
23, 109
33, 109
29, 109
35, 109
15, 109
8, 109
13, 109
79, 109
41, 109
27, 109
17, 109
6, 109
21, 109
41, 109
101, 109
17, 109
9, 109
21, 109
36, 109
26, 109
35, 109
46, 109
99, 109
51, 109
77, 109
42, 109
10, 109
10, 109
54, 109
15, 109
61, 109
41, 109
7, 109
80, 109
27, 109
47, 109
11, 109
16, 109
2, 109
111, 111
92, 111
5, 111
20, 111
21, 111
40, 111
23, 111
9, 111
21, 111
25, 111
16, 111
22, 111
68, 111
0, 111
29, 111
110, 111
1, 111
22, 111
13, 111
24, 111
11, 111
5, 111
65, 111
10, 111
17, 111
181, 181
7, 181
43, 181
75, 181
21, 181
56, 181
23, 181
103, 181
41, 181
37, 181
41, 181
23, 181
2, 181
27, 181
22, 181
5, 181
28, 181
42, 181
22, 181
2, 181
10, 181
98, 181
9, 181
2, 181
17, 181
19, 181
20, 181
108, 181
84, 181
3, 181
13, 181
1, 181
38, 181
201, 201
38, 201
23, 201
67, 201
105, 201
21, 201
36, 201
31, 201
61, 201
72, 201
22, 201
49, 201
10, 201
53, 201
44, 201
100, 201
18, 201
22, 201
120, 201
30, 201
143, 201
44, 201
55, 201
43, 201
34, 201
31, 201
120, 201
80, 201
111, 201
0, 201
56, 201
58, 201
10, 201
6, 201
19, 201
50, 201
16, 201
95, 201
32, 201
82, 201
48, 201
10, 201
20, 201
10, 201
51, 201
29, 201
27, 201
29, 201
62, 201
15, 201
82, 201
24, 201
5, 201
152, 201
90, 201
11, 201
71, 201
46, 201
84, 201
26, 201
88, 201
69, 201
115, 201
52, 201
64, 201
21, 201
159, 201
132, 201
181, 201
34, 201
31, 201
42, 201
41, 201
40, 201
50, 201
11, 201
231, 231
44, 231
31, 231
8, 231
120, 231
98, 231
75, 231
51, 231
43, 231
36, 231
12, 231
73, 231
9, 231
7, 231
307, 307
115, 307
87, 307
9, 307
172, 307
50, 307
61, 307
40, 307
69, 307
51, 307
10, 307
18, 307
48, 307
105, 307
287, 307
10, 307
19, 307
186, 307
112, 307
98, 307
51, 307
7, 307
22, 307
94, 307
93, 307
12, 307
16, 307
148, 307
17, 307
42, 307
9, 307
149, 307
72, 307
161, 307
66, 307
41, 307
11, 307
82, 307
195, 307
306, 307
85, 307
22, 307
109, 307
29, 307
326, 326
56, 326
111, 326
250, 326
105, 326
4, 326
3, 326
39, 326
213, 326
137, 326
858, 858
408, 858
424, 858
89, 858
22, 858
87, 858
76, 858
171, 858
23, 858
340, 858
13, 858
36, 858
75, 858
252, 858
67, 858
55, 858
124, 858
369, 858
26, 858
418, 858
45, 858
80, 858
147, 858
26, 858
49, 858
12, 858
19, 858
32, 858
8, 858
289, 858
39, 858
5, 858
183, 858
132, 858
35, 858
27, 858
233, 858
37, 858
80, 858
146, 858
36, 858
25, 858
66, 858
179, 858
67, 858
376, 858
43, 858
40, 858
44, 858
184, 858
6, 858
98, 858
429, 858
144, 858
16, 858
75, 858
92, 858
360, 858
83, 858
109, 858
67, 858
223, 858
39, 858
24, 858
149, 858
286, 858
86, 858
74, 858
78, 858
361, 858
347, 858
257, 858
26, 858
132, 858
102, 858
159, 858
165, 858
99, 858
162, 858
509, 858
87, 858
56, 858
166, 858
939, 939
614, 939
332, 939
22, 939
78, 939
83, 939
264, 939
726, 939
404, 939
8, 939
246, 939
217, 939
1011, 1011
49, 1011
111, 1011
206, 1011
636, 1011
245, 1011
95, 1011
664, 1011
766, 1011
31, 1011
32, 1011
388, 1011
137, 1011
97, 1011
186, 1011
363, 1011
369, 1011
134, 1011
69, 1011
294, 1011
502, 1011
287, 1011
245, 1011
209, 1011
346, 1011
100, 1011
282, 1011
476, 1011
208, 1011
102, 1011
355, 1011
369, 1011
49, 1011
103, 1011
47, 1011
446, 1011
268, 1011
452, 1011
71, 1011
324, 1011
75, 1011
236, 1011
239, 1011
435, 1011
53, 1011
288, 1011
385, 1011
208, 1011
6, 1011
330, 1011
8, 1011
66, 1011
262, 1011
415, 1011
536, 1011
191, 1011
287, 1011
395, 1011
307, 1011
175, 1011
120, 1011
108, 1011
622, 1011
255, 1011
59, 1011
70, 1011
180, 1011
228, 1011
160, 1011
248, 1011
1123, 1123
571, 1123
127, 1123
81, 1123
80, 1123
67, 1123
29, 1123
113, 1123
89, 1123
197, 1123
950, 1123
769, 1123
529, 1123
276, 1123
490, 1123
353, 1123
356, 1123
24, 1123
307, 1123
122, 1123
346, 1123
346, 1123
165, 1123
395, 1123
55, 1123
4, 1123
226, 1123
43, 1123
238, 1123
232, 1123
10, 1123
217, 1123
773, 1123
425, 1123
127, 1123
16, 1123
87, 1123
91, 1123
730, 1123
105, 1123
813, 1123
343, 1123
423, 1123
139, 1123
97, 1123
536, 1123
457, 1123
46, 1123
862, 1123
210, 1123
922, 1123
31, 1123
402, 1123
457, 1123
333, 1123
13, 1123
230, 1123
139, 1123
102, 1123
178, 1123
323, 1123
79, 1123
11, 1123
221, 1123
264, 1123
690, 1123
101, 1123
720, 1123
273, 1123
100, 1123
119, 1123
55, 1123
61, 1123
39, 1123
16, 1123
503, 1123
163, 1123
61, 1123
142, 1123
87, 1123
467, 1123
275, 1123
22, 1123
91, 1123
706, 1123
381, 1123
82, 1123
119, 1123
136, 1123
221, 1123
561, 1123
52, 1123
265, 1123
156, 1123
135, 1123
814, 1123
102, 1123
1650, 1650
511, 1650
597, 1650
31, 1650
47, 1650
140, 1650
136, 1650
358, 1650
85, 1650
567, 1650
263, 1650
160, 1650
14, 1650
481, 1650
152, 1650
111, 1650
595, 1650
188, 1650
740, 1650
140, 1650
337, 1650
330, 1650
155, 1650
91, 1650
1280, 1650
62, 1650
577, 1650
861, 1650
465, 1650
229, 1650
67, 1650
58, 1650
97, 1650
600, 1650
320, 1650
104, 1650
370, 1650
169, 1650
282, 1650
165, 1650
92, 1650
1063, 1650
72, 1650
178, 1650
324, 1650
92, 1650
925, 1650
63, 1650
158, 1650
616, 1650
198, 1650
137, 1650
142, 1650
374, 1650
828, 1650
158, 1650
36, 1650
471, 1650
19, 1650
8, 1650
229, 1650
187, 1650
307, 1650
830, 1650
244, 1650
457, 1650
30, 1650
228, 1650
118, 1650
150, 1650
95, 1650
218, 1650
431, 1650
435, 1650
56, 1650
524, 1650
651, 1650
489, 1650
317, 1650
799, 1650
702, 1650
261, 1650
95, 1650
247, 1650
421, 1650
178, 1650
15, 1650
528, 1650
78, 1650
109, 1650
524, 1650
31, 1650
281, 1650
126, 1650
48, 1650
198, 1650
96, 1650
252, 1650
224, 1650
96, 1650
350, 1650
435, 1650
579, 1650
21, 1650
155, 1650
108, 1650
471, 1650
8, 1650
951, 1650
207, 1650
264, 1650
273, 1650
21, 1650
440, 1650
497, 1650
149, 1650
33, 1650
292, 1650
357, 1650
101, 1650
140, 1650
55, 1650
55, 1650
138, 1650
678, 1650
238, 1650
256, 1650
856, 1650
278, 1650
499, 1650
51, 1650
66, 1650
174, 1650
107, 1650
138, 1650
205, 1650
239, 1650
414, 1650
24, 1650
72, 1650
37, 1650
403, 1650
103, 1650
458, 1650
576, 1650
175, 1650
295, 1650
438, 1650
37, 1650
395, 1650
692, 1650
504, 1650
94, 1650
228, 1650
587, 1650
402, 1650
280, 1650
221, 1650
398, 1650
35, 1650
243, 1650
124, 1650
166, 1650
106, 1650
48, 1650
266, 1650
386, 1650
44, 1650
40, 1650
100, 1650
45, 1650
423, 1650
16, 1650
392, 1650
42, 1650
98, 1650
48, 1650
44, 1650
237, 1650
60, 1650
190, 1650
58, 1650
163, 1650
503, 1650
431, 1650
487, 1650
292, 1650
46, 1650
52, 1650
14, 1650
353, 1650
311, 1650
284, 1650
110, 1650
148, 1650
233, 1650
234, 1650
62, 1650
399, 1650
115, 1650
59, 1650
55, 1650
140, 1650
373, 1650
301, 1650
163, 1650
760, 1650
45, 1650
473, 1650
940, 1650
31, 1650
125, 1650
844, 1650
51, 1650
477, 1650
638, 1650
565, 1650
47, 1650
119, 1650
440, 1650
321, 1650
1893, 1893
48, 1893
323, 1893
341, 1893
990, 1893
308, 1893
621, 1893
1150, 1893
157, 1893
87, 1893
198, 1893
21, 1893
74, 1893
484, 1893
332, 1893
37, 1893
1161, 1893
152, 1893
23, 1893
27, 1893
187, 1893
34, 1893
745, 1893
232, 1893
331, 1893
169, 1893
301, 1893
7, 1893
520, 1893
175, 1893
374, 1893
52, 1893
311, 1893
250, 1893
21, 1893
123, 1893
118, 1893
81, 1893
54, 1893
274, 1893
33, 1893
305, 1893
1846, 1893
123, 1893
105, 1893
506, 1893
206, 1893
572, 1893
181, 1893
99, 1893
559, 1893
60, 1893
330, 1893
13, 1893
205, 1893
#Algorithm: SARSA, Speed: 1, Boost: 4, PM: False, Env size: (20, 20), Car size: (5, 4),
#Counter: 10000000, Nsteps: 10000000, Gamma: 1, LearnRate: 0.01, Eps: 0.5, Epsdecay: 0.9
2, 2
0, 2
1, 2
1, 2
0, 2
2, 2
10, 10
8, 10
14, 14
5, 14
14, 14
1, 14
2, 14
4, 14
4, 14
4, 14
2, 14
4, 14
2, 14
3, 14
0, 14
20, 20
4, 20
9, 20
3, 20
1, 20
11, 20
5, 20
5, 20
3, 20
0, 20
8, 20
2, 20
25, 25
36, 36
2, 36
22, 36
23, 36
9, 36
9, 36
5, 36
4, 36
4, 36
14, 36
22, 36
5, 36
15, 36
17, 36
1, 36
11, 36
2, 36
3, 36
0, 36
2, 36
4, 36
5, 36
0, 36
3, 36
6, 36
4, 36
0, 36
2, 36
18, 36
5, 36
15, 36
15, 36
2, 36
2, 36
3, 36
8, 36
10, 36
12, 36
21, 36
15, 36
6, 36
39, 39
35, 39
5, 39
3, 39
11, 39
6, 39
1, 39
19, 39
14, 39
5, 39
4, 39
13, 39
6, 39
2, 39
7, 39
12, 39
2, 39
3, 39
7, 39
5, 39
4, 39
9, 39
2, 39
9, 39
13, 39
0, 39
7, 39
6, 39
0, 39
3, 39
1, 39
5, 39
1, 39
2, 39
4, 39
23, 39
15, 39
1, 39
17, 39
19, 39
10, 39
7, 39
15, 39
6, 39
7, 39
2, 39
26, 39
29, 39
12, 39
1, 39
27, 39
5, 39
26, 39
18, 39
2, 39
9, 39
7, 39
10, 39
18, 39
4, 39
16, 39
3, 39
14, 39
23, 39
20, 39
25, 39
7, 39
8, 39
4, 39
18, 39
0, 39
12, 39
19, 39
10, 39
0, 39
18, 39
31, 39
13, 39
6, 39
11, 39
21, 39
46, 46
13, 46
26, 46
0, 46
4, 46
3, 46
49, 49
4, 49
0, 49
75, 75
0, 75
17, 75
9, 75
10, 75
10, 75
15, 75
6, 75
22, 75
1, 75
1, 75
12, 75
62, 75
6, 75
67, 75
9, 75
12, 75
9, 75
18, 75
0, 75
12, 75
23, 75
71, 75
76, 76
37, 76
15, 76
50, 76
26, 76
11, 76
16, 76
24, 76
10, 76
42, 76
5, 76
5, 76
3, 76
12, 76
14, 76
12, 76
5, 76
0, 76
42, 76
45, 76
25, 76
0, 76
10, 76
15, 76
0, 76
13, 76
7, 76
11, 76
44, 76
50, 76
31, 76
9, 76
1, 76
18, 76
7, 76
34, 76
50, 76
7, 76
14, 76
20, 76
2, 76
17, 76
17, 76
58, 76
68, 76
26, 76
23, 76
76, 76
8, 76
88, 88
25, 88
34, 88
21, 88
10, 88
203, 203
3, 203
35, 203
38, 203
9, 203
13, 203
80, 203
81, 203
28, 203
21, 203
42, 203
14, 203
91, 203
29, 203
43, 203
37, 203
31, 203
30, 203
5, 203
53, 203
51, 203
125, 203
14, 203
101, 203
49, 203
22, 203
82, 203
7, 203
22, 203
16, 203
12, 203
9, 203
70, 203
22, 203
39, 203
21, 203
30, 203
16, 203
28, 203
25, 203
29, 203
34, 203
59, 203
21, 203
15, 203
10, 203
25, 203
61, 203
6, 203
19, 203
2, 203
19, 203
19, 203
13, 203
33, 203
102, 203
43, 203
8, 203
109, 203
16, 203
83, 203
29, 203
22, 203
23, 203
22, 203
32, 203
7, 203
34, 203
67, 203
77, 203
48, 203
44, 203
41, 203
15, 203
11, 203
7, 203
44, 203
19, 203
27, 203
37, 203
24, 203
18, 203
75, 203
81, 203
13, 203
40, 203
8, 203
4, 203
9, 203
52, 203
38, 203
14, 203
24, 203
51, 203
91, 203
12, 203
94, 203
16, 203
9, 203
33, 203
6, 203
9, 203
97, 203
32, 203
29, 203
32, 203
30, 203
5, 203
16, 203
97, 203
102, 203
16, 203
14, 203
15, 203
35, 203
44, 203
13, 203
163, 203
15, 203
133, 203
30, 203
6, 203
16, 203
12, 203
3, 203
30, 203
74, 203
19, 203
27, 203
97, 203
64, 203
85, 203
30, 203
110, 203
50, 203
29, 203
13, 203
21, 203
26, 203
29, 203
21, 203
58, 203
70, 203
22, 203
3, 203
37, 203
36, 203
31, 203
89, 203
21, 203
50, 203
16, 203
6, 203
71, 203
9, 203
73, 203
68, 203
47, 203
65, 203
7, 203
69, 203
53, 203
38, 203
11, 203
18, 203
33, 203
16, 203
12, 203
22, 203
19, 203
39, 203
6, 203
95, 203
70, 203
34, 203
26, 203
34, 203
21, 203
68, 203
115, 203
3, 203
48, 203
10, 203
5, 203
10, 203
58, 203
82, 203
9, 203
20, 203
47, 203
3, 203
41, 203
24, 203
95, 203
25, 203
28, 203
10, 203
60, 203
61, 203
34, 203
52, 203
125, 203
14, 203
21, 203
60, 203
29, 203
23, 203
33, 203
40, 203
15, 203
5, 203
4, 203
25, 203
71, 203
43, 203
179, 203
22, 203
26, 203
29, 203
49, 203
43, 203
5, 203
27, 203
22, 203
18, 203
94, 203
45, 203
28, 203
70, 203
46, 203
22, 203
21, 203
29, 203
40, 203
37, 203
19, 203
32, 203
3, 203
5, 203
54, 203
6, 203
7, 203
22, 203
18, 203
15, 203
42, 203
14, 203
9, 203
60, 203
9, 203
57, 203
73, 203
6, 203
13, 203
29, 203
76, 203
12, 203
58, 203
41, 203
45, 203
24, 203
51, 203
10, 203
58, 203
43, 203
65, 203
5, 203
11, 203
20, 203
19, 203
52, 203
129, 203
49, 203
10, 203
14, 203
38, 203
52, 203
64, 203
25, 203
29, 203
33, 203
16, 203
45, 203
38, 203
39, 203
58, 203
18, 203
69, 203
108, 203
22, 203
48, 203
56, 203
18, 203
7, 203
19, 203
74, 203
46, 203
114, 203
58, 203
16, 203
23, 203
50, 203
13, 203
7, 203
27, 203
15, 203
57, 203
46, 203
74, 203
47, 203
54, 203
4, 203
20, 203
50, 203
11, 203
26, 203
76, 203
108, 203
37, 203
22, 203
6, 203
107, 203
38, 203
128, 203
56, 203
12, 203
27, 203
45, 203
46, 203
185, 203
50, 203
23, 203
26, 203
35, 203
9, 203
65, 203
80, 203
76, 203
3, 203
45, 203
35, 203
68, 203
21, 203
38, 203
84, 203
16, 203
9, 203
6, 203
82, 203
4, 203
56, 203
41, 203
77, 203
124, 203
25, 203
117, 203
58, 203
28, 203
26, 203
42, 203
7, 203
32, 203
47, 203
61, 203
50, 203
41, 203
77, 203
27, 203
12, 203
231, 231
24, 231
98, 231
75, 231
19, 231
7, 231
18, 231
62, 231
26, 231
20, 231
12, 231
79, 231
1, 231
14, 231
33, 231
60, 231
21, 231
177, 231
76, 231
19, 231
54, 231
47, 231
21, 231
62, 231
134, 231
41, 231
14, 231
163, 231
54, 231
22, 231
30, 231
27, 231
59, 231
2, 231
35, 231
68, 231
16, 231
11, 231
23, 231
12, 231
53, 231
24, 231
7, 231
36, 231
10, 231
15, 231
59, 231
90, 231
189, 231
111, 231
49, 231
32, 231
64, 231
25, 231
7, 231
99, 231
33, 231
19, 231
16, 231
83, 231
59, 231
6, 231
43, 231
19, 231
55, 231
8, 231
8, 231
40, 231
37, 231
13, 231
44, 231
21, 231
60, 231
177, 231
23, 231
72, 231
17, 231
23, 231
35, 231
72, 231
6, 231
37, 231
52, 231
48, 231
7, 231
215, 231
127, 231
173, 231
85, 231
23, 231
9, 231
15, 231
5, 231
69, 231
119, 231
161, 231
37, 231
144, 231
52, 231
122, 231
129, 231
210, 231
261, 261
45, 261
12, 261
42, 261
103, 261
173, 261
30, 261
73, 261
75, 261
64, 261
24, 261
32, 261
13, 261
209, 261
5, 261
30, 261
28, 261
77, 261
48, 261
85, 261
114, 261
65, 261
20, 261
270, 270
23, 270
22, 270
94, 270
14, 270
60, 270
36, 270
18, 270
62, 270
127, 270
103, 270
16, 270
51, 270
28, 270
59, 270
88, 270
117, 270
57, 270
104, 270
94, 270
134, 270
96, 270
22, 270
15, 270
48, 270
36, 270
171, 270
45, 270
81, 270
28, 270
36, 270
6, 270
74, 270
15, 270
70, 270
17, 270
17, 270
20, 270
20, 270
12, 270
42, 270
22, 270
102, 270
2, 270
79, 270
104, 270
51, 270
2, 270
34, 270
12, 270
9, 270
7, 270
4, 270
37, 270
78, 270
26, 270
54, 270
40, 270
67, 270
8, 270
165, 270
38, 270
50, 270
45, 270
167, 270
32, 270
7, 270
36, 270
89, 270
21, 270
96, 270
92, 270
18, 270
27, 270
58, 270
105, 270
20, 270
96, 270
115, 270
99, 270
15, 270
100, 270
9, 270
83, 270
42, 270
9, 270
29, 270
90, 270
15, 270
100, 270
14, 270
46, 270
13, 270
23, 270
38, 270
111, 270
8, 270
11, 270
54, 270
3, 270
21, 270
51, 270
68, 270
16, 270
49, 270
21, 270
8, 270
77, 270
81, 270
64, 270
95, 270
29, 270
18, 270
86, 270
18, 270
35, 270
11, 270
36, 270
33, 270
102, 270
21, 270
84, 270
22, 270
24, 270
81, 270
83, 270
367, 367
24, 367
20, 367
11, 367
45, 367
32, 367
63, 367
6, 367
33, 367
65, 367
179, 367
82, 367
2, 367
102, 367
8, 367
91, 367
122, 367
6, 367
136, 367
278, 367
12, 367
6, 367
27, 367
65, 367
133, 367
13, 367
48, 367
194, 367
1, 367
59, 367
185, 367
143, 367
339, 367
23, 367
9, 367
43, 367
208, 367
59, 367
26, 367
107, 367
17, 367
15, 367
67, 367
18, 367
68, 367
243, 367
257, 367
55, 367
52, 367
11, 367
30, 367
75, 367
45, 367
87, 367
15, 367
73, 367
80, 367
22, 367
53, 367
116, 367
20, 367
62, 367
192, 367
18, 367
87, 367
218, 367
29, 367
32, 367
28, 367
10, 367
391, 391
131, 391
194, 391
112, 391
31, 391
93, 391
62, 391
42, 391
59, 391
251, 391
67, 391
81, 391
101, 391
124, 391
41, 391
73, 391
88, 391
60, 391
73, 391
32, 391
54, 391
90, 391
97, 391
139, 391
52, 391
55, 391
53, 391
37, 391
230, 391
305, 391
25, 391
201, 391
59, 391
99, 391
29, 391
103, 391
282, 391
70, 391
70, 391
24, 391
25, 391
42, 391
41, 391
328, 391
99, 391
436, 436
35, 436
63, 436
68, 436
228, 436
9, 436
131, 436
13, 436
136, 436
23, 436
31, 436
70, 436
253, 436
62, 436
49, 436
13, 436
75, 436
290, 436
57, 436
157, 436
19, 436
146, 436
42, 436
27, 436
118, 436
166, 436
82, 436
101, 436
48, 436
35, 436
22, 436
16, 436
49, 436
18, 436
3, 436
25, 436
30, 436
30, 436
20, 436
6, 436
13, 436
81, 436
22, 436
41, 436
20, 436
40, 436
9, 436
124, 436
30, 436
166, 436
415, 436
7, 436
344, 436
152, 436
32, 436
117, 436
218, 436
23, 436
29, 436
33, 436
185, 436
68, 436
13, 436
27, 436
84, 436
221, 436
185, 436
42, 436
11, 436
70, 436
126, 436
165, 436
96, 436
48, 436
78, 436
6, 436
67, 436
215, 436
59, 436
114, 436
70, 436
15, 436
79, 436
133, 436
110, 436
223, 436
3, 436
314, 436
84, 436
414, 436
28, 436
21, 436
90, 436
11, 436
40, 436
222, 436
177, 436
153, 436
79, 436
55, 436
13, 436
106, 436
215, 436
52, 436
74, 436
48, 436
152, 436
308, 436
111, 436
51, 436
67, 436
73, 436
107, 436
78, 436
288, 436
14, 436
17, 436
227, 436
16, 436
67, 436
19, 436
180, 436
45, 436
59, 436
54, 436
91, 436
71, 436
8, 436
135, 436
88, 436
30, 436
4, 436
48, 436
253, 436
27, 436
212, 436
61, 436
111, 436
134, 436
186, 436
166, 436
56, 436
85, 436
37, 436
167, 436
99, 436
87, 436
24, 436
27, 436
13, 436
17, 436
17, 436
5, 436
0, 436
75, 436
64, 436
68, 436
28, 436
15, 436
9, 436
118, 436
35, 436
78, 436
83, 436
35, 436
2, 436
22, 436
6, 436
13, 436
16, 436
76, 436
42, 436
23, 436
120, 436
37, 436
0, 436
33, 436
51, 436
57, 436
4, 436
9, 436
192, 436
52, 436
228, 436
25, 436
156, 436
263, 436
108, 436
106, 436
182, 436
74, 436
182, 436
369, 436
9, 436
98, 436
363, 436
25, 436
42, 436
160, 436
107, 436
17, 436
166, 436
38, 436
56, 436
120, 436
9, 436
33, 436
144, 436
51, 436
127, 436
39, 436
195, 436
20, 436
383, 436
164, 436
15, 436
17, 436
38, 436
61, 436
27, 436
10, 436
73, 436
75, 436
84, 436
3, 436
206, 436
118, 436
84, 436
334, 436
139, 436
88, 436
22, 436
75, 436
286, 436
478, 478
107, 478
126, 478
104, 478
158, 478
51, 478
46, 478
30, 478
158, 478
196, 478
50, 478
551, 551
375, 551
114, 551
21, 551
83, 551
189, 551
60, 551
84, 551
123, 551
70, 551
12, 551
19, 551
18, 551
102, 551
271, 551
141, 551
37, 551
27, 551
30, 551
12, 551
239, 551
117, 551
329, 551
176, 551
20, 551
172, 551
160, 551
247, 551
16, 551
101, 551
18, 551
101, 551
111, 551
182, 551
847, 847
43, 847
16, 847
306, 847
522, 847
775, 847
129, 847
23, 847
217, 847
30, 847
80, 847
56, 847
59, 847
19, 847
372, 847
275, 847
107, 847
336, 847
17, 847
79, 847
46, 847
25, 847
12, 847
90, 847
60, 847
325, 847
25, 847
6, 847
14, 847
40, 847
80, 847
13, 847
352, 847
46, 847
206, 847
78, 847
9, 847
151, 847
124, 847
44, 847
9, 847
95, 847
59, 847
271, 847
132, 847
117, 847
10, 847
19, 847
20, 847
32, 847
237, 847
142, 847
36, 847
684, 847
678, 847
373, 847
376, 847
830, 847
755, 847
179, 847
763, 847
476, 847
14, 847
275, 847
779, 847
87, 847
557, 847
646, 847
337, 847
430, 847
731, 847
620, 847
1097, 1097
104, 1097
101, 1097
73, 1097
306, 1097
294, 1097
9, 1097
215, 1097
123, 1097
92, 1097
129, 1097
91, 1097
496, 1097
282, 1097
201, 1097
54, 1097
204, 1097
1494, 1494
41, 1494
172, 1494
29, 1494
14, 1494
52, 1494
71, 1494
100, 1494
319, 1494
82, 1494
74, 1494
219, 1494
335, 1494
315, 1494
73, 1494
39, 1494
120, 1494
93, 1494
14, 1494
67, 1494
81, 1494
112, 1494
19, 1494
149, 1494
273, 1494
34, 1494
16, 1494
28, 1494
71, 1494
39, 1494
107, 1494
167, 1494
74, 1494
13, 1494
7, 1494
64, 1494
244, 1494
19, 1494
90, 1494
22, 1494
112, 1494
238, 1494
151, 1494
7, 1494
35, 1494
178, 1494
50, 1494
85, 1494
20, 1494
209, 1494
342, 1494
58, 1494
44, 1494
90, 1494
150, 1494
16, 1494
68, 1494
27, 1494
494, 1494
167, 1494
173, 1494
91, 1494
56, 1494
111, 1494
179, 1494
206, 1494
24, 1494
29, 1494
84, 1494
225, 1494
112, 1494
86, 1494
87, 1494
43, 1494
64, 1494
407, 1494
11, 1494
51, 1494
306, 1494
17, 1494
44, 1494
23, 1494
334, 1494
49, 1494
52, 1494
64, 1494
194, 1494
25, 1494
3, 1494
115, 1494
74, 1494
74, 1494
97, 1494
25, 1494
1064, 1494
194, 1494
31, 1494
20, 1494
256, 1494
594, 1494
313, 1494
71, 1494
67, 1494
149, 1494
77, 1494
190, 1494
309, 1494
59, 1494
106, 1494
267, 1494
209, 1494
30, 1494
49, 1494
78, 1494
37, 1494
239, 1494
162, 1494
335, 1494
22, 1494
169, 1494
190, 1494
451, 1494
232, 1494
139, 1494
68, 1494
159, 1494
35, 1494
37, 1494
116, 1494
27, 1494
94, 1494
89, 1494
12, 1494
56, 1494
257, 1494
55, 1494
48, 1494
98, 1494
219, 1494
225, 1494
157, 1494
272, 1494
518, 1494
414, 1494
97, 1494
37, 1494
91, 1494
200, 1494
160, 1494
19, 1494
3, 1494
179, 1494
71, 1494
387, 1494
63, 1494
#Algorithm: SARSA, Speed: 1, Boost: 4, PM: False, Env size: (20, 20), Car size: (5, 4),
#Counter: 10000000, Nsteps: 10000000, Gamma: 1, LearnRate: 0.01, Eps: 0.5, Epsdecay: 0.9
0, 0
2, 2
4, 4
1, 4
0, 4
0, 4
4, 4
5, 5
0, 5
6, 6
1, 6
10, 10
1, 10
0, 10
0, 10
1, 10
7, 10
3, 10
4, 10
3, 10
11, 11
1, 11
2, 11
3, 11
10, 11
0, 11
0, 11
2, 11
5, 11
5, 11
1, 11
1, 11
17, 17
0, 17
0, 17
2, 17
3, 17
1, 17
0, 17
6, 17
0, 17
15, 17
1, 17
2, 17
7, 17
1, 17
1, 17
7, 17
1, 17
2, 17
8, 17
25, 25
10, 25
37, 37
7, 37
3, 37
0, 37
0, 37
3, 37
8, 37
2, 37
1, 37
0, 37
0, 37
2, 37
2, 37
1, 37
1, 37
0, 37
1, 37
2, 37
1, 37
3, 37
0, 37
4, 37
1, 37
5, 37
3, 37
2, 37
2, 37
0, 37
10, 37
2, 37
6, 37
9, 37
3, 37
1, 37
12, 37
15, 37
8, 37
26, 37
24, 37
4, 37
1, 37
3, 37
0, 37
4, 37
4, 37
13, 37
8, 37
8, 37
3, 37
4, 37
1, 37
2, 37
0, 37
1, 37
1, 37
7, 37
4, 37
0, 37
5, 37
0, 37
1, 37
2, 37
4, 37
1, 37
14, 37
3, 37
2, 37
11, 37
1, 37
1, 37
2, 37
2, 37
2, 37
1, 37
5, 37
7, 37
2, 37
0, 37
5, 37
9, 37
0, 37
8, 37
12, 37
0, 37
13, 37
15, 37
14, 37
4, 37
6, 37
9, 37
11, 37
13, 37
2, 37
7, 37
8, 37
6, 37
31, 37
12, 37
7, 37
42, 42
0, 42
12, 42
4, 42
1, 42
3, 42
1, 42
17, 42
21, 42
0, 42
4, 42
14, 42
21, 42
23, 42
16, 42
5, 42
3, 42
1, 42
15, 42
4, 42
2, 42
2, 42
1, 42
1, 42
15, 42
10, 42
26, 42
0, 42
5, 42
23, 42
6, 42
19, 42
4, 42
0, 42
13, 42
6, 42
4, 42
5, 42
13, 42
14, 42
8, 42
10, 42
11, 42
8, 42
9, 42
7, 42
17, 42
6, 42
44, 44
9, 44
11, 44
9, 44
17, 44
17, 44
15, 44
11, 44
0, 44
16, 44
29, 44
20, 44
19, 44
5, 44
32, 44
13, 44
18, 44
6, 44
22, 44
16, 44
5, 44
73, 73
8, 73
22, 73
14, 73
2, 73
4, 73
4, 73
1, 73
2, 73
1, 73
8, 73
1, 73
34, 73
39, 73
3, 73
36, 73
3, 73
16, 73
11, 73
5, 73
17, 73
14, 73
19, 73
3, 73
0, 73
6, 73
19, 73
4, 73
23, 73
4, 73
52, 73
31, 73
77, 77
79, 79
18, 79
22, 79
1, 79
21, 79
4, 79
1, 79
0, 79
0, 79
6, 79
2, 79
15, 79
2, 79
10, 79
46, 79
13, 79
14, 79
14, 79
14, 79
16, 79
0, 79
24, 79
10, 79
4, 79
0, 79
2, 79
29, 79
17, 79
11, 79
25, 79
18, 79
14, 79
8, 79
13, 79
34, 79
14, 79
39, 79
4, 79
15, 79
17, 79
44, 79
8, 79
28, 79
13, 79
2, 79
0, 79
3, 79
3, 79
2, 79
18, 79
7, 79
0, 79
9, 79
12, 79
35, 79
4, 79
0, 79
12, 79
81, 81
6, 81
8, 81
48, 81
12, 81
0, 81
76, 81
12, 81
9, 81
3, 81
19, 81
45, 81
7, 81
23, 81
17, 81
17, 81
0, 81
8, 81
7, 81
22, 81
9, 81
39, 81
10, 81
61, 81
30, 81
54, 81
21, 81
29, 81
3, 81
30, 81
26, 81
27, 81
30, 81
35, 81
6, 81
18, 81
9, 81
19, 81
6, 81
31, 81
1, 81
94, 94
19, 94
18, 94
32, 94
7, 94
20, 94
91, 94
4, 94
0, 94
37, 94
14, 94
61, 94
91, 94
13, 94
55, 94
17, 94
32, 94
6, 94
47, 94
35, 94
6, 94
15, 94
29, 94
29, 94
73, 94
24, 94
2, 94
6, 94
24, 94
55, 94
29, 94
0, 94
46, 94
26, 94
31, 94
30, 94
21, 94
24, 94
0, 94
61, 94
12, 94
67, 94
38, 94
3, 94
6, 94
52, 94
14, 94
7, 94
9, 94
20, 94
29, 94
12, 94
3, 94
7, 94
7, 94
51, 94
63, 94
4, 94
38, 94
17, 94
24, 94
115, 115
14, 115
40, 115
18, 115
28, 115
17, 115
44, 115
3, 115
21, 115
4, 115
28, 115
8, 115
1, 115
7, 115
23, 115
5, 115
8, 115
6, 115
21, 115
8, 115
1, 115
2, 115
24, 115
6, 115
12, 115
14, 115
31, 115
6, 115
8, 115
4, 115
0, 115
37, 115
5, 115
4, 115
18, 115
1, 115
3, 115
3, 115
5, 115
49, 115
14, 115
2, 115
5, 115
1, 115
1, 115
1, 115
22, 115
3, 115
30, 115
2, 115
11, 115
5, 115
6, 115
2, 115
0, 115
24, 115
15, 115
14, 115
13, 115
16, 115
18, 115
23, 115
10, 115
17, 115
0, 115
49, 115
7, 115
30, 115
28, 115
6, 115
3, 115
25, 115
10, 115
23, 115
11, 115
6, 115
27, 115
6, 115
32, 115
24, 115
13, 115
20, 115
24, 115
7, 115
68, 115
1, 115
4, 115
41, 115
3, 115
45, 115
3, 115
3, 115
19, 115
51, 115
29, 115
25, 115
27, 115
39, 115
2, 115
98, 115
82, 115
13, 115
17, 115
16, 115
42, 115
53, 115
24, 115
11, 115
10, 115
12, 115
10, 115
53, 115
36, 115
22, 115
18, 115
5, 115
19, 115
31, 115
5, 115
7, 115
11, 115
14, 115
60, 115
13, 115
83, 115
37, 115
8, 115
26, 115
13, 115
22, 115
19, 115
27, 115
5, 115
23, 115
3, 115
35, 115
13, 115
22, 115
2, 115
4, 115
35, 115
18, 115
79, 115
17, 115
8, 115
33, 115
71, 115
30, 115
18, 115
16, 115
6, 115
38, 115
18, 115
8, 115
2, 115
40, 115
49, 115
10, 115
48, 115
31, 115
8, 115
4, 115
13, 115
33, 115
1, 115
2, 115
2, 115
22, 115
0, 115
12, 115
14, 115
2, 115
24, 115
65, 115
2, 115
1, 115
21, 115
104, 115
2, 115
51, 115
25, 115
21, 115
48, 115
20, 115
28, 115
16, 115
19, 115
26, 115
27, 115
6, 115
9, 115
74, 115
46, 115
27, 115
14, 115
14, 115
25, 115
110, 115
50, 115
28, 115
14, 115
90, 115
23, 115
45, 115
60, 115
11, 115
3, 115
20, 115
12, 115
42, 115
35, 115
10, 115
9, 115
16, 115
16, 115
10, 115
12, 115
4, 115
60, 115
21, 115
16, 115
6, 115
18, 115
27, 115
18, 115
174, 174
10, 174
34, 174
15, 174
24, 174
52, 174
17, 174
134, 174
32, 174
48, 174
12, 174
129, 174
37, 174
123, 174
22, 174
14, 174
8, 174
11, 174
32, 174
21, 174
27, 174
13, 174
19, 174
71, 174
210, 210
5, 210
51, 210
112, 210
119, 210
15, 210
33, 210
12, 210
158, 210
20, 210
35, 210
52, 210
100, 210
7, 210
25, 210
4, 210
34, 210
47, 210
116, 210
109, 210
57, 210
7, 210
14, 210
30, 210
20, 210
11, 210
78, 210
20, 210
10, 210
35, 210
12, 210
81, 210
142, 210
14, 210
20, 210
100, 210
163, 210
152, 210
13, 210
56, 210
59, 210
56, 210
8, 210
14, 210
59, 210
113, 210
94, 210
6, 210
327, 327
17, 327
77, 327
35, 327
10, 327
165, 327
101, 327
57, 327
38, 327
47, 327
201, 327
99, 327
29, 327
23, 327
117, 327
44, 327
133, 327
231, 327
55, 327
180, 327
143, 327
334, 334
42, 334
37, 334
105, 334
21, 334
58, 334
46, 334
16, 334
226, 334
83, 334
179, 334
71, 334
99, 334
99, 334
67, 334
77, 334
73, 334
23, 334
103, 334
199, 334
25, 334
58, 334
210, 334
58, 334
181, 334
244, 334
40, 334
32, 334
82, 334
17, 334
216, 334
129, 334
38, 334
18, 334
20, 334
26, 334
109, 334
116, 334
307, 334
8, 334
208, 334
41, 334
19, 334
34, 334
82, 334
60, 334
37, 334
43, 334
15, 334
124, 334
163, 334
21, 334
46, 334
24, 334
132, 334
175, 334
74, 334
71, 334
65, 334
238, 334
11, 334
31, 334
39, 334
183, 334
114, 334
113, 334
61, 334
22, 334
114, 334
40, 334
76, 334
51, 334
15, 334
40, 334
185, 334
126, 334
36, 334
113, 334
36, 334
75, 334
64, 334
171, 334
130, 334
140, 334
26, 334
235, 334
40, 334
205, 334
32, 334
62, 334
37, 334
267, 334
207, 334
64, 334
133, 334
26, 334
5, 334
150, 334
67, 334
59, 334
94, 334
119, 334
32, 334
24, 334
58, 334
21, 334
83, 334
237, 334
195, 334
181, 334
129, 334
22, 334
51, 334
95, 334
140, 334
112, 334
219, 334
17, 334
130, 334
189, 334
216, 334
122, 334
46, 334
21, 334
76, 334
4, 334
15, 334
56, 334
18, 334
68, 334
106, 334
119, 334
137, 334
67, 334
18, 334
26, 334
174, 334
125, 334
38, 334
43, 334
142, 334
112, 334
123, 334
244, 334
58, 334
22, 334
54, 334
52, 334
42, 334
135, 334
45, 334
36, 334
56, 334
142, 334
165, 334
110, 334
125, 334
123, 334
84, 334
73, 334
296, 334
36, 334
13, 334
204, 334
117, 334
81, 334
36, 334
87, 334
114, 334
72, 334
146, 334
659, 659
95, 659
24, 659
219, 659
71, 659
100, 659
35, 659
160, 659
73, 659
87, 659
41, 659
132, 659
91, 659
18, 659
109, 659
24, 659
275, 659
18, 659
230, 659
6, 659
47, 659
19, 659
63, 659
84, 659
14, 659
24, 659
112, 659
154, 659
94, 659
3, 659
135, 659
24, 659
55, 659
30, 659
183, 659
36, 659
17, 659
38, 659
101, 659
198, 659
87, 659
84, 659
81, 659
67, 659
72, 659
77, 659
66, 659
229, 659
46, 659
180, 659
6, 659
262, 659
4, 659
204, 659
10, 659
210, 659
51, 659
163, 659
27, 659
100, 659
46, 659
68, 659
215, 659
196, 659
440, 659
46, 659
57, 659
128, 659
113, 659
23, 659
205, 659
268, 659
21, 659
76, 659
144, 659
47, 659
50, 659
113, 659
15, 659
91, 659
65, 659
204, 659
200, 659
217, 659
73, 659
67, 659
37, 659
21, 659
10, 659
90, 659
56, 659
34, 659
106, 659
149, 659
39, 659
145, 659
12, 659
87, 659
167, 659
38, 659
29, 659
31, 659
72, 659
176, 659
138, 659
124, 659
90, 659
188, 659
20, 659
31, 659
81, 659
41, 659
140, 659
169, 659
51, 659
213, 659
52, 659
206, 659
107, 659
36, 659
62, 659
59, 659
68, 659
262, 659
91, 659
524, 659
223, 659
11, 659
121, 659
116, 659
36, 659
195, 659
7, 659
59, 659
109, 659
116, 659
179, 659
24, 659
119, 659
73, 659
56, 659
52, 659
104, 659
161, 659
23, 659
78, 659
99, 659
63, 659
29, 659
61, 659
77, 659
96, 659
87, 659
64, 659
48, 659
53, 659
73, 659
114, 659
184, 659
39, 659
31, 659
447, 659
53, 659
287, 659
38, 659
88, 659
489, 659
91, 659
48, 659
83, 659
6, 659
99, 659
22, 659
103, 659
52, 659
128, 659
26, 659
21, 659
143, 659
131, 659
46, 659
16, 659
404, 659
68, 659
78, 659
143, 659
234, 659
21, 659
120, 659
60, 659
108, 659
73, 659
57, 659
44, 659
23, 659
180, 659
96, 659
75, 659
33, 659
283, 659
202, 659
65, 659
517, 659
58, 659
24, 659
114, 659
57, 659
92, 659
40, 659
235, 659
137, 659
236, 659
112, 659
28, 659
88, 659
23, 659
30, 659
15, 659
64, 659
132, 659
91, 659
62, 659
61, 659
96, 659
15, 659
34, 659
114, 659
49, 659
24, 659
54, 659
8, 659
39, 659
72, 659
93, 659
25, 659
162, 659
17, 659
167, 659
74, 659
51, 659
604, 659
16, 659
144, 659
79, 659
26, 659
41, 659
252, 659
21, 659
99, 659
194, 659
63, 659
58, 659
11, 659
16, 659
24, 659
54, 659
305, 659
84, 659
35, 659
183, 659
21, 659
292, 659
105, 659
243, 659
96, 659
52, 659
30, 659
139, 659
109, 659
52, 659
233, 659
334, 659
57, 659
13, 659
88, 659
126, 659
32, 659
12, 659
649, 659
245, 659
41, 659
39, 659
81, 659
130, 659
34, 659
35, 659
8, 659
418, 659
43, 659
102, 659
136, 659
11, 659
66, 659
245, 659
95, 659
167, 659
361, 659
150, 659
61, 659
39, 659
21, 659
117, 659
63, 659
229, 659
37, 659
113, 659
65, 659
19, 659
207, 659
104, 659
145, 659
56, 659
38, 659
70, 659
44, 659
207, 659
15, 659
216, 659
216, 659
62, 659
99, 659
103, 659
80, 659
172, 659
150, 659
353, 659
190, 659
330, 659
260, 659
579, 659
275, 659
106, 659
234, 659
197, 659
209, 659
114, 659
79, 659
120, 659
46, 659
27, 659
454, 659
33, 659
8, 659
101, 659
296, 659
213, 659
157, 659
100, 659
238, 659
21, 659
108, 659
31, 659
160, 659
82, 659
226, 659
324, 659
39, 659
79, 659
21, 659
55, 659
9, 659
347, 659
36, 659
23, 659
379, 659
110, 659
35, 659
59, 659
73, 659
80, 659
42, 659
32, 659
199, 659
51, 659
35, 659
30, 659
81, 659
37, 659
73, 659
18, 659
32, 659
14, 659
169, 659
20, 659
93, 659
28, 659
14, 659
195, 659
43, 659
20, 659
204, 659
14, 659
328, 659
173, 659
207, 659
45, 659
29, 659
103, 659
16, 659
208, 659
152, 659
121, 659
158, 659
209, 659
276, 659
77, 659
70, 659
20, 659
92, 659
41, 659
173, 659
69, 659
45, 659
29, 659
306, 659
67, 659
99, 659
54, 659
176, 659
335, 659
30, 659
357, 659
50, 659
95, 659
80, 659
18, 659
41, 659
10, 659
48, 659
35, 659
77, 659
8, 659
35, 659
67, 659
63, 659
80, 659
167, 659
208, 659
421, 659
84, 659
57, 659
109, 659
9, 659
38, 659
544, 659
49, 659
238, 659
177, 659
116, 659
673, 673
11, 673
156, 673
48, 673
206, 673
371, 673
91, 673
28, 673
91, 673
22, 673
120, 673
33, 673
186, 673
80, 673
50, 673
34, 673
94, 673
81, 673
11, 673
43, 673
469, 673
146, 673
36, 673
25, 673
37, 673
183, 673
104, 673
143, 673
150, 673
9, 673
76, 673
67, 673
77, 673
149, 673
46, 673
61, 673
46, 673
426, 673
212, 673
178, 673
179, 673
65, 673
51, 673
40, 673
100, 673
98, 673
60, 673
63, 673
53, 673
27, 673
132, 673
88, 673
138, 673
22, 673
63, 673
26, 673
85, 673
45, 673
27, 673
63, 673
69, 673
280, 673
6, 673
10, 673
33, 673
22, 673
27, 673
148, 673
179, 673
146, 673
88, 673
50, 673
7, 673
40, 673
27, 673
25, 673
65, 673
75, 673
80, 673
175, 673
19, 673
131, 673
56, 673
22, 673
229, 673
20, 673
243, 673
39, 673
35, 673
169, 673
141, 673
462, 673
33, 673
95, 673
12, 673
70, 673
137, 673
18, 673
139, 673
133, 673
68, 673
98, 673
21, 673
68, 673
98, 673
19, 673
94, 673
104, 673
191, 673
221, 673
39, 673
31, 673
26, 673
40, 673
55, 673
300, 673
172, 673
12, 673
19, 673
746, 746
475, 746
330, 746
103, 746
77, 746
16, 746
89, 746
34, 746
71, 746
47, 746
125, 746
22, 746
45, 746
90, 746
285, 746
115, 746
247, 746
546, 746
32, 746
64, 746
147, 746
95, 746
87, 746
184, 746
30, 746
378, 746
402, 746
190, 746
199, 746
#Algorithm: SARSA, Speed: 1, Boost: 4, PM: False, Env size: (20, 20), Car size: (5, 4),
#Counter: 10000000, Nsteps: 10000000, Gamma: 1, LearnRate: 0.01, Eps: 0.5, Epsdecay: 0.9
0, 0
1, 1
1, 1
1, 1
0, 1
2, 2
0, 2
0, 2
11, 11
1, 11
1, 11
1, 11
0, 11
1, 11
2, 11
1, 11
2, 11
0, 11
0, 11
2, 11
2, 11
1, 11
3, 11
0, 11
2, 11
3, 11
1, 11
6, 11
5, 11
0, 11
1, 11
1, 11
0, 11
3, 11
3, 11
3, 11
2, 11
0, 11
7, 11
1, 11
9, 11
2, 11
6, 11
4, 11
13, 13
5, 13
0, 13
0, 13
1, 13
4, 13
4, 13
11, 13
4, 13
23, 23
0, 23
16, 23
12, 23
11, 23
4, 23
5, 23
2, 23
2, 23
1, 23
12, 23
1, 23
1, 23
2, 23
13, 23
4, 23
9, 23
3, 23
0, 23
6, 23
5, 23
4, 23
4, 23
3, 23
7, 23
5, 23
3, 23
8, 23
2, 23
12, 23
0, 23
5, 23
2, 23
14, 23
13, 23
1, 23
16, 23
0, 23
5, 23
2, 23
0, 23
7, 23
0, 23
9, 23
18, 23
8, 23
0, 23
0, 23
9, 23
0, 23
3, 23
0, 23
7, 23
9, 23
11, 23
5, 23
23, 23
4, 23
2, 23
6, 23
0, 23
4, 23
5, 23
1, 23
1, 23
1, 23
4, 23
1, 23
8, 23
7, 23
1, 23
3, 23
4, 23
0, 23
7, 23
3, 23
0, 23
9, 23
7, 23
0, 23
6, 23
11, 23
1, 23
7, 23
21, 23
1, 23
1, 23
2, 23
2, 23
0, 23
2, 23
0, 23
0, 23
1, 23
6, 23
4, 23
1, 23
1, 23
8, 23
3, 23
2, 23
15, 23
0, 23
14, 23
2, 23
11, 23
3, 23
0, 23
29, 29
0, 29
2, 29
4, 29
2, 29
46, 46
3, 46
3, 46
4, 46
0, 46
8, 46
13, 46
0, 46
13, 46
7, 46
9, 46
10, 46
8, 46
2, 46
5, 46
5, 46
4, 46
0, 46
3, 46
18, 46
2, 46
3, 46
0, 46
5, 46
7, 46
4, 46
9, 46
6, 46
7, 46
0, 46
4, 46
2, 46
6, 46
2, 46
3, 46
23, 46
2, 46
6, 46
14, 46
0, 46
5, 46
0, 46
7, 46
11, 46
16, 46
18, 46
5, 46
12, 46
0, 46
2, 46
2, 46
17, 46
15, 46
2, 46
8, 46
0, 46
11, 46
25, 46
8, 46
4, 46
4, 46
5, 46
18, 46
9, 46
0, 46
3, 46
2, 46
12, 46
12, 46
11, 46
0, 46
2, 46
6, 46
3, 46
7, 46
5, 46
20, 46
13, 46
2, 46
8, 46
10, 46
6, 46
9, 46
5, 46
0, 46
25, 46
6, 46
11, 46
7, 46
3, 46
27, 46
8, 46
20, 46
10, 46
1, 46
8, 46
29, 46
2, 46
2, 46
5, 46
9, 46
0, 46
8, 46
4, 46
2, 46
2, 46
2, 46
7, 46
2, 46
5, 46
30, 46
5, 46
29, 46
1, 46
0, 46
10, 46
3, 46
8, 46
19, 46
5, 46
2, 46
8, 46
26, 46
16, 46
10, 46
25, 46
8, 46
16, 46
5, 46
16, 46
23, 46
8, 46
0, 46
6, 46
6, 46
3, 46
2, 46
2, 46
3, 46
6, 46
6, 46
23, 46
8, 46
7, 46
6, 46
4, 46
4, 46
10, 46
4, 46
8, 46
6, 46
30, 46
3, 46
5, 46
9, 46
4, 46
20, 46
5, 46
5, 46
29, 46
1, 46
6, 46
3, 46
29, 46
16, 46
2, 46
0, 46
0, 46
19, 46
22, 46
5, 46
0, 46
2, 46
3, 46
3, 46
10, 46
2, 46
32, 46
27, 46
2, 46
0, 46
0, 46
9, 46
16, 46
13, 46
3, 46
32, 46
14, 46
14, 46
23, 46
11, 46
4, 46
11, 46
18, 46
12, 46
37, 46
29, 46
14, 46
6, 46
0, 46
25, 46
28, 46
13, 46
2, 46
13, 46
0, 46
1, 46
37, 46
14, 46
0, 46
0, 46
1, 46
21, 46
22, 46
10, 46
5, 46
47, 47
20, 47
15, 47
31, 47
5, 47
3, 47
14, 47
5, 47
17, 47
0, 47
2, 47
16, 47
4, 47
7, 47
2, 47
18, 47
2, 47
5, 47
10, 47
18, 47
0, 47
4, 47
7, 47
7, 47
4, 47
4, 47
26, 47
13, 47
17, 47
9, 47
7, 47
58, 58
2, 58
4, 58
53, 58
5, 58
2, 58
11, 58
30, 58
7, 58
0, 58
12, 58
38, 58
13, 58
6, 58
3, 58
1, 58
18, 58
1, 58
39, 58
16, 58
21, 58
17, 58
43, 58
10, 58
40, 58
14, 58
13, 58
5, 58
6, 58
7, 58
0, 58
1, 58
35, 58
15, 58
4, 58
15, 58
5, 58
17, 58
12, 58
22, 58
24, 58
18, 58
5, 58
10, 58
8, 58
30, 58
1, 58
2, 58
15, 58
14, 58
19, 58
7, 58
24, 58
22, 58
9, 58
0, 58
38, 58
11, 58
15, 58
6, 58
1, 58
35, 58
10, 58
1, 58
8, 58
9, 58
12, 58
18, 58
35, 58
16, 58
24, 58
3, 58
3, 58
11, 58
9, 58
4, 58
3, 58
8, 58
4, 58
23, 58
9, 58
2, 58
56, 58
18, 58
26, 58
12, 58
6, 58
14, 58
6, 58
16, 58
15, 58
0, 58
12, 58
9, 58
49, 58
22, 58
31, 58
15, 58
20, 58
49, 58
27, 58
44, 58
14, 58
2, 58
0, 58
3, 58
2, 58
12, 58
3, 58
4, 58
7, 58
45, 58
17, 58
2, 58
9, 58
2, 58
5, 58
0, 58
0, 58
14, 58
9, 58
4, 58
0, 58
3, 58
10, 58
6, 58
15, 58
0, 58
21, 58
28, 58
61, 61
28, 61
8, 61
28, 61
13, 61
37, 61
24, 61
7, 61
14, 61
15, 61
42, 61
9, 61
21, 61
5, 61
17, 61
18, 61
17, 61
28, 61
2, 61
6, 61
13, 61
1, 61
0, 61
2, 61
11, 61
12, 61
4, 61
35, 61
25, 61
20, 61
12, 61
10, 61
11, 61
23, 61
3, 61
43, 61
8, 61
9, 61
37, 61
0, 61
20, 61
5, 61
10, 61
9, 61
20, 61
38, 61
41, 61
10, 61
0, 61
28, 61
18, 61
4, 61
2, 61
32, 61
5, 61
2, 61
15, 61
32, 61
26, 61
40, 61
27, 61
11, 61
0, 61
12, 61
40, 61
28, 61
6, 61
29, 61
27, 61
15, 61
9, 61
11, 61
16, 61
12, 61
8, 61
65, 65
95, 95
24, 95
10, 95
14, 95
21, 95
1, 95
21, 95
10, 95
34, 95
7, 95
9, 95
22, 95
14, 95
4, 95
53, 95
66, 95
7, 95
8, 95
2, 95
19, 95
0, 95
0, 95
3, 95
8, 95
32, 95
23, 95
17, 95
17, 95
9, 95
51, 95
69, 95
2, 95
30, 95
43, 95
2, 95
29, 95
5, 95
8, 95
25, 95
21, 95
7, 95
10, 95
0, 95
1, 95
11, 95
3, 95
10, 95
18, 95
7, 95
22, 95
10, 95
18, 95
32, 95
58, 95
11, 95
18, 95
11, 95
36, 95
3, 95
13, 95
24, 95
18, 95
19, 95
43, 95
9, 95
5, 95
1, 95
34, 95
3, 95
4, 95
12, 95
36, 95
5, 95
38, 95
14, 95
25, 95
24, 95
1, 95
28, 95
3, 95
3, 95
38, 95
12, 95
17, 95
22, 95
54, 95
11, 95
2, 95
49, 95
0, 95
5, 95
14, 95
72, 95
71, 95
136, 136
129, 136
131, 136
24, 136
6, 136
83, 136
27, 136
13, 136
18, 136
25, 136
9, 136
9, 136
11, 136
13, 136
7, 136
29, 136
20, 136
4, 136
116, 136
19, 136
46, 136
1, 136
12, 136
31, 136
100, 136
48, 136
7, 136
44, 136
66, 136
30, 136
49, 136
23, 136
40, 136
4, 136
10, 136
27, 136
104, 136
72, 136
4, 136
11, 136
15, 136
12, 136
53, 136
8, 136
23, 136
26, 136
0, 136
28, 136
10, 136
19, 136
8, 136
2, 136
17, 136
55, 136
37, 136
44, 136
19, 136
50, 136
13, 136
3, 136
18, 136
23, 136
66, 136
27, 136
16, 136
19, 136
4, 136
24, 136
2, 136
4, 136
49, 136
30, 136
41, 136
19, 136
6, 136
22, 136
90, 136
55, 136
7, 136
16, 136
1, 136
4, 136
1, 136
26, 136
45, 136
64, 136
66, 136
16, 136
11, 136
45, 136
10, 136
0, 136
27, 136
19, 136
36, 136
68, 136
152, 152
43, 152
19, 152
27, 152
14, 152
1, 152
22, 152
0, 152
7, 152
2, 152
29, 152
9, 152
37, 152
7, 152
7, 152
3, 152
19, 152
38, 152
10, 152
26, 152
4, 152
101, 152
5, 152
9, 152
79, 152
34, 152
23, 152
19, 152
15, 152
50, 152
12, 152
64, 152
15, 152
59, 152
11, 152
36, 152
33, 152
69, 152
13, 152
12, 152
19, 152
0, 152
38, 152
39, 152
13, 152
1, 152
23, 152
18, 152
102, 152
44, 152
75, 152
49, 152
44, 152
21, 152
2, 152
33, 152
4, 152
0, 152
0, 152
8, 152
2, 152
5, 152
23, 152
0, 152
44, 152
7, 152
41, 152
1, 152
8, 152
13, 152
2, 152
10, 152
33, 152
19, 152
32, 152
0, 152
10, 152
7, 152
61, 152
1, 152
46, 152
79, 152
15, 152
44, 152
29, 152
3, 152
4, 152
6, 152
38, 152
45, 152
14, 152
33, 152
11, 152
7, 152
53, 152
7, 152
60, 152
32, 152
23, 152
16, 152
8, 152
49, 152
21, 152
34, 152
2, 152
17, 152
9, 152
16, 152
41, 152
14, 152
5, 152
22, 152
1, 152
8, 152
6, 152
2, 152
8, 152
14, 152
2, 152
17, 152
10, 152
4, 152
6, 152
19, 152
11, 152
9, 152
11, 152
10, 152
45, 152
30, 152
10, 152
4, 152
13, 152
20, 152
18, 152
11, 152
31, 152
6, 152
4, 152
32, 152
17, 152
8, 152
19, 152
17, 152
10, 152
39, 152
2, 152
22, 152
28, 152
16, 152
3, 152
8, 152
34, 152
17, 152
6, 152
5, 152
14, 152
17, 152
3, 152
20, 152
19, 152
12, 152
19, 152
20, 152
1, 152
7, 152
10, 152
8, 152
7, 152
11, 152
53, 152
26, 152
9, 152
37, 152
6, 152
38, 152
18, 152
8, 152
9, 152
6, 152
13, 152
16, 152
37, 152
8, 152
14, 152
13, 152
20, 152
14, 152
33, 152
9, 152
11, 152
22, 152
8, 152
38, 152
10, 152
62, 152
5, 152
3, 152
28, 152
2, 152
9, 152
18, 152
25, 152
13, 152
24, 152
10, 152
56, 152
12, 152
17, 152
8, 152
8, 152
20, 152
8, 152
13, 152
21, 152
72, 152
12, 152
30, 152
7, 152
34, 152
10, 152
2, 152
34, 152
12, 152
20, 152
28, 152
8, 152
3, 152
11, 152
3, 152
30, 152
11, 152
37, 152
7, 152
38, 152
33, 152
3, 152
8, 152
7, 152
9, 152
14, 152
10, 152
2, 152
13, 152
5, 152
11, 152
9, 152
30, 152
32, 152
18, 152
16, 152
29, 152
3, 152
4, 152
19, 152
6, 152
7, 152
39, 152
22, 152
19, 152
14, 152
18, 152
26, 152
38, 152
13, 152
11, 152
10, 152
12, 152
13, 152
10, 152
29, 152
9, 152
24, 152
11, 152
10, 152
33, 152
6, 152
47, 152
4, 152
39, 152
6, 152
15, 152
11, 152
85, 152
7, 152
3, 152
6, 152
18, 152
10, 152
8, 152
69, 152
22, 152
16, 152
22, 152
2, 152
1, 152
6, 152
6, 152
6, 152
5, 152
19, 152
10, 152
13, 152
11, 152
27, 152
2, 152
6, 152
3, 152
5, 152
6, 152
4, 152
5, 152
18, 152
44, 152
10, 152
0, 152
54, 152
34, 152
6, 152
20, 152
1, 152
15, 152
22, 152
1, 152
13, 152
24, 152
7, 152
4, 152
22, 152
33, 152
13, 152
41, 152
9, 152
17, 152
22, 152
9, 152
14, 152
10, 152
46, 152
49, 152
13, 152
8, 152
6, 152
41, 152
4, 152
6, 152
18, 152
5, 152
14, 152
11, 152
19, 152
15, 152
24, 152
11, 152
19, 152
3, 152
21, 152
19, 152
15, 152
6, 152
5, 152
1, 152
15, 152
8, 152
7, 152
30, 152
10, 152
8, 152
18, 152
21, 152
6, 152
1, 152
13, 152
19, 152
20, 152
24, 152
15, 152
26, 152
2, 152
0, 152
11, 152
7, 152
85, 152
28, 152
10, 152
6, 152
24, 152
3, 152
9, 152
0, 152
10, 152
21, 152
19, 152
19, 152
5, 152
33, 152
32, 152
56, 152
18, 152
26, 152
11, 152
18, 152
79, 152
19, 152
8, 152
18, 152
0, 152
47, 152
66, 152
6, 152
8, 152
37, 152
3, 152
13, 152
32, 152
18, 152
14, 152
34, 152
3, 152
24, 152
7, 152
19, 152
34, 152
14, 152
21, 152
8, 152
30, 152
66, 152
5, 152
50, 152
56, 152
12, 152
11, 152
20, 152
5, 152
25, 152
9, 152
5, 152
47, 152
6, 152
22, 152
8, 152
37, 152
13, 152
7, 152
12, 152
9, 152
44, 152
8, 152
11, 152
8, 152
33, 152
75, 152
7, 152
12, 152
6, 152
51, 152
5, 152
20, 152
26, 152
12, 152
11, 152
7, 152
23, 152
41, 152
1, 152
10, 152
18, 152
13, 152
39, 152
44, 152
17, 152
49, 152
36, 152
29, 152
9, 152
25, 152
38, 152
1, 152
29, 152
23, 152
6, 152
9, 152
2, 152
42, 152
7, 152
12, 152
0, 152
6, 152
55, 152
13, 152
27, 152
19, 152
2, 152
0, 152
36, 152
15, 152
70, 152
25, 152
12, 152
1, 152
23, 152
8, 152
2, 152
25, 152
21, 152
11, 152
10, 152
17, 152
7, 152
3, 152
7, 152
6, 152
40, 152
17, 152
19, 152
20, 152
17, 152
5, 152
23, 152
9, 152
56, 152
24, 152
8, 152
15, 152
12, 152
2, 152
65, 152
1, 152
23, 152
33, 152
17, 152
8, 152
70, 152
40, 152
21, 152
5, 152
20, 152
24, 152
13, 152
47, 152
47, 152
12, 152
5, 152
47, 152
17, 152
6, 152
33, 152
22, 152
8, 152
60, 152
6, 152
67, 152
40, 152
1, 152
28, 152
16, 152
15, 152
32, 152
3, 152
55, 152
36, 152
75, 152
15, 152
2, 152
5, 152
2, 152
21, 152
12, 152
19, 152
1, 152
10, 152
30, 152
77, 152
10, 152
55, 152
27, 152
37, 152
7, 152
4, 152
51, 152
8, 152
24, 152
5, 152
6, 152
21, 152
40, 152
44, 152
8, 152
13, 152
50, 152
17, 152
5, 152
1, 152
30, 152
31, 152
10, 152
11, 152
37, 152
6, 152
13, 152
2, 152
14, 152
35, 152
82, 152
31, 152
18, 152
14, 152
90, 152
34, 152
5, 152
5, 152
36, 152
44, 152
9, 152
56, 152
15, 152
45, 152
98, 152
38, 152
2, 152
47, 152
1, 152
35, 152
41, 152
69, 152
47, 152
51, 152
40, 152
42, 152
14, 152
31, 152
2, 152
0, 152
110, 152
92, 152
157, 157
129, 157
137, 157
32, 157
1, 157
12, 157
243, 243
354, 354
145, 354
132, 354
288, 354
261, 354
965, 965
5, 965
233, 965
96, 965
546, 965
249, 965
166, 965
471, 965
368, 965
155, 965
19, 965
259, 965
104, 965
452, 965
624, 965
1559, 1559
322, 1559
74, 1559
372, 1559
142, 1559
105, 1559
237, 1559
376, 1559
851, 1559
530, 1559
187, 1559
210, 1559
100, 1559
224, 1559
43, 1559
98, 1559
119, 1559
386, 1559
1465, 1559
87, 1559
380, 1559
1169, 1559
160, 1559
65, 1559
92, 1559
327, 1559
1806, 1806
40, 1806
