#Algorithm: SARSA, Speed: 1, Boost: 6, PM: False, Env size: (20, 20), Car size: (5, 4),
#Counter: 100, Nsteps: 10000000, Gamma: 1, LearnRate: 0.01, Eps: 0.5, Epsdecay: 0.9
# Further improvement of the hybrid policy, it has been trained with a small counter, hence 
# it is more able to dodge the enemies at higher speed
9, 9
2, 9
4, 9
6, 9
3, 9
8, 9
10, 10
0, 10
5, 10
6, 10
3, 10
6, 10
3, 10
2, 10
4, 10
5, 10
22, 22
3, 22
3, 22
9, 22
4, 22
4, 22
6, 22
0, 22
2, 22
26, 26
15, 26
6, 26
6, 26
5, 26
1, 26
1, 26
5, 26
8, 26
1, 26
2, 26
2, 26
7, 26
11, 26
6, 26
5, 26
7, 26
8, 26
1, 26
2, 26
4, 26
11, 26
2, 26
2, 26
2, 26
19, 26
8, 26
4, 26
0, 26
8, 26
9, 26
6, 26
5, 26
0, 26
14, 26
10, 26
2, 26
4, 26
0, 26
17, 26
4, 26
16, 26
0, 26
9, 26
8, 26
3, 26
19, 26
17, 26
2, 26
12, 26
2, 26
5, 26
0, 26
16, 26
1, 26
4, 26
1, 26
4, 26
3, 26
8, 26
3, 26
3, 26
0, 26
6, 26
15, 26
4, 26
6, 26
20, 26
0, 26
8, 26
5, 26
0, 26
0, 26
5, 26
2, 26
16, 26
4, 26
10, 26
7, 26
9, 26
6, 26
1, 26
6, 26
15, 26
4, 26
11, 26
3, 26
6, 26
3, 26
4, 26
6, 26
3, 26
0, 26
6, 26
0, 26
22, 26
5, 26
7, 26
9, 26
2, 26
15, 26
4, 26
17, 26
2, 26
7, 26
1, 26
4, 26
17, 26
6, 26
4, 26
16, 26
7, 26
2, 26
7, 26
5, 26
2, 26
5, 26
8, 26
1, 26
2, 26
31, 31
8, 31
4, 31
9, 31
6, 31
6, 31
3, 31
1, 31
0, 31
2, 31
1, 31
3, 31
9, 31
1, 31
2, 31
1, 31
1, 31
4, 31
2, 31
16, 31
6, 31
1, 31
11, 31
13, 31
2, 31
3, 31
9, 31
1, 31
1, 31
9, 31
9, 31
4, 31
5, 31
2, 31
1, 31
0, 31
2, 31
5, 31
3, 31
4, 31
7, 31
6, 31
2, 31
14, 31
4, 31
4, 31
14, 31
6, 31
4, 31
6, 31
9, 31
8, 31
4, 31
2, 31
2, 31
2, 31
5, 31
1, 31
5, 31
1, 31
6, 31
3, 31
6, 31
4, 31
0, 31
3, 31
3, 31
1, 31
2, 31
1, 31
3, 31
7, 31
5, 31
3, 31
3, 31
1, 31
2, 31
1, 31
7, 31
10, 31
12, 31
8, 31
2, 31
12, 31
6, 31
6, 31
10, 31
2, 31
13, 31
0, 31
3, 31
6, 31
3, 31
4, 31
2, 31
1, 31
3, 31
5, 31
0, 31
1, 31
13, 31
5, 31
3, 31
3, 31
5, 31
0, 31
5, 31
4, 31
6, 31
4, 31
6, 31
1, 31
4, 31
0, 31
8, 31
4, 31
15, 31
3, 31
0, 31
6, 31
1, 31
4, 31
9, 31
8, 31
2, 31
14, 31
0, 31
1, 31
5, 31
1, 31
3, 31
10, 31
4, 31
1, 31
3, 31
2, 31
12, 31
3, 31
2, 31
2, 31
2, 31
2, 31
2, 31
12, 31
15, 31
4, 31
0, 31
1, 31
11, 31
14, 31
17, 31
3, 31
2, 31
3, 31
7, 31
3, 31
1, 31
3, 31
9, 31
2, 31
0, 31
14, 31
12, 31
5, 31
5, 31
5, 31
2, 31
1, 31
2, 31
6, 31
4, 31
3, 31
4, 31
3, 31
4, 31
8, 31
3, 31
2, 31
2, 31
4, 31
8, 31
26, 31
4, 31
18, 31
5, 31
25, 31
1, 31
3, 31
7, 31
7, 31
4, 31
3, 31
4, 31
15, 31
0, 31
1, 31
1, 31
3, 31
6, 31
2, 31
6, 31
3, 31
3, 31
4, 31
4, 31
20, 31
7, 31
3, 31
15, 31
4, 31
6, 31
1, 31
5, 31
2, 31
3, 31
21, 31
1, 31
11, 31
5, 31
13, 31
5, 31
6, 31
2, 31
3, 31
14, 31
1, 31
19, 31
3, 31
7, 31
5, 31
2, 31
1, 31
2, 31
1, 31
1, 31
11, 31
1, 31
12, 31
1, 31
5, 31
1, 31
6, 31
5, 31
10, 31
8, 31
6, 31
1, 31
12, 31
3, 31
4, 31
3, 31
12, 31
2, 31
3, 31
9, 31
0, 31
3, 31
2, 31
12, 31
13, 31
14, 31
3, 31
13, 31
1, 31
9, 31
2, 31
0, 31
6, 31
4, 31
2, 31
5, 31
9, 31
0, 31
2, 31
7, 31
4, 31
2, 31
8, 31
17, 31
2, 31
3, 31
5, 31
11, 31
6, 31
6, 31
5, 31
3, 31
13, 31
4, 31
3, 31
6, 31
4, 31
8, 31
8, 31
1, 31
3, 31
1, 31
1, 31
7, 31
0, 31
9, 31
2, 31
10, 31
3, 31
2, 31
24, 31
8, 31
4, 31
2, 31
8, 31
2, 31
14, 31
16, 31
3, 31
20, 31
21, 31
1, 31
0, 31
5, 31
6, 31
6, 31
5, 31
1, 31
0, 31
0, 31
8, 31
8, 31
1, 31
4, 31
5, 31
2, 31
4, 31
9, 31
19, 31
13, 31
7, 31
1, 31
7, 31
7, 31
12, 31
3, 31
7, 31
3, 31
2, 31
22, 31
2, 31
5, 31
5, 31
2, 31
0, 31
13, 31
11, 31
4, 31
0, 31
2, 31
6, 31
5, 31
18, 31
2, 31
5, 31
0, 31
2, 31
6, 31
3, 31
5, 31
4, 31
2, 31
5, 31
0, 31
3, 31
2, 31
7, 31
10, 31
9, 31
4, 31
1, 31
10, 31
11, 31
4, 31
11, 31
0, 31
25, 31
4, 31
4, 31
2, 31
4, 31
12, 31
11, 31
1, 31
22, 31
0, 31
2, 31
11, 31
9, 31
2, 31
3, 31
12, 31
0, 31
4, 31
1, 31
2, 31
5, 31
9, 31
4, 31
1, 31
1, 31
2, 31
0, 31
0, 31
1, 31
6, 31
4, 31
4, 31
8, 31
3, 31
12, 31
0, 31
8, 31
3, 31
2, 31
5, 31
4, 31
0, 31
10, 31
13, 31
7, 31
15, 31
6, 31
3, 31
6, 31
13, 31
14, 31
1, 31
10, 31
13, 31
12, 31
7, 31
6, 31
4, 31
6, 31
7, 31
8, 31
4, 31
4, 31
14, 31
13, 31
17, 31
2, 31
3, 31
0, 31
4, 31
2, 31
1, 31
2, 31
6, 31
1, 31
8, 31
2, 31
8, 31
9, 31
6, 31
3, 31
10, 31
6, 31
2, 31
7, 31
3, 31
1, 31
14, 31
3, 31
10, 31
3, 31
4, 31
1, 31
7, 31
3, 31
7, 31
4, 31
3, 31
1, 31
3, 31
2, 31
5, 31
1, 31
6, 31
4, 31
4, 31
10, 31
4, 31
8, 31
4, 31
4, 31
3, 31
4, 31
4, 31
1, 31
1, 31
4, 31
3, 31
0, 31
1, 31
27, 31
6, 31
11, 31
4, 31
8, 31
7, 31
5, 31
9, 31
4, 31
2, 31
7, 31
9, 31
3, 31
2, 31
2, 31
2, 31
7, 31
2, 31
0, 31
5, 31
6, 31
4, 31
4, 31
7, 31
3, 31
2, 31
4, 31
5, 31
5, 31
1, 31
7, 31
7, 31
19, 31
3, 31
2, 31
0, 31
8, 31
5, 31
8, 31
1, 31
1, 31
1, 31
4, 31
3, 31
0, 31
0, 31
3, 31
1, 31
7, 31
3, 31
2, 31
21, 31
2, 31
7, 31
13, 31
9, 31
0, 31
13, 31
12, 31
1, 31
19, 31
4, 31
5, 31
8, 31
6, 31
0, 31
0, 31
9, 31
12, 31
5, 31
32, 32
9, 32
9, 32
1, 32
8, 32
4, 32
12, 32
1, 32
0, 32
8, 32
2, 32
4, 32
2, 32
4, 32
6, 32
2, 32
2, 32
4, 32
1, 32
0, 32
6, 32
2, 32
9, 32
7, 32
6, 32
2, 32
3, 32
1, 32
3, 32
2, 32
1, 32
2, 32
3, 32
12, 32
4, 32
4, 32
1, 32
3, 32
21, 32
4, 32
2, 32
1, 32
6, 32
15, 32
2, 32
1, 32
8, 32
3, 32
4, 32
4, 32
2, 32
1, 32
9, 32
1, 32
2, 32
15, 32
9, 32
17, 32
7, 32
10, 32
3, 32
12, 32
8, 32
1, 32
6, 32
7, 32
15, 32
3, 32
3, 32
4, 32
11, 32
3, 32
2, 32
2, 32
1, 32
4, 32
7, 32
2, 32
9, 32
9, 32
2, 32
4, 32
6, 32
3, 32
3, 32
4, 32
1, 32
5, 32
3, 32
6, 32
15, 32
7, 32
14, 32
10, 32
3, 32
1, 32
3, 32
6, 32
5, 32
18, 32
5, 32
6, 32
7, 32
3, 32
12, 32
5, 32
1, 32
2, 32
12, 32
10, 32
10, 32
5, 32
4, 32
6, 32
8, 32
2, 32
10, 32
0, 32
2, 32
7, 32
0, 32
8, 32
2, 32
2, 32
13, 32
18, 32
8, 32
0, 32
5, 32
5, 32
3, 32
13, 32
0, 32
9, 32
6, 32
10, 32
5, 32
4, 32
2, 32
2, 32
9, 32
7, 32
12, 32
9, 32
4, 32
2, 32
11, 32
5, 32
8, 32
1, 32
7, 32
6, 32
11, 32
16, 32
23, 32
7, 32
13, 32
29, 32
18, 32
4, 32
73, 73
12, 73
54, 73
15, 73
23, 73
28, 73
20, 73
3, 73
4, 73
2, 73
30, 73
58, 73
22, 73
4, 73
19, 73
9, 73
18, 73
22, 73
20, 73
2, 73
5, 73
24, 73
24, 73
9, 73
30, 73
10, 73
26, 73
14, 73
113, 113
19, 113
5, 113
79, 113
14, 113
6, 113
42, 113
28, 113
15, 113
72, 113
30, 113
4, 113
57, 113
16, 113
6, 113
6, 113
38, 113
7, 113
15, 113
33, 113
13, 113
5, 113
20, 113
17, 113
3, 113
3, 113
27, 113
60, 113
9, 113
8, 113
6, 113
18, 113
2, 113
33, 113
24, 113
36, 113
17, 113
2, 113
50, 113
64, 113
1, 113
6, 113
13, 113
62, 113
44, 113
6, 113
38, 113
10, 113
58, 113
6, 113
35, 113
3, 113
29, 113
13, 113
15, 113
16, 113
6, 113
5, 113
46, 113
68, 113
16, 113
12, 113
10, 113
7, 113
26, 113
40, 113
21, 113
26, 113
14, 113
1, 113
30, 113
21, 113
115, 115
5, 115
5, 115
14, 115
31, 115
29, 115
129, 129
17, 129
32, 129
59, 129
66, 129
3, 129
41, 129
14, 129
91, 129
5, 129
17, 129
29, 129
44, 129
13, 129
102, 129
7, 129
10, 129
21, 129
15, 129
48, 129
126, 129
60, 129
4, 129
28, 129
83, 129
42, 129
113, 129
61, 129
12, 129
28, 129
46, 129
42, 129
9, 129
10, 129
64, 129
17, 129
9, 129
27, 129
12, 129
17, 129
76, 129
49, 129
17, 129
27, 129
52, 129
36, 129
56, 129
37, 129
10, 129
8, 129
55, 129
80, 129
6, 129
16, 129
19, 129
40, 129
7, 129
17, 129
6, 129
45, 129
6, 129
9, 129
15, 129
6, 129
9, 129
29, 129
38, 129
24, 129
13, 129
29, 129
98, 129
39, 129
60, 129
7, 129
7, 129
112, 129
36, 129
8, 129
7, 129
47, 129
32, 129
28, 129
50, 129
6, 129
34, 129
9, 129
67, 129
3, 129
57, 129
26, 129
28, 129
11, 129
41, 129
73, 129
45, 129
18, 129
6, 129
37, 129
8, 129
63, 129
26, 129
27, 129
7, 129
27, 129
115, 129
24, 129
9, 129
5, 129
6, 129
62, 129
26, 129
71, 129
37, 129
102, 129
113, 129
121, 129
34, 129
10, 129
30, 129
19, 129
43, 129
11, 129
21, 129
17, 129
39, 129
131, 131
14, 131
119, 131
43, 131
38, 131
32, 131
10, 131
45, 131
29, 131
28, 131
18, 131
41, 131
11, 131
48, 131
11, 131
33, 131
8, 131
37, 131
6, 131
37, 131
19, 131
70, 131
13, 131
100, 131
28, 131
5, 131
21, 131
57, 131
24, 131
21, 131
42, 131
89, 131
85, 131
36, 131
86, 131
33, 131
33, 131
28, 131
16, 131
4, 131
10, 131
14, 131
18, 131
15, 131
23, 131
24, 131
91, 131
24, 131
5, 131
6, 131
72, 131
92, 131
23, 131
8, 131
48, 131
48, 131
34, 131
20, 131
32, 131
18, 131
49, 131
28, 131
69, 131
54, 131
49, 131
9, 131
57, 131
58, 131
61, 131
9, 131
21, 131
56, 131
53, 131
125, 131
16, 131
39, 131
49, 131
6, 131
51, 131
31, 131
9, 131
17, 131
56, 131
6, 131
11, 131
16, 131
23, 131
71, 131
41, 131
17, 131
111, 131
62, 131
28, 131
71, 131
5, 131
38, 131
69, 131
14, 131
6, 131
43, 131
50, 131
19, 131
44, 131
41, 131
10, 131
19, 131
19, 131
23, 131
26, 131
9, 131
82, 131
58, 131
6, 131
66, 131
28, 131
70, 131
28, 131
61, 131
37, 131
13, 131
70, 131
82, 131
12, 131
4, 131
21, 131
24, 131
29, 131
58, 131
11, 131
2, 131
100, 131
14, 131
11, 131
20, 131
6, 131
43, 131
27, 131
10, 131
77, 131
67, 131
18, 131
108, 131
26, 131
11, 131
119, 131
76, 131
73, 131
63, 131
36, 131
45, 131
19, 131
124, 131
18, 131
9, 131
27, 131
24, 131
9, 131
104, 131
5, 131
26, 131
51, 131
74, 131
42, 131
46, 131
20, 131
39, 131
22, 131
63, 131
113, 131
87, 131
32, 131
47, 131
17, 131
60, 131
83, 131
103, 131
19, 131
78, 131
68, 131
68, 131
49, 131
16, 131
14, 131
38, 131
12, 131
13, 131
17, 131
37, 131
25, 131
23, 131
18, 131
55, 131
93, 131
13, 131
23, 131
58, 131
18, 131
27, 131
4, 131
111, 131
13, 131
22, 131
28, 131
11, 131
31, 131
107, 131
48, 131
33, 131
98, 131
8, 131
14, 131
6, 131
109, 131
116, 131
49, 131
21, 131
23, 131
21, 131
37, 131
21, 131
42, 131
32, 131
10, 131
33, 131
101, 131
19, 131
18, 131
39, 131
59, 131
11, 131
76, 131
35, 131
16, 131
14, 131
77, 131
109, 131
70, 131
85, 131
18, 131
25, 131
19, 131
61, 131
13, 131
108, 131
5, 131
24, 131
56, 131
48, 131
10, 131
20, 131
10, 131
26, 131
34, 131
35, 131
84, 131
8, 131
24, 131
25, 131
29, 131
61, 131
12, 131
54, 131
23, 131
31, 131
75, 131
123, 131
30, 131
4, 131
41, 131
15, 131
114, 131
8, 131
70, 131
110, 131
24, 131
37, 131
4, 131
22, 131
11, 131
75, 131
10, 131
102, 131
8, 131
11, 131
14, 131
26, 131
24, 131
12, 131
111, 131
84, 131
29, 131
123, 131
69, 131
62, 131
26, 131
87, 131
48, 131
86, 131
108, 131
71, 131
17, 131
8, 131
17, 131
7, 131
26, 131
81, 131
112, 131
29, 131
42, 131
30, 131
20, 131
25, 131
75, 131
30, 131
100, 131
48, 131
21, 131
5, 131
90, 131
12, 131
13, 131
42, 131
22, 131
22, 131
5, 131
35, 131
16, 131
117, 131
57, 131
19, 131
63, 131
102, 131
92, 131
21, 131
59, 131
76, 131
18, 131
109, 131
140, 140
29, 140
11, 140
7, 140
19, 140
12, 140
12, 140
45, 140
21, 140
4, 140
47, 140
11, 140
5, 140
38, 140
46, 140
83, 140
10, 140
53, 140
101, 140
14, 140
33, 140
10, 140
67, 140
12, 140
49, 140
29, 140
16, 140
50, 140
19, 140
103, 140
34, 140
28, 140
96, 140
107, 140
49, 140
89, 140
112, 140
17, 140
27, 140
31, 140
24, 140
11, 140
27, 140
100, 140
30, 140
102, 140
62, 140
15, 140
2, 140
22, 140
149, 149
77, 149
113, 149
102, 149
96, 149
8, 149
78, 149
27, 149
5, 149
25, 149
35, 149
23, 149
13, 149
34, 149
138, 149
24, 149
27, 149
81, 149
41, 149
41, 149
22, 149
54, 149
45, 149
4, 149
36, 149
21, 149
5, 149
91, 149
70, 149
21, 149
37, 149
10, 149
28, 149
63, 149
16, 149
24, 149
47, 149
17, 149
23, 149
43, 149
43, 149
88, 149
13, 149
19, 149
3, 149
3, 149
18, 149
11, 149
13, 149
19, 149
23, 149
19, 149
62, 149
19, 149
29, 149
83, 149
67, 149
22, 149
9, 149
11, 149
10, 149
40, 149
32, 149
14, 149
45, 149
42, 149
25, 149
13, 149
3, 149
25, 149
34, 149
6, 149
21, 149
140, 149
95, 149
86, 149
6, 149
18, 149
32, 149
59, 149
23, 149
39, 149
13, 149
100, 149
51, 149
24, 149
3, 149
26, 149
4, 149
10, 149
18, 149
11, 149
55, 149
12, 149
51, 149
14, 149
4, 149
110, 149
14, 149
72, 149
31, 149
47, 149
21, 149
30, 149
5, 149
63, 149
10, 149
37, 149
17, 149
10, 149
12, 149
100, 149
63, 149
23, 149
16, 149
68, 149
106, 149
28, 149
65, 149
41, 149
8, 149
90, 149
56, 149
31, 149
25, 149
2, 149
58, 149
92, 149
3, 149
34, 149
105, 149
14, 149
55, 149
28, 149
27, 149
18, 149
40, 149
8, 149
5, 149
8, 149
52, 149
75, 149
12, 149
27, 149
30, 149
70, 149
57, 149
73, 149
3, 149
6, 149
56, 149
16, 149
50, 149
45, 149
45, 149
5, 149
19, 149
11, 149
10, 149
17, 149
7, 149
29, 149
23, 149
35, 149
67, 149
7, 149
41, 149
9, 149
109, 149
19, 149
38, 149
17, 149
5, 149
6, 149
50, 149
54, 149
4, 149
90, 149
82, 149
7, 149
42, 149
92, 149
42, 149
19, 149
76, 149
5, 149
10, 149
14, 149
7, 149
11, 149
118, 149
43, 149
32, 149
35, 149
4, 149
62, 149
17, 149
31, 149
14, 149
5, 149
2, 149
8, 149
4, 149
45, 149
67, 149
25, 149
43, 149
110, 149
14, 149
20, 149
7, 149
57, 149
10, 149
105, 149
24, 149
108, 149
85, 149
60, 149
41, 149
86, 149
12, 149
15, 149
13, 149
4, 149
32, 149
6, 149
26, 149
5, 149
44, 149
77, 149
33, 149
62, 149
54, 149
45, 149
41, 149
10, 149
51, 149
99, 149
29, 149
12, 149
96, 149
16, 149
24, 149
46, 149
18, 149
42, 149
4, 149
164, 164
53, 164
109, 164
5, 164
23, 164
44, 164
5, 164
46, 164
105, 164
16, 164
61, 164
17, 164
6, 164
17, 164
37, 164
25, 164
16, 164
18, 164
8, 164
42, 164
14, 164
102, 164
20, 164
5, 164
16, 164
104, 164
34, 164
70, 164
5, 164
48, 164
4, 164
53, 164
2, 164
32, 164
91, 164
61, 164
21, 164
48, 164
42, 164
102, 164
3, 164
13, 164
114, 164
24, 164
112, 164
46, 164
35, 164
76, 164
23, 164
132, 164
62, 164
103, 164
57, 164
25, 164
89, 164
26, 164
103, 164
74, 164
109, 164
25, 164
5, 164
5, 164
60, 164
14, 164
15, 164
34, 164
11, 164
12, 164
14, 164
20, 164
55, 164
128, 164
30, 164
104, 164
7, 164
104, 164
15, 164
39, 164
100, 164
3, 164
36, 164
33, 164
42, 164
21, 164
26, 164
47, 164
13, 164
103, 164
102, 164
34, 164
61, 164
121, 164
18, 164
96, 164
12, 164
25, 164
38, 164
17, 164
20, 164
62, 164
28, 164
14, 164
45, 164
33, 164
125, 164
26, 164
40, 164
3, 164
17, 164
5, 164
2, 164
12, 164
37, 164
42, 164
29, 164
87, 164
70, 164
13, 164
34, 164
2, 164
12, 164
6, 164
67, 164
16, 164
25, 164
9, 164
14, 164
87, 164
14, 164
49, 164
31, 164
7, 164
25, 164
18, 164
18, 164
38, 164
4, 164
18, 164
71, 164
47, 164
50, 164
15, 164
23, 164
54, 164
23, 164
43, 164
8, 164
27, 164
8, 164
38, 164
86, 164
3, 164
3, 164
30, 164
11, 164
46, 164
7, 164
15, 164
9, 164
31, 164
61, 164
15, 164
7, 164
48, 164
2, 164
8, 164
21, 164
14, 164
4, 164
16, 164
24, 164
27, 164
6, 164
12, 164
31, 164
22, 164
63, 164
8, 164
3, 164
12, 164
0, 164
17, 164
5, 164
21, 164
40, 164
15, 164
6, 164
17, 164
4, 164
17, 164
7, 164
102, 164
8, 164
105, 164
62, 164
15, 164
60, 164
82, 164
92, 164
101, 164
41, 164
75, 164
143, 164
58, 164
31, 164
12, 164
1, 164
146, 164
61, 164
56, 164
61, 164
22, 164
11, 164
103, 164
103, 164
17, 164
31, 164
64, 164
68, 164
101, 164
117, 164
9, 164
31, 164
18, 164
29, 164
118, 164
3, 164
107, 164
130, 164
104, 164
69, 164
77, 164
17, 164
123, 164
26, 164
74, 164
115, 164
9, 164
75, 164
105, 164
58, 164
107, 164
23, 164
110, 164
101, 164
7, 164
89, 164
17, 164
23, 164
122, 164
22, 164
109, 164
22, 164
101, 164
113, 164
101, 164
110, 164
108, 164
13, 164
57, 164
9, 164
14, 164
15, 164
54, 164
113, 164
50, 164
56, 164
26, 164
68, 164
7, 164
50, 164
88, 164
54, 164
91, 164
12, 164
19, 164
76, 164
78, 164
31, 164
65, 164
48, 164
26, 164
62, 164
15, 164
103, 164
109, 164
44, 164
127, 164
29, 164
38, 164
73, 164
114, 164
25, 164
53, 164
71, 164
38, 164
112, 164
25, 164
103, 164
6, 164
37, 164
110, 164
112, 164
8, 164
80, 164
26, 164
47, 164
8, 164
55, 164
124, 164
64, 164
51, 164
96, 164
102, 164
40, 164
108, 164
31, 164
105, 164
59, 164
110, 164
62, 164
111, 164
85, 164
77, 164
67, 164
11, 164
8, 164
117, 164
100, 164
108, 164
55, 164
122, 164
73, 164
18, 164
103, 164
104, 164
63, 164
62, 164
26, 164
113, 164
82, 164
7, 164
108, 164
37, 164
1, 164
76, 164
102, 164
66, 164
18, 164
12, 164
37, 164
68, 164
94, 164
48, 164
25, 164
55, 164
66, 164
15, 164
109, 164
71, 164
77, 164
137, 164
39, 164
73, 164
110, 164
59, 164
100, 164
27, 164
131, 164
14, 164
113, 164
100, 164
103, 164
102, 164
104, 164
13, 164
24, 164
2, 164
102, 164
2, 164
51, 164
2, 164
80, 164
85, 164
116, 164
111, 164
108, 164
28, 164
1, 164
49, 164
30, 164
75, 164
83, 164
103, 164
18, 164
71, 164
144, 164
103, 164
108, 164
104, 164
115, 164
109, 164
114, 164
104, 164
121, 164
140, 164
103, 164
123, 164
121, 164
105, 164
139, 164
157, 164
129, 164
101, 164
139, 164
113, 164
108, 164
109, 164
112, 164
114, 164
101, 164
118, 164
103, 164
110, 164
107, 164
136, 164
104, 164
122, 164
126, 164
126, 164
131, 164
120, 164
152, 164
119, 164
106, 164
130, 164
69, 164
91, 164
46, 164
20, 164
7, 164
3, 164
4, 164
45, 164
15, 164
7, 164
53, 164
10, 164
29, 164
4, 164
27, 164
111, 164
3, 164
120, 164
104, 164
110, 164
107, 164
122, 164
101, 164
112, 164
126, 164
123, 164
114, 164
144, 164
111, 164
112, 164
104, 164
119, 164
119, 164
101, 164
101, 164
104, 164
120, 164
135, 164
132, 164
111, 164
103, 164
135, 164
110, 164
106, 164
104, 164
102, 164
108, 164
105, 164
101, 164
115, 164
105, 164
113, 164
101, 164
101, 164
100, 164
110, 164
110, 164
163, 164
117, 164
100, 164
135, 164
102, 164
110, 164
147, 164
111, 164
116, 164
104, 164
127, 164
127, 164
101, 164
121, 164
102, 164
106, 164
100, 164
128, 164
125, 164
117, 164
115, 164
107, 164
100, 164
102, 164
111, 164
108, 164
100, 164
141, 164
154, 164
100, 164
109, 164
105, 164
101, 164
100, 164
101, 164
101, 164
100, 164
103, 164
121, 164
108, 164
109, 164
111, 164
100, 164
109, 164
100, 164
102, 164
123, 164
118, 164
163, 164
101, 164
100, 164
155, 164
121, 164
116, 164
109, 164
104, 164
118, 164
104, 164
124, 164
100, 164
108, 164
103, 164
103, 164
105, 164
122, 164
123, 164
101, 164
113, 164
127, 164
122, 164
129, 164
118, 164
129, 164
101, 164
123, 164
106, 164
108, 164
114, 164
104, 164
121, 164
108, 164
105, 164
100, 164
105, 164
109, 164
107, 164
128, 164
122, 164
102, 164
109, 164
108, 164
157, 164
102, 164
108, 164
111, 164
102, 164
112, 164
132, 164
105, 164
121, 164
109, 164
182, 182
106, 182
175, 182
126, 182
119, 182
123, 182
116, 182
136, 182
106, 182
110, 182
175, 182
123, 182
101, 182
130, 182
108, 182
142, 182
118, 182
113, 182
119, 182
169, 182
116, 182
109, 182
164, 182
109, 182
110, 182
100, 182
100, 182
146, 182
109, 182
117, 182
100, 182
113, 182
126, 182
125, 182
100, 182
104, 182
105, 182
121, 182
106, 182
143, 182
122, 182
116, 182
113, 182
113, 182
100, 182
106, 182
125, 182
132, 182
137, 182
134, 182
106, 182
121, 182
117, 182
165, 182
206, 206
116, 206
105, 206
128, 206
102, 206
121, 206
102, 206
105, 206
104, 206
113, 206
102, 206
108, 206
120, 206
100, 206
136, 206
103, 206
104, 206
100, 206
168, 206
128, 206
121, 206
111, 206
112, 206
106, 206
116, 206
124, 206
135, 206
132, 206
113, 206
120, 206
115, 206
116, 206
105, 206
104, 206
105, 206
104, 206
102, 206
137, 206
107, 206
141, 206
126, 206
103, 206
107, 206
122, 206
142, 206
114, 206
101, 206
108, 206
129, 206
147, 206
101, 206
102, 206
113, 206
111, 206
102, 206
116, 206
157, 206
105, 206
107, 206
158, 206
105, 206
117, 206
109, 206
106, 206
105, 206
102, 206
137, 206
132, 206
142, 206
116, 206
139, 206
110, 206
130, 206
134, 206
112, 206
112, 206
105, 206
179, 206
165, 206
144, 206
123, 206
105, 206
110, 206
184, 206
102, 206
114, 206
117, 206
154, 206
112, 206
126, 206
102, 206
121, 206
129, 206
146, 206
106, 206
117, 206
175, 206
182, 206
181, 206
108, 206
129, 206
128, 206
106, 206
128, 206
108, 206
134, 206
107, 206
108, 206
112, 206
111, 206
107, 206
150, 206
118, 206
106, 206
118, 206
112, 206
112, 206
109, 206
102, 206
158, 206
141, 206
105, 206
121, 206
110, 206
105, 206
194, 206
100, 206
101, 206
113, 206
135, 206
103, 206
103, 206
108, 206
100, 206
101, 206
122, 206
119, 206
113, 206
102, 206
101, 206
110, 206
146, 206
118, 206
102, 206
135, 206
116, 206
109, 206
200, 206
138, 206
115, 206
126, 206
104, 206
125, 206
100, 206
124, 206
109, 206
106, 206
168, 206
122, 206
121, 206
106, 206
110, 206
103, 206
119, 206
119, 206
109, 206
140, 206
133, 206
102, 206
111, 206
110, 206
102, 206
112, 206
114, 206
103, 206
132, 206
115, 206
161, 206
108, 206
100, 206
130, 206
109, 206
128, 206
111, 206
143, 206
138, 206
126, 206
113, 206
105, 206
111, 206
105, 206
100, 206
127, 206
106, 206
100, 206
115, 206
170, 206
115, 206
121, 206
128, 206
135, 206
102, 206
100, 206
122, 206
159, 206
106, 206
138, 206
112, 206
127, 206
126, 206
100, 206
114, 206
102, 206
152, 206
123, 206
101, 206
111, 206
101, 206
127, 206
104, 206
124, 206
116, 206
126, 206
112, 206
115, 206
103, 206
116, 206
186, 206
122, 206
103, 206
201, 206
104, 206
107, 206
130, 206
119, 206
104, 206
132, 206
110, 206
106, 206
121, 206
129, 206
146, 206
107, 206
123, 206
101, 206
202, 206
104, 206
153, 206
110, 206
112, 206
112, 206
136, 206
112, 206
109, 206
116, 206
102, 206
129, 206
100, 206
154, 206
123, 206
129, 206
104, 206
125, 206
167, 206
106, 206
150, 206
127, 206
176, 206
104, 206
131, 206
112, 206
108, 206
121, 206
163, 206
120, 206
118, 206
105, 206
145, 206
123, 206
105, 206
112, 206
101, 206
116, 206
113, 206
126, 206
123, 206
109, 206
166, 206
185, 206
112, 206
122, 206
117, 206
109, 206
110, 206
111, 206
106, 206
150, 206
118, 206
129, 206
123, 206
103, 206
173, 206
145, 206
101, 206
126, 206
103, 206
123, 206
123, 206
103, 206
104, 206
129, 206
116, 206
104, 206
104, 206
126, 206
104, 206
150, 206
101, 206
115, 206
123, 206
134, 206
117, 206
101, 206
149, 206
104, 206
105, 206
115, 206
202, 206
116, 206
100, 206
133, 206
138, 206
121, 206
111, 206
102, 206
118, 206
105, 206
104, 206
116, 206
101, 206
120, 206
107, 206
130, 206
114, 206
111, 206
138, 206
129, 206
116, 206
108, 206
100, 206
101, 206
123, 206
110, 206
205, 206
109, 206
107, 206
118, 206
112, 206
107, 206
106, 206
111, 206
110, 206
101, 206
102, 206
125, 206
115, 206
102, 206
124, 206
126, 206
115, 206
103, 206
140, 206
140, 206
155, 206
129, 206
131, 206
100, 206
104, 206
182, 206
101, 206
195, 206
153, 206
116, 206
117, 206
124, 206
125, 206
107, 206
137, 206
111, 206
111, 206
123, 206
106, 206
133, 206
103, 206
107, 206
105, 206
124, 206
109, 206
110, 206
102, 206
119, 206
100, 206
108, 206
117, 206
151, 206
117, 206
169, 206
105, 206
104, 206
116, 206
114, 206
107, 206
138, 206
144, 206
112, 206
146, 206
115, 206
142, 206
119, 206
109, 206
114, 206
138, 206
131, 206
106, 206
106, 206
103, 206
101, 206
102, 206
123, 206
121, 206
103, 206
120, 206
133, 206
106, 206
113, 206
106, 206
105, 206
206, 206
102, 206
121, 206
126, 206
121, 206
105, 206
105, 206
103, 206
105, 206
111, 206
126, 206
125, 206
121, 206
103, 206
145, 206
156, 206
108, 206
108, 206
208, 208
149, 208
153, 208
122, 208
147, 208
101, 208
126, 208
101, 208
110, 208
115, 208
133, 208
105, 208
112, 208
106, 208
121, 208
124, 208
104, 208
103, 208
115, 208
105, 208
117, 208
109, 208
113, 208
105, 208
103, 208
104, 208
116, 208
142, 208
147, 208
112, 208
138, 208
118, 208
138, 208
104, 208
115, 208
125, 208
104, 208
144, 208
119, 208
146, 208
119, 208
116, 208
134, 208
106, 208
206, 208
114, 208
207, 208
109, 208
105, 208
125, 208
118, 208
110, 208
104, 208
108, 208
102, 208
102, 208
113, 208
112, 208
111, 208
111, 208
137, 208
126, 208
174, 208
121, 208
119, 208
118, 208
109, 208
114, 208
141, 208
129, 208
105, 208
101, 208
117, 208
114, 208
100, 208
145, 208
108, 208
105, 208
127, 208
107, 208
127, 208
102, 208
122, 208
114, 208
103, 208
102, 208
154, 208
102, 208
114, 208
150, 208
108, 208
149, 208
105, 208
118, 208
116, 208
111, 208
128, 208
104, 208
128, 208
142, 208
114, 208
106, 208
105, 208
104, 208
118, 208
106, 208
103, 208
132, 208
100, 208
104, 208
121, 208
119, 208
103, 208
105, 208
103, 208
116, 208
138, 208
138, 208
104, 208
141, 208
101, 208
130, 208
153, 208
113, 208
109, 208
146, 208
100, 208
101, 208
140, 208
111, 208
103, 208
100, 208
108, 208
131, 208
142, 208
105, 208
107, 208
101, 208
119, 208
125, 208
120, 208
113, 208
105, 208
108, 208
117, 208
177, 208
112, 208
197, 208
109, 208
109, 208
137, 208
104, 208
103, 208
123, 208
111, 208
102, 208
120, 208
123, 208
134, 208
112, 208
118, 208
126, 208
109, 208
102, 208
101, 208
171, 208
106, 208
109, 208
102, 208
101, 208
114, 208
146, 208
137, 208
142, 208
117, 208
154, 208
118, 208
109, 208
113, 208
100, 208
127, 208
137, 208
107, 208
104, 208
115, 208
105, 208
104, 208
101, 208
111, 208
109, 208
119, 208
101, 208
163, 208
130, 208
129, 208
109, 208
106, 208
100, 208
109, 208
105, 208
109, 208
106, 208
169, 208
133, 208
142, 208
102, 208
137, 208
115, 208
109, 208
108, 208
120, 208
130, 208
113, 208
106, 208
111, 208
127, 208
168, 208
115, 208
146, 208
121, 208
159, 208
133, 208
109, 208
106, 208
115, 208
102, 208
105, 208
106, 208
156, 208
124, 208
116, 208
129, 208
109, 208
106, 208
107, 208
101, 208
104, 208
164, 208
129, 208
138, 208
131, 208
114, 208
103, 208
115, 208
132, 208
114, 208
153, 208
157, 208
107, 208
126, 208
107, 208
113, 208
122, 208
104, 208
103, 208
116, 208
175, 208
128, 208
127, 208
112, 208
135, 208
124, 208
105, 208
129, 208
108, 208
112, 208
115, 208
119, 208
152, 208
107, 208
102, 208
169, 208
118, 208
171, 208
103, 208
129, 208
111, 208
103, 208
103, 208
114, 208
106, 208
105, 208
115, 208
122, 208
114, 208
106, 208
133, 208
114, 208
117, 208
104, 208
104, 208
112, 208
108, 208
113, 208
112, 208
125, 208
116, 208
118, 208
123, 208
119, 208
100, 208
114, 208
133, 208
113, 208
133, 208
111, 208
140, 208
103, 208
138, 208
103, 208
168, 208
129, 208
106, 208
146, 208
109, 208
161, 208
147, 208
104, 208
109, 208
102, 208
131, 208
203, 208
133, 208
106, 208
104, 208
144, 208
112, 208
120, 208
109, 208
114, 208
100, 208
102, 208
104, 208
103, 208
123, 208
177, 208
103, 208
134, 208
118, 208
100, 208
138, 208
104, 208
114, 208
109, 208
112, 208
126, 208
108, 208
127, 208
135, 208
118, 208
120, 208
105, 208
106, 208
108, 208
113, 208
125, 208
104, 208
102, 208
103, 208
199, 208
130, 208
123, 208
122, 208
100, 208
109, 208
107, 208
104, 208
102, 208
102, 208
171, 208
103, 208
125, 208
113, 208
107, 208
128, 208
149, 208
108, 208
107, 208
104, 208
115, 208
106, 208
106, 208
146, 208
172, 208
100, 208
115, 208
101, 208
107, 208
198, 208
130, 208
120, 208
135, 208
167, 208
144, 208
109, 208
102, 208
100, 208
112, 208
110, 208
115, 208
104, 208
112, 208
196, 208
112, 208
112, 208
141, 208
109, 208
109, 208
159, 208
101, 208
175, 208
124, 208
151, 208
129, 208
150, 208
107, 208
112, 208
109, 208
112, 208
125, 208
102, 208
106, 208
140, 208
101, 208
138, 208
114, 208
121, 208
156, 208
167, 208
101, 208
115, 208
114, 208
107, 208
102, 208
103, 208
109, 208
137, 208
115, 208
104, 208
106, 208
115, 208
107, 208
102, 208
127, 208
124, 208
109, 208
137, 208
110, 208
113, 208
102, 208
129, 208
149, 208
142, 208
109, 208
139, 208
109, 208
120, 208
190, 208
103, 208
181, 208
100, 208
101, 208
135, 208
128, 208
141, 208
140, 208
113, 208
107, 208
112, 208
203, 208
143, 208
118, 208
152, 208
103, 208
102, 208
155, 208
111, 208
102, 208
129, 208
116, 208
145, 208
127, 208
103, 208
100, 208
104, 208
149, 208
130, 208
115, 208
149, 208
130, 208
106, 208
110, 208
197, 208
103, 208
134, 208
139, 208
118, 208
102, 208
103, 208
126, 208
125, 208
107, 208
108, 208
131, 208
165, 208
103, 208
125, 208
114, 208
109, 208
130, 208
100, 208
106, 208
179, 208
106, 208
121, 208
116, 208
110, 208
158, 208
122, 208
132, 208
146, 208
100, 208
102, 208
161, 208
141, 208
127, 208
123, 208
138, 208
118, 208
115, 208
101, 208
113, 208
101, 208
109, 208
155, 208
113, 208
102, 208
118, 208
128, 208
107, 208
106, 208
138, 208
101, 208
130, 208
120, 208
131, 208
197, 208
110, 208
100, 208
125, 208
110, 208
110, 208
140, 208
146, 208
103, 208
166, 208
118, 208
111, 208
150, 208
153, 208
110, 208
121, 208
142, 208
105, 208
117, 208
117, 208
116, 208
104, 208
104, 208
135, 208
109, 208
129, 208
132, 208
108, 208
175, 208
106, 208
110, 208
176, 208
106, 208
114, 208
105, 208
120, 208
113, 208
135, 208
116, 208
106, 208
144, 208
120, 208
132, 208
147, 208
120, 208
101, 208
148, 208
111, 208
105, 208
114, 208
105, 208
177, 208
110, 208
109, 208
104, 208
106, 208
145, 208
164, 208
115, 208
112, 208
106, 208
103, 208
112, 208
126, 208
122, 208
100, 208
100, 208
150, 208
113, 208
116, 208
141, 208
111, 208
153, 208
123, 208
120, 208
102, 208
101, 208
101, 208
114, 208
102, 208
103, 208
108, 208
100, 208
101, 208
110, 208
122, 208
131, 208
203, 208
106, 208
168, 208
158, 208
138, 208
148, 208
103, 208
123, 208
126, 208
164, 208
127, 208
104, 208
151, 208
101, 208
108, 208
116, 208
123, 208
151, 208
144, 208
124, 208
113, 208
134, 208
117, 208
117, 208
105, 208
115, 208
103, 208
145, 208
107, 208
112, 208
136, 208
109, 208
115, 208
114, 208
104, 208
116, 208
119, 208
121, 208
144, 208
116, 208
132, 208
152, 208
111, 208
108, 208
106, 208
103, 208
129, 208
103, 208
127, 208
136, 208
114, 208
121, 208
105, 208
107, 208
124, 208
152, 208
116, 208
108, 208
107, 208
138, 208
118, 208
133, 208
206, 208
103, 208
101, 208
106, 208
108, 208
101, 208
103, 208
117, 208
108, 208
113, 208
138, 208
101, 208
147, 208
105, 208
105, 208
168, 208
105, 208
115, 208
136, 208
108, 208
103, 208
103, 208
153, 208
154, 208
120, 208
120, 208
108, 208
105, 208
109, 208
115, 208
113, 208
166, 208
112, 208
125, 208
141, 208
113, 208
141, 208
107, 208
137, 208
103, 208
126, 208
100, 208
117, 208
137, 208
103, 208
102, 208
150, 208
102, 208
107, 208
116, 208
135, 208
160, 208
101, 208
105, 208
104, 208
113, 208
105, 208
121, 208
145, 208
163, 208
111, 208
105, 208
107, 208
105, 208
126, 208
114, 208
132, 208
140, 208
147, 208
113, 208
112, 208
105, 208
103, 208
120, 208
102, 208
149, 208
104, 208
105, 208
131, 208
101, 208
116, 208
108, 208
130, 208
105, 208
177, 208
102, 208
116, 208
111, 208
101, 208
105, 208
155, 208
112, 208
122, 208
192, 208
103, 208
104, 208
147, 208
104, 208
147, 208
105, 208
157, 208
177, 208
100, 208
128, 208
122, 208
134, 208
145, 208
118, 208
154, 208
102, 208
120, 208
122, 208
106, 208
120, 208
123, 208
104, 208
109, 208
138, 208
104, 208
124, 208
101, 208
124, 208
115, 208
114, 208
134, 208
112, 208
105, 208
112, 208
115, 208
118, 208
105, 208
132, 208
112, 208
101, 208
100, 208
206, 208
123, 208
105, 208
115, 208
121, 208
112, 208
143, 208
122, 208
114, 208
114, 208
111, 208
118, 208
130, 208
122, 208
123, 208
100, 208
107, 208
156, 208
123, 208
106, 208
149, 208
132, 208
107, 208
140, 208
106, 208
122, 208
100, 208
121, 208
103, 208
117, 208
117, 208
110, 208
115, 208
144, 208
134, 208
105, 208
113, 208
127, 208
122, 208
112, 208
106, 208
114, 208
139, 208
107, 208
123, 208
145, 208
101, 208
123, 208
105, 208
130, 208
106, 208
104, 208
155, 208
138, 208
104, 208
104, 208
131, 208
211, 211
101, 211
100, 211
120, 211
100, 211
152, 211
102, 211
152, 211
133, 211
105, 211
153, 211
114, 211
100, 211
112, 211
117, 211
161, 211
136, 211
107, 211
137, 211
101, 211
139, 211
116, 211
133, 211
106, 211
113, 211
108, 211
105, 211
108, 211
116, 211
100, 211
102, 211
107, 211
103, 211
109, 211
130, 211
100, 211
111, 211
111, 211
102, 211
116, 211
100, 211
113, 211
121, 211
147, 211
130, 211
104, 211
116, 211
110, 211
108, 211
100, 211
107, 211
106, 211
136, 211
105, 211
139, 211
132, 211
106, 211
105, 211
113, 211
113, 211
131, 211
139, 211
187, 211
145, 211
107, 211
104, 211
109, 211
110, 211
153, 211
105, 211
112, 211
122, 211
140, 211
106, 211
165, 211
114, 211
118, 211
111, 211
113, 211
124, 211
100, 211
131, 211
118, 211
100, 211
109, 211
104, 211
110, 211
106, 211
100, 211
106, 211
111, 211
100, 211
126, 211
126, 211
134, 211
141, 211
103, 211
108, 211
110, 211
175, 211
106, 211
132, 211
108, 211
109, 211
164, 211
134, 211
102, 211
131, 211
105, 211
131, 211
106, 211
134, 211
116, 211
119, 211
124, 211
152, 211
104, 211
166, 211
127, 211
123, 211
104, 211
157, 211
118, 211
129, 211
104, 211
106, 211
112, 211
120, 211
117, 211
107, 211
103, 211
100, 211
117, 211
109, 211
145, 211
168, 211
109, 211
136, 211
111, 211
119, 211
130, 211
105, 211
109, 211
101, 211
107, 211
200, 211
111, 211
115, 211
110, 211
128, 211
120, 211
100, 211
156, 211
173, 211
124, 211
119, 211
110, 211
116, 211
104, 211
121, 211
114, 211
124, 211
104, 211
106, 211
102, 211
106, 211
114, 211
106, 211
106, 211
151, 211
126, 211
103, 211
107, 211
102, 211
114, 211
169, 211
126, 211
108, 211
105, 211
102, 211
118, 211
125, 211
112, 211
172, 211
108, 211
118, 211
108, 211
102, 211
128, 211
116, 211
104, 211
106, 211
117, 211
117, 211
107, 211
115, 211
113, 211
112, 211
112, 211
114, 211
104, 211
113, 211
114, 211
152, 211
108, 211
108, 211
161, 211
122, 211
101, 211
116, 211
133, 211
105, 211
139, 211
111, 211
110, 211
135, 211
119, 211
111, 211
198, 211
103, 211
105, 211
168, 211
112, 211
114, 211
152, 211
115, 211
123, 211
110, 211
121, 211
133, 211
115, 211
127, 211
103, 211
101, 211
106, 211
136, 211
128, 211
102, 211
107, 211
162, 211
134, 211
157, 211
110, 211
104, 211
148, 211
148, 211
120, 211
102, 211
111, 211
112, 211
111, 211
105, 211
109, 211
113, 211
121, 211
111, 211
143, 211
119, 211
103, 211
119, 211
130, 211
114, 211
128, 211
132, 211
126, 211
125, 211
104, 211
152, 211
130, 211
149, 211
118, 211
111, 211
116, 211
137, 211
128, 211
104, 211
101, 211
113, 211
125, 211
102, 211
170, 211
103, 211
107, 211
154, 211
103, 211
108, 211
134, 211
129, 211
108, 211
135, 211
113, 211
104, 211
133, 211
117, 211
125, 211
120, 211
114, 211
137, 211
119, 211
127, 211
101, 211
111, 211
148, 211
105, 211
129, 211
112, 211
106, 211
102, 211
166, 211
115, 211
114, 211
116, 211
104, 211
106, 211
115, 211
105, 211
142, 211
116, 211
117, 211
108, 211
101, 211
109, 211
118, 211
113, 211
124, 211
120, 211
120, 211
115, 211
103, 211
114, 211
154, 211
132, 211
122, 211
101, 211
112, 211
121, 211
113, 211
111, 211
129, 211
118, 211
123, 211
192, 211
107, 211
111, 211
100, 211
145, 211
121, 211
106, 211
123, 211
111, 211
138, 211
107, 211
122, 211
100, 211
111, 211
111, 211
103, 211
108, 211
122, 211
132, 211
107, 211
117, 211
112, 211
116, 211
114, 211
142, 211
173, 211
124, 211
104, 211
102, 211
111, 211
104, 211
100, 211
129, 211
139, 211
131, 211
123, 211
144, 211
110, 211
102, 211
167, 211
105, 211
110, 211
101, 211
154, 211
108, 211
100, 211
129, 211
106, 211
108, 211
146, 211
134, 211
101, 211
138, 211
157, 211
125, 211
112, 211
167, 211
111, 211
101, 211
138, 211
105, 211
104, 211
112, 211
107, 211
118, 211
102, 211
132, 211
108, 211
105, 211
102, 211
106, 211
111, 211
122, 211
113, 211
129, 211
127, 211
101, 211
107, 211
113, 211
131, 211
133, 211
100, 211
111, 211
119, 211
165, 211
199, 211
113, 211
112, 211
125, 211
110, 211
116, 211
135, 211
112, 211
127, 211
100, 211
128, 211
135, 211
104, 211
138, 211
137, 211
111, 211
129, 211
100, 211
106, 211
118, 211
107, 211
106, 211
113, 211
130, 211
104, 211
103, 211
104, 211
202, 211
149, 211
118, 211
102, 211
108, 211
125, 211
107, 211
115, 211
114, 211
115, 211
122, 211
114, 211
116, 211
102, 211
135, 211
105, 211
114, 211
114, 211
106, 211
131, 211
119, 211
107, 211
109, 211
111, 211
120, 211
107, 211
133, 211
113, 211
114, 211
113, 211
111, 211
131, 211
106, 211
117, 211
108, 211
111, 211
138, 211
119, 211
108, 211
100, 211
104, 211
129, 211
102, 211
111, 211
105, 211
109, 211
108, 211
121, 211
105, 211
106, 211
102, 211
120, 211
113, 211
109, 211
105, 211
114, 211
103, 211
102, 211
130, 211
103, 211
113, 211
110, 211
135, 211
111, 211
107, 211
124, 211
132, 211
140, 211
103, 211
151, 211
107, 211
106, 211
100, 211
120, 211
102, 211
127, 211
112, 211
113, 211
142, 211
114, 211
185, 211
206, 211
134, 211
121, 211
100, 211
121, 211
130, 211
153, 211
110, 211
112, 211
116, 211
111, 211
103, 211
116, 211
103, 211
109, 211
124, 211
108, 211
118, 211
102, 211
132, 211
118, 211
110, 211
113, 211
102, 211
105, 211
104, 211
117, 211
137, 211
103, 211
109, 211
118, 211
115, 211
102, 211
116, 211
125, 211
145, 211
149, 211
106, 211
105, 211
101, 211
102, 211
116, 211
105, 211
110, 211
116, 211
134, 211
148, 211
106, 211
115, 211
119, 211
106, 211
116, 211
119, 211
124, 211
112, 211
141, 211
101, 211
102, 211
151, 211
107, 211
104, 211
104, 211
106, 211
118, 211
102, 211
111, 211
112, 211
158, 211
115, 211
107, 211
109, 211
107, 211
130, 211
121, 211
114, 211
103, 211
118, 211
109, 211
133, 211
104, 211
137, 211
103, 211
115, 211
104, 211
128, 211
115, 211
110, 211
113, 211
135, 211
106, 211
139, 211
130, 211
112, 211
109, 211
123, 211
115, 211
157, 211
151, 211
112, 211
126, 211
149, 211
132, 211
123, 211
103, 211
113, 211
141, 211
111, 211
101, 211
119, 211
105, 211
133, 211
121, 211
139, 211
101, 211
121, 211
164, 211
123, 211
175, 211
104, 211
123, 211
110, 211
108, 211
108, 211
116, 211
111, 211
121, 211
112, 211
121, 211
113, 211
109, 211
130, 211
208, 211
139, 211
104, 211
107, 211
136, 211
103, 211
158, 211
108, 211
103, 211
103, 211
123, 211
120, 211
107, 211
120, 211
176, 211
104, 211
112, 211
102, 211
142, 211
105, 211
107, 211
108, 211
109, 211
109, 211
142, 211
112, 211
110, 211
116, 211
103, 211
120, 211
112, 211
108, 211
110, 211
133, 211
112, 211
107, 211
108, 211
115, 211
101, 211
123, 211
112, 211
103, 211
115, 211
112, 211
111, 211
113, 211
110, 211
113, 211
113, 211
113, 211
137, 211
133, 211
132, 211
103, 211
143, 211
126, 211
167, 211
108, 211
105, 211
116, 211
115, 211
113, 211
121, 211
117, 211
145, 211
115, 211
110, 211
119, 211
109, 211
113, 211
116, 211
105, 211
110, 211
100, 211
106, 211
101, 211
122, 211
151, 211
161, 211
135, 211
112, 211
110, 211
105, 211
114, 211
111, 211
105, 211
108, 211
160, 211
116, 211
124, 211
115, 211
125, 211
113, 211
126, 211
103, 211
119, 211
104, 211
135, 211
117, 211
106, 211
130, 211
107, 211
107, 211
159, 211
119, 211
113, 211
117, 211
126, 211
106, 211
105, 211
101, 211
110, 211
100, 211
152, 211
102, 211
130, 211
101, 211
127, 211
117, 211
137, 211
106, 211
109, 211
104, 211
100, 211
123, 211
125, 211
134, 211
114, 211
101, 211
124, 211
156, 211
107, 211
112, 211
131, 211
121, 211
106, 211
120, 211
113, 211
105, 211
111, 211
135, 211
105, 211
161, 211
104, 211
103, 211
119, 211
103, 211
131, 211
112, 211
181, 211
118, 211
103, 211
111, 211
142, 211
141, 211
115, 211
121, 211
101, 211
151, 211
133, 211
104, 211
154, 211
100, 211
111, 211
101, 211
102, 211
130, 211
108, 211
116, 211
120, 211
107, 211
138, 211
113, 211
113, 211
117, 211
129, 211
151, 211
134, 211
160, 211
158, 211
118, 211
101, 211
103, 211
122, 211
102, 211
101, 211
106, 211
100, 211
190, 211
108, 211
141, 211
129, 211
132, 211
190, 211
108, 211
115, 211
108, 211
116, 211
175, 211
166, 211
131, 211
107, 211
135, 211
127, 211
102, 211
114, 211
103, 211
107, 211
120, 211
133, 211
129, 211
121, 211
107, 211
212, 212
134, 212
118, 212
119, 212
101, 212
131, 212
105, 212
150, 212
203, 212
102, 212
106, 212
110, 212
132, 212
131, 212
133, 212
101, 212
168, 212
115, 212
104, 212
139, 212
103, 212
105, 212
131, 212
114, 212
117, 212
148, 212
112, 212
107, 212
109, 212
116, 212
112, 212
128, 212
100, 212
124, 212
108, 212
123, 212
104, 212
110, 212
147, 212
113, 212
130, 212
106, 212
101, 212
109, 212
139, 212
104, 212
101, 212
122, 212
118, 212
112, 212
100, 212
104, 212
152, 212
103, 212
115, 212
107, 212
107, 212
102, 212
118, 212
106, 212
123, 212
104, 212
111, 212
129, 212
116, 212
101, 212
115, 212
121, 212
105, 212
112, 212
117, 212
113, 212
136, 212
128, 212
101, 212
108, 212
141, 212
100, 212
161, 212
109, 212
106, 212
124, 212
112, 212
151, 212
104, 212
101, 212
100, 212
104, 212
131, 212
137, 212
131, 212
110, 212
109, 212
110, 212
105, 212
104, 212
103, 212
123, 212
202, 212
104, 212
124, 212
108, 212
100, 212
129, 212
130, 212
111, 212
101, 212
109, 212
184, 212
125, 212
108, 212
103, 212
122, 212
121, 212
117, 212
132, 212
157, 212
109, 212
108, 212
106, 212
114, 212
112, 212
100, 212
100, 212
129, 212
111, 212
111, 212
101, 212
103, 212
111, 212
100, 212
174, 212
104, 212
120, 212
127, 212
108, 212
114, 212
108, 212
116, 212
120, 212
147, 212
137, 212
102, 212
105, 212
138, 212
104, 212
115, 212
131, 212
102, 212
108, 212
133, 212
103, 212
149, 212
201, 212
131, 212
128, 212
148, 212
116, 212
121, 212
104, 212
108, 212
103, 212
113, 212
105, 212
108, 212
116, 212
105, 212
109, 212
136, 212
107, 212
129, 212
128, 212
119, 212
104, 212
105, 212
100, 212
125, 212
163, 212
127, 212
106, 212
123, 212
149, 212
102, 212
115, 212
205, 212
104, 212
108, 212
106, 212
113, 212
105, 212
130, 212
101, 212
113, 212
125, 212
128, 212
100, 212
141, 212
115, 212
120, 212
109, 212
160, 212
113, 212
104, 212
148, 212
123, 212
144, 212
104, 212
107, 212
112, 212
120, 212
116, 212
102, 212
141, 212
107, 212
110, 212
162, 212
111, 212
106, 212
103, 212
124, 212
165, 212
132, 212
133, 212
109, 212
139, 212
113, 212
109, 212
119, 212
113, 212
108, 212
102, 212
128, 212
142, 212
105, 212
115, 212
107, 212
103, 212
113, 212
115, 212
112, 212
116, 212
107, 212
115, 212
139, 212
140, 212
111, 212
109, 212
119, 212
141, 212
127, 212
103, 212
133, 212
103, 212
108, 212
172, 212
119, 212
126, 212
141, 212
106, 212
127, 212
110, 212
113, 212
118, 212
153, 212
112, 212
108, 212
115, 212
110, 212
116, 212
104, 212
105, 212
127, 212
104, 212
121, 212
108, 212
124, 212
142, 212
105, 212
151, 212
132, 212
104, 212
115, 212
115, 212
127, 212
115, 212
120, 212
112, 212
118, 212
105, 212
106, 212
203, 212
108, 212
171, 212
111, 212
139, 212
109, 212
103, 212
198, 212
146, 212
101, 212
158, 212
114, 212
100, 212
125, 212
115, 212
101, 212
108, 212
107, 212
101, 212
108, 212
185, 212
124, 212
119, 212
126, 212
104, 212
106, 212
102, 212
114, 212
109, 212
101, 212
106, 212
112, 212
137, 212
109, 212
129, 212
111, 212
105, 212
110, 212
104, 212
105, 212
137, 212
112, 212
127, 212
102, 212
130, 212
112, 212
203, 212
100, 212
116, 212
101, 212
105, 212
101, 212
104, 212
142, 212
105, 212
101, 212
151, 212
140, 212
107, 212
111, 212
106, 212
114, 212
101, 212
108, 212
105, 212
115, 212
108, 212
109, 212
109, 212
102, 212
111, 212
116, 212
112, 212
143, 212
125, 212
110, 212
107, 212
103, 212
115, 212
110, 212
135, 212
137, 212
107, 212
157, 212
102, 212
104, 212
107, 212
111, 212
117, 212
121, 212
124, 212
130, 212
134, 212
107, 212
103, 212
180, 212
104, 212
102, 212
139, 212
114, 212
103, 212
103, 212
114, 212
105, 212
133, 212
117, 212
101, 212
115, 212
158, 212
108, 212
105, 212
103, 212
105, 212
135, 212
166, 212
115, 212
157, 212
103, 212
108, 212
140, 212
123, 212
101, 212
116, 212
109, 212
100, 212
131, 212
147, 212
128, 212
127, 212
103, 212
109, 212
124, 212
176, 212
130, 212
104, 212
106, 212
151, 212
106, 212
127, 212
161, 212
108, 212
117, 212
101, 212
148, 212
178, 212
200, 212
108, 212
119, 212
103, 212
104, 212
104, 212
104, 212
109, 212
104, 212
105, 212
102, 212
107, 212
114, 212
103, 212
104, 212
117, 212
114, 212
101, 212
129, 212
134, 212
127, 212
101, 212
151, 212
203, 212
112, 212
109, 212
118, 212
102, 212
155, 212
110, 212
141, 212
149, 212
117, 212
126, 212
101, 212
129, 212
167, 212
107, 212
103, 212
104, 212
162, 212
115, 212
119, 212
116, 212
104, 212
104, 212
151, 212
107, 212
118, 212
178, 212
100, 212
125, 212
132, 212
178, 212
104, 212
130, 212
124, 212
109, 212
104, 212
131, 212
111, 212
149, 212
117, 212
106, 212
110, 212
121, 212
136, 212
120, 212
104, 212
106, 212
102, 212
123, 212
106, 212
103, 212
115, 212
101, 212
113, 212
126, 212
122, 212
103, 212
115, 212
193, 212
100, 212
116, 212
114, 212
111, 212
117, 212
107, 212
107, 212
154, 212
103, 212
130, 212
107, 212
113, 212
102, 212
148, 212
108, 212
107, 212
114, 212
113, 212
116, 212
116, 212
135, 212
118, 212
111, 212
134, 212
128, 212
137, 212
110, 212
100, 212
132, 212
134, 212
127, 212
105, 212
105, 212
102, 212
104, 212
169, 212
108, 212
103, 212
144, 212
170, 212
124, 212
100, 212
159, 212
144, 212
131, 212
114, 212
112, 212
139, 212
101, 212
109, 212
119, 212
129, 212
113, 212
158, 212
175, 212
122, 212
114, 212
111, 212
119, 212
115, 212
119, 212
151, 212
109, 212
106, 212
109, 212
112, 212
105, 212
104, 212
112, 212
126, 212
170, 212
103, 212
107, 212
100, 212
140, 212
146, 212
100, 212
112, 212
110, 212
119, 212
127, 212
102, 212
145, 212
103, 212
114, 212
102, 212
134, 212
114, 212
130, 212
113, 212
124, 212
102, 212
122, 212
125, 212
105, 212
104, 212
110, 212
119, 212
115, 212
108, 212
109, 212
122, 212
164, 212
109, 212
105, 212
122, 212
115, 212
124, 212
128, 212
102, 212
103, 212
130, 212
183, 212
116, 212
109, 212
105, 212
114, 212
107, 212
121, 212
113, 212
139, 212
141, 212
101, 212
104, 212
120, 212
105, 212
103, 212
104, 212
110, 212
122, 212
112, 212
108, 212
111, 212
145, 212
157, 212
107, 212
114, 212
103, 212
126, 212
113, 212
111, 212
102, 212
107, 212
102, 212
108, 212
112, 212
104, 212
135, 212
101, 212
108, 212
137, 212
106, 212
105, 212
124, 212
152, 212
112, 212
106, 212
110, 212
108, 212
125, 212
199, 212
114, 212
169, 212
142, 212
101, 212
101, 212
109, 212
115, 212
100, 212
113, 212
119, 212
105, 212
119, 212
103, 212
136, 212
130, 212
109, 212
117, 212
119, 212
107, 212
123, 212
101, 212
123, 212
200, 212
105, 212
109, 212
114, 212
132, 212
102, 212
140, 212
119, 212
111, 212
104, 212
152, 212
108, 212
120, 212
102, 212
102, 212
110, 212
122, 212
186, 212
101, 212
123, 212
122, 212
159, 212
104, 212
126, 212
103, 212
161, 212
110, 212
129, 212
119, 212
112, 212
156, 212
121, 212
108, 212
121, 212
103, 212
127, 212
137, 212
101, 212
102, 212
124, 212
200, 212
103, 212
134, 212
120, 212
111, 212
105, 212
106, 212
119, 212
117, 212
127, 212
184, 212
109, 212
123, 212
114, 212
102, 212
103, 212
111, 212
126, 212
111, 212
114, 212
108, 212
108, 212
122, 212
105, 212
103, 212
117, 212
111, 212
113, 212
101, 212
104, 212
112, 212
148, 212
133, 212
149, 212
106, 212
108, 212
125, 212
102, 212
100, 212
101, 212
100, 212
133, 212
134, 212
105, 212
119, 212
104, 212
101, 212
132, 212
103, 212
143, 212
185, 212
116, 212
111, 212
117, 212
122, 212
105, 212
109, 212
104, 212
101, 212
108, 212
106, 212
119, 212
116, 212
109, 212
124, 212
107, 212
163, 212
120, 212
116, 212
101, 212
110, 212
136, 212
101, 212
123, 212
108, 212
110, 212
111, 212
111, 212
126, 212
102, 212
107, 212
133, 212
105, 212
127, 212
102, 212
112, 212
100, 212
151, 212
107, 212
116, 212
102, 212
176, 212
101, 212
111, 212
104, 212
104, 212
104, 212
116, 212
121, 212
104, 212
146, 212
144, 212
102, 212
122, 212
133, 212
113, 212
114, 212
120, 212
102, 212
110, 212
100, 212
127, 212
104, 212
109, 212
206, 212
196, 212
108, 212
105, 212
103, 212
119, 212
116, 212
107, 212
112, 212
114, 212
117, 212
106, 212
118, 212
195, 212
112, 212
103, 212
112, 212
102, 212
120, 212
110, 212
133, 212
116, 212
115, 212
108, 212
100, 212
102, 212
124, 212
104, 212
143, 212
108, 212
117, 212
117, 212
122, 212
106, 212
134, 212
101, 212
112, 212
113, 212
126, 212
106, 212
131, 212
101, 212
138, 212
105, 212
108, 212
107, 212
190, 212
101, 212
117, 212
126, 212
105, 212
100, 212
110, 212
104, 212
120, 212
107, 212
100, 212
159, 212
106, 212
105, 212
106, 212
105, 212
110, 212
124, 212
112, 212
110, 212
105, 212
134, 212
153, 212
114, 212
111, 212
120, 212
123, 212
151, 212
101, 212
114, 212
110, 212
105, 212
115, 212
113, 212
120, 212
121, 212
134, 212
104, 212
106, 212
102, 212
109, 212
116, 212
125, 212
152, 212
127, 212
101, 212
131, 212
136, 212
103, 212
105, 212
174, 212
116, 212
147, 212
150, 212
104, 212
129, 212
109, 212
142, 212
135, 212
128, 212
117, 212
115, 212
125, 212
134, 212
116, 212
114, 212
146, 212
114, 212
124, 212
106, 212
106, 212
149, 212
135, 212
176, 212
128, 212
103, 212
106, 212
100, 212
130, 212
124, 212
109, 212
106, 212
118, 212
103, 212
112, 212
155, 212
124, 212
102, 212
140, 212
121, 212
128, 212
107, 212
139, 212
100, 212
122, 212
102, 212
142, 212
111, 212
175, 212
100, 212
134, 212
105, 212
106, 212
106, 212
103, 212
152, 212
137, 212
131, 212
162, 212
108, 212
104, 212
125, 212
118, 212
104, 212
146, 212
119, 212
128, 212
116, 212
103, 212
111, 212
112, 212
148, 212
100, 212
115, 212
102, 212
125, 212
102, 212
103, 212
149, 212
110, 212
116, 212
108, 212
106, 212
128, 212
103, 212
117, 212
112, 212
126, 212
117, 212
129, 212
105, 212
139, 212
139, 212
151, 212
125, 212
133, 212
107, 212
172, 212
115, 212
104, 212
163, 212
114, 212
164, 212
121, 212
115, 212
138, 212
112, 212
106, 212
175, 212
172, 212
108, 212
126, 212
110, 212
113, 212
111, 212
110, 212
103, 212
105, 212
100, 212
102, 212
109, 212
117, 212
133, 212
144, 212
128, 212
114, 212
107, 212
122, 212
104, 212
107, 212
104, 212
115, 212
102, 212
163, 212
109, 212
119, 212
122, 212
122, 212
165, 212
185, 212
107, 212
202, 212
114, 212
106, 212
129, 212
104, 212
113, 212
101, 212
120, 212
117, 212
178, 212
122, 212
114, 212
147, 212
111, 212
109, 212
127, 212
116, 212
110, 212
144, 212
105, 212
130, 212
108, 212
129, 212
136, 212
105, 212
101, 212
101, 212
204, 212
149, 212
122, 212
115, 212
101, 212
118, 212
139, 212
106, 212
125, 212
120, 212
123, 212
109, 212
111, 212
121, 212
203, 212
152, 212
138, 212
110, 212
135, 212
113, 212
159, 212
113, 212
124, 212
163, 212
120, 212
174, 212
112, 212
115, 212
103, 212
114, 212
100, 212
153, 212
124, 212
113, 212
129, 212
102, 212
137, 212
102, 212
101, 212
150, 212
124, 212
110, 212
120, 212
105, 212
107, 212
110, 212
139, 212
133, 212
121, 212
122, 212
122, 212
107, 212
132, 212
175, 212
140, 212
140, 212
112, 212
130, 212
101, 212
111, 212
104, 212
103, 212
101, 212
112, 212
125, 212
105, 212
108, 212
131, 212
110, 212
200, 212
200, 212
128, 212
191, 212
157, 212
154, 212
102, 212
123, 212
136, 212
118, 212
105, 212
132, 212
140, 212
102, 212
100, 212
113, 212
111, 212
135, 212
101, 212
174, 212
110, 212
117, 212
102, 212
125, 212
123, 212
101, 212
108, 212
132, 212
102, 212
117, 212
128, 212
143, 212
110, 212
124, 212
111, 212
116, 212
115, 212
141, 212
127, 212
125, 212
104, 212
112, 212
107, 212
205, 212
129, 212
104, 212
119, 212
148, 212
176, 212
129, 212
110, 212
133, 212
123, 212
118, 212
107, 212
160, 212
160, 212
120, 212
110, 212
105, 212
144, 212
116, 212
115, 212
117, 212
115, 212
122, 212
111, 212
161, 212
117, 212
102, 212
109, 212
105, 212
102, 212
173, 212
103, 212
141, 212
104, 212
105, 212
166, 212
119, 212
103, 212
116, 212
130, 212
136, 212
139, 212
122, 212
202, 212
123, 212
159, 212
106, 212
111, 212
112, 212
106, 212
127, 212
150, 212
130, 212
108, 212
118, 212
116, 212
127, 212
124, 212
119, 212
105, 212
118, 212
160, 212
113, 212
103, 212
112, 212
179, 212
102, 212
109, 212
157, 212
162, 212
112, 212
106, 212
107, 212
137, 212
131, 212
107, 212
116, 212
102, 212
106, 212
100, 212
148, 212
153, 212
103, 212
202, 212
160, 212
171, 212
113, 212
152, 212
113, 212
118, 212
137, 212
109, 212
178, 212
108, 212
121, 212
112, 212
105, 212
119, 212
122, 212
101, 212
101, 212
110, 212
112, 212
100, 212
100, 212
108, 212
112, 212
111, 212
131, 212
114, 212
107, 212
123, 212
135, 212
104, 212
135, 212
138, 212
150, 212
101, 212
102, 212
105, 212
101, 212
139, 212
149, 212
128, 212
101, 212
111, 212
133, 212
115, 212
107, 212
121, 212
102, 212
125, 212
135, 212
105, 212
122, 212
119, 212
105, 212
134, 212
127, 212
110, 212
130, 212
103, 212
113, 212
107, 212
102, 212
109, 212
109, 212
125, 212
152, 212
133, 212
100, 212
119, 212
133, 212
106, 212
170, 212
110, 212
116, 212
169, 212
111, 212
116, 212
152, 212
205, 212
189, 212
105, 212
106, 212
147, 212
115, 212
141, 212
107, 212
159, 212
147, 212
110, 212
108, 212
128, 212
137, 212
107, 212
121, 212
189, 212
109, 212
105, 212
151, 212
137, 212
123, 212
121, 212
108, 212
112, 212
159, 212
104, 212
103, 212
109, 212
112, 212
108, 212
139, 212
107, 212
105, 212
200, 212
101, 212
108, 212
108, 212
106, 212
113, 212
104, 212
103, 212
106, 212
118, 212
181, 212
100, 212
104, 212
105, 212
160, 212
131, 212
108, 212
106, 212
110, 212
152, 212
142, 212
118, 212
107, 212
147, 212
115, 212
136, 212
134, 212
139, 212
107, 212
180, 212
102, 212
136, 212
102, 212
133, 212
127, 212
160, 212
127, 212
108, 212
128, 212
116, 212
100, 212
106, 212
119, 212
109, 212
104, 212
109, 212
133, 212
151, 212
131, 212
148, 212
145, 212
125, 212
117, 212
149, 212
121, 212
114, 212
108, 212
189, 212
130, 212
127, 212
112, 212
129, 212
126, 212
140, 212
111, 212
127, 212
128, 212
106, 212
119, 212
133, 212
203, 212
130, 212
120, 212
116, 212
117, 212
100, 212
154, 212
108, 212
108, 212
127, 212
190, 212
111, 212
115, 212
113, 212
107, 212
122, 212
121, 212
131, 212
101, 212
128, 212
129, 212
118, 212
131, 212
142, 212
132, 212
109, 212
102, 212
152, 212
132, 212
100, 212
109, 212
197, 212
108, 212
107, 212
204, 212
103, 212
103, 212
109, 212
111, 212
169, 212
113, 212
104, 212
116, 212
124, 212
120, 212
100, 212
122, 212
133, 212
115, 212
