#Algorithm: SARSA, Speed: 1, Boost: 4, PM: False, Env size: (20, 20), Car size: (5, 4), 
#Counter: 100000000, Nsteps: 10000000, Gamma: 1, LearnRate: 0.01, Eps: 0.5, Epsdecay: 0.9
# Starting training with Boost
0, 0
0, 0
1, 1
2, 2
3, 3
7, 7
2, 7
9, 9
1, 9
0, 9
2, 9
2, 9
3, 9
0, 9
0, 9
0, 9
4, 9
1, 9
0, 9
0, 9
0, 9
1, 9
1, 9
1, 9
1, 9
3, 9
1, 9
1, 9
7, 9
2, 9
3, 9
0, 9
9, 9
6, 9
0, 9
2, 9
0, 9
3, 9
2, 9
6, 9
1, 9
2, 9
4, 9
2, 9
11, 11
1, 11
1, 11
4, 11
3, 11
4, 11
1, 11
13, 13
0, 13
10, 13
0, 13
11, 13
9, 13
3, 13
1, 13
14, 14
3, 14
12, 14
18, 18
0, 18
0, 18
5, 18
2, 18
3, 18
1, 18
6, 18
7, 18
2, 18
0, 18
0, 18
10, 18
4, 18
30, 30
1, 30
3, 30
4, 30
10, 30
0, 30
8, 30
0, 30
5, 30
6, 30
6, 30
7, 30
9, 30
1, 30
0, 30
11, 30
13, 30
9, 30
2, 30
0, 30
1, 30
18, 30
1, 30
1, 30
1, 30
16, 30
0, 30
13, 30
10, 30
7, 30
7, 30
0, 30
6, 30
1, 30
11, 30
6, 30
36, 36
20, 36
11, 36
1, 36
0, 36
1, 36
0, 36
1, 36
4, 36
0, 36
1, 36
3, 36
0, 36
13, 36
6, 36
0, 36
11, 36
0, 36
2, 36
3, 36
1, 36
0, 36
2, 36
1, 36
6, 36
0, 36
5, 36
1, 36
2, 36
1, 36
11, 36
9, 36
12, 36
3, 36
10, 36
4, 36
6, 36
9, 36
1, 36
1, 36
5, 36
9, 36
5, 36
0, 36
1, 36
4, 36
4, 36
1, 36
3, 36
6, 36
0, 36
5, 36
6, 36
12, 36
11, 36
3, 36
6, 36
1, 36
1, 36
10, 36
2, 36
0, 36
5, 36
5, 36
9, 36
0, 36
6, 36
6, 36
3, 36
2, 36
2, 36
5, 36
13, 36
0, 36
0, 36
5, 36
3, 36
8, 36
2, 36
3, 36
6, 36
5, 36
4, 36
10, 36
3, 36
1, 36
12, 36
7, 36
0, 36
6, 36
8, 36
2, 36
0, 36
1, 36
3, 36
9, 36
10, 36
0, 36
6, 36
5, 36
0, 36
0, 36
1, 36
1, 36
10, 36
4, 36
10, 36
7, 36
3, 36
5, 36
21, 36
2, 36
10, 36
7, 36
1, 36
10, 36
0, 36
34, 36
7, 36
14, 36
2, 36
7, 36
9, 36
0, 36
22, 36
0, 36
0, 36
11, 36
1, 36
2, 36
8, 36
1, 36
0, 36
1, 36
0, 36
2, 36
0, 36
3, 36
3, 36
2, 36
33, 36
4, 36
9, 36
1, 36
0, 36
8, 36
0, 36
2, 36
4, 36
2, 36
0, 36
0, 36
22, 36
0, 36
0, 36
2, 36
1, 36
5, 36
1, 36
35, 36
2, 36
15, 36
19, 36
5, 36
5, 36
53, 53
0, 53
6, 53
3, 53
7, 53
14, 53
1, 53
1, 53
12, 53
6, 53
1, 53
0, 53
13, 53
29, 53
1, 53
15, 53
1, 53
13, 53
0, 53
4, 53
1, 53
5, 53
0, 53
11, 53
2, 53
1, 53
34, 53
5, 53
3, 53
10, 53
42, 53
0, 53
2, 53
0, 53
10, 53
2, 53
0, 53
1, 53
12, 53
2, 53
7, 53
0, 53
2, 53
5, 53
13, 53
1, 53
3, 53
23, 53
18, 53
2, 53
17, 53
26, 53
8, 53
1, 53
0, 53
31, 53
27, 53
16, 53
4, 53
38, 53
2, 53
17, 53
19, 53
33, 53
21, 53
3, 53
20, 53
11, 53
8, 53
3, 53
40, 53
35, 53
34, 53
19, 53
1, 53
0, 53
56, 56
27, 56
2, 56
6, 56
9, 56
27, 56
11, 56
8, 56
0, 56
6, 56
8, 56
6, 56
1, 56
8, 56
5, 56
2, 56
3, 56
11, 56
3, 56
1, 56
4, 56
7, 56
3, 56
72, 72
10, 72
20, 72
23, 72
0, 72
7, 72
15, 72
6, 72
18, 72
2, 72
0, 72
13, 72
0, 72
5, 72
2, 72
16, 72
2, 72
10, 72
46, 72
37, 72
7, 72
1, 72
2, 72
0, 72
69, 72
6, 72
10, 72
11, 72
13, 72
4, 72
25, 72
26, 72
1, 72
45, 72
0, 72
12, 72
21, 72
0, 72
15, 72
29, 72
2, 72
92, 92
13, 92
7, 92
6, 92
30, 92
8, 92
2, 92
0, 92
9, 92
12, 92
18, 92
2, 92
2, 92
32, 92
15, 92
27, 92
1, 92
11, 92
34, 92
6, 92
0, 92
25, 92
62, 92
22, 92
10, 92
21, 92
0, 92
0, 92
8, 92
20, 92
5, 92
28, 92
9, 92
4, 92
40, 92
16, 92
8, 92
7, 92
25, 92
4, 92
6, 92
0, 92
28, 92
8, 92
0, 92
12, 92
40, 92
1, 92
13, 92
0, 92
7, 92
8, 92
9, 92
29, 92
12, 92
6, 92
26, 92
34, 92
9, 92
20, 92
5, 92
16, 92
40, 92
0, 92
3, 92
21, 92
21, 92
35, 92
157, 157
7, 157
1, 157
1, 157
71, 157
52, 157
16, 157
17, 157
35, 157
0, 157
19, 157
37, 157
30, 157
33, 157
26, 157
70, 157
14, 157
73, 157
36, 157
19, 157
24, 157
64, 157
9, 157
38, 157
12, 157
153, 157
35, 157
12, 157
31, 157
30, 157
59, 157
7, 157
9, 157
28, 157
33, 157
3, 157
30, 157
17, 157
58, 157
10, 157
6, 157
49, 157
6, 157
18, 157
18, 157
0, 157
3, 157
11, 157
53, 157
76, 157
17, 157
10, 157
34, 157
50, 157
5, 157
15, 157
17, 157
9, 157
72, 157
12, 157
52, 157
64, 157
13, 157
25, 157
38, 157
33, 157
92, 157
17, 157
16, 157
47, 157
72, 157
67, 157
36, 157
112, 157
18, 157
15, 157
112, 157
35, 157
165, 165
7, 165
79, 165
44, 165
5, 165
28, 165
15, 165
2, 165
19, 165
4, 165
13, 165
30, 165
14, 165
0, 165
19, 165
63, 165
12, 165
39, 165
158, 165
2, 165
45, 165
6, 165
12, 165
23, 165
29, 165
9, 165
39, 165
20, 165
302, 302
20, 302
46, 302
18, 302
10, 302
11, 302
22, 302
103, 302
77, 302
8, 302
25, 302
22, 302
39, 302
70, 302
27, 302
21, 302
21, 302
127, 302
51, 302
31, 302
317, 317
12, 317
25, 317
79, 317
14, 317
40, 317
103, 317
6, 317
12, 317
406, 406
50, 406
85, 406
40, 406
34, 406
35, 406
18, 406
16, 406
66, 406
92, 406
257, 406
221, 406
51, 406
80, 406
59, 406
68, 406
28, 406
183, 406
135, 406
64, 406
315, 406
43, 406
40, 406
164, 406
96, 406
109, 406
150, 406
90, 406
7, 406
4, 406
387, 406
39, 406
85, 406
10, 406
47, 406
187, 406
17, 406
49, 406
121, 406
62, 406
22, 406
6, 406
102, 406
189, 406
25, 406
198, 406
57, 406
125, 406
76, 406
93, 406
9, 406
16, 406
97, 406
18, 406
319, 406
16, 406
36, 406
83, 406
156, 406
29, 406
137, 406
247, 406
6, 406
247, 406
38, 406
33, 406
22, 406
124, 406
24, 406
18, 406
176, 406
94, 406
59, 406
40, 406
56, 406
76, 406
53, 406
242, 406
16, 406
61, 406
49, 406
34, 406
45, 406
186, 406
116, 406
155, 406
24, 406
121, 406
19, 406
154, 406
6, 406
14, 406
87, 406
76, 406
59, 406
149, 406
166, 406
46, 406
233, 406
104, 406
203, 406
41, 406
74, 406
106, 406
11, 406
42, 406
9, 406
140, 406
97, 406
38, 406
60, 406
78, 406
87, 406
26, 406
72, 406
240, 406
7, 406
26, 406
9, 406
40, 406
120, 406
13, 406
25, 406
276, 406
28, 406
31, 406
305, 406
215, 406
29, 406
213, 406
50, 406
45, 406
8, 406
18, 406
16, 406
44, 406
58, 406
281, 406
117, 406
21, 406
10, 406
22, 406
65, 406
150, 406
36, 406
68, 406
31, 406
45, 406
146, 406
29, 406
20, 406
118, 406
16, 406
89, 406
56, 406
186, 406
72, 406
121, 406
93, 406
32, 406
2, 406
27, 406
173, 406
71, 406
22, 406
89, 406
83, 406
46, 406
4, 406
70, 406
14, 406
54, 406
26, 406
39, 406
40, 406
29, 406
52, 406
64, 406
131, 406
147, 406
18, 406
264, 406
11, 406
251, 406
9, 406
114, 406
84, 406
117, 406
10, 406
131, 406
11, 406
76, 406
62, 406
167, 406
100, 406
160, 406
53, 406
11, 406
227, 406
54, 406
20, 406
68, 406
52, 406
21, 406
274, 406
10, 406
28, 406
9, 406
24, 406
50, 406
77, 406
5, 406
70, 406
74, 406
11, 406
126, 406
12, 406
140, 406
11, 406
186, 406
87, 406
104, 406
25, 406
68, 406
121, 406
91, 406
16, 406
138, 406
32, 406
50, 406
256, 406
50, 406
57, 406
20, 406
147, 406
30, 406
105, 406
21, 406
70, 406
65, 406
115, 406
20, 406
32, 406
151, 406
22, 406
42, 406
59, 406
43, 406
16, 406
46, 406
186, 406
118, 406
63, 406
100, 406
31, 406
439, 439
27, 439
114, 439
134, 439
27, 439
151, 439
184, 439
12, 439
51, 439
169, 439
5, 439
9, 439
292, 439
35, 439
54, 439
54, 439
73, 439
62, 439
218, 439
64, 439
41, 439
275, 439
69, 439
109, 439
206, 439
36, 439
29, 439
73, 439
41, 439
223, 439
79, 439
34, 439
10, 439
55, 439
48, 439
118, 439
84, 439
93, 439
86, 439
54, 439
14, 439
288, 439
100, 439
177, 439
116, 439
42, 439
36, 439
212, 439
35, 439
9, 439
52, 439
132, 439
16, 439
130, 439
32, 439
167, 439
97, 439
16, 439
172, 439
137, 439
92, 439
76, 439
72, 439
45, 439
74, 439
148, 439
171, 439
41, 439
107, 439
85, 439
93, 439
51, 439
57, 439
51, 439
40, 439
360, 439
5, 439
151, 439
7, 439
17, 439
55, 439
102, 439
41, 439
56, 439
7, 439
169, 439
65, 439
45, 439
6, 439
41, 439
57, 439
17, 439
117, 439
157, 439
265, 439
124, 439
216, 439
106, 439
36, 439
234, 439
34, 439
60, 439
123, 439
38, 439
26, 439
257, 439
33, 439
3, 439
59, 439
38, 439
44, 439
57, 439
88, 439
59, 439
92, 439
92, 439
53, 439
256, 439
97, 439
25, 439
79, 439
23, 439
107, 439
59, 439
13, 439
183, 439
98, 439
31, 439
332, 439
186, 439
170, 439
41, 439
88, 439
17, 439
99, 439
26, 439
25, 439
69, 439
352, 439
302, 439
119, 439
108, 439
154, 439
161, 439
117, 439
162, 439
124, 439
20, 439
355, 439
18, 439
37, 439
200, 439
33, 439
58, 439
116, 439
21, 439
28, 439
20, 439
81, 439
29, 439
76, 439
54, 439
64, 439
238, 439
315, 439
230, 439
7, 439
127, 439
9, 439
55, 439
352, 439
103, 439
316, 439
84, 439
76, 439
101, 439
18, 439
44, 439
37, 439
31, 439
111, 439
77, 439
285, 439
199, 439
176, 439
149, 439
7, 439
79, 439
136, 439
109, 439
52, 439
20, 439
27, 439
150, 439
39, 439
189, 439
82, 439
63, 439
28, 439
188, 439
8, 439
48, 439
19, 439
35, 439
247, 439
32, 439
83, 439
139, 439
41, 439
39, 439
192, 439
314, 439
233, 439
226, 439
162, 439
131, 439
172, 439
165, 439
196, 439
200, 439
244, 439
91, 439
228, 439
55, 439
8, 439
46, 439
169, 439
96, 439
80, 439
86, 439
17, 439
157, 439
60, 439
27, 439
61, 439
84, 439
37, 439
52, 439
89, 439
66, 439
106, 439
63, 439
53, 439
284, 439
73, 439
27, 439
81, 439
73, 439
22, 439
242, 439
71, 439
78, 439
78, 439
23, 439
80, 439
16, 439
236, 439
18, 439
56, 439
41, 439
28, 439
212, 439
280, 439
26, 439
182, 439
103, 439
59, 439
2, 439
25, 439
132, 439
9, 439
7, 439
136, 439
48, 439
50, 439
33, 439
152, 439
144, 439
165, 439
166, 439
71, 439
87, 439
40, 439
7, 439
153, 439
67, 439
85, 439
45, 439
81, 439
186, 439
96, 439
55, 439
54, 439
38, 439
59, 439
83, 439
40, 439
91, 439
29, 439
112, 439
142, 439
12, 439
57, 439
58, 439
100, 439
198, 439
25, 439
95, 439
171, 439
226, 439
28, 439
107, 439
10, 439
25, 439
66, 439
203, 439
119, 439
238, 439
28, 439
342, 439
66, 439
209, 439
16, 439
55, 439
52, 439
98, 439
72, 439
49, 439
18, 439
279, 439
33, 439
49, 439
39, 439
16, 439
23, 439
36, 439
100, 439
129, 439
72, 439
3, 439
308, 439
6, 439
89, 439
194, 439
142, 439
30, 439
90, 439
52, 439
191, 439
146, 439
87, 439
17, 439
103, 439
279, 439
185, 439
43, 439
55, 439
75, 439
265, 439
47, 439
40, 439
37, 439
9, 439
155, 439
48, 439
53, 439
6, 439
3, 439
85, 439
35, 439
17, 439
15, 439
212, 439
9, 439
90, 439
21, 439
174, 439
81, 439
185, 439
40, 439
252, 439
101, 439
32, 439
49, 439
88, 439
153, 439
79, 439
237, 439
92, 439
11, 439
93, 439
32, 439
230, 439
10, 439
49, 439
100, 439
57, 439
11, 439
91, 439
102, 439
404, 439
61, 439
99, 439
304, 439
16, 439
194, 439
39, 439
83, 439
194, 439
250, 439
230, 439
185, 439
12, 439
51, 439
32, 439
242, 439
181, 439
53, 439
32, 439
226, 439
59, 439
249, 439
13, 439
125, 439
31, 439
4, 439
432, 439
9, 439
165, 439
182, 439
81, 439
115, 439
77, 439
29, 439
34, 439
61, 439
228, 439
200, 439
250, 439
91, 439
110, 439
122, 439
85, 439
190, 439
160, 439
43, 439
195, 439
103, 439
23, 439
3, 439
249, 439
68, 439
17, 439
198, 439
33, 439
129, 439
431, 439
37, 439
461, 461
183, 461
152, 461
43, 461
54, 461
335, 461
58, 461
36, 461
260, 461
55, 461
63, 461
21, 461
177, 461
254, 461
24, 461
85, 461
13, 461
149, 461
8, 461
11, 461
217, 461
62, 461
64, 461
136, 461
27, 461
50, 461
341, 461
30, 461
239, 461
141, 461
120, 461
239, 461
41, 461
21, 461
25, 461
56, 461
369, 461
116, 461
76, 461
139, 461
84, 461
62, 461
206, 461
130, 461
34, 461
98, 461
134, 461
443, 461
234, 461
317, 461
10, 461
76, 461
185, 461
197, 461
214, 461
10, 461
134, 461
8, 461
187, 461
50, 461
23, 461
112, 461
38, 461
117, 461
101, 461
35, 461
107, 461
50, 461
83, 461
219, 461
302, 461
18, 461
51, 461
454, 461
111, 461
148, 461
48, 461
308, 461
221, 461
226, 461
43, 461
216, 461
159, 461
103, 461
58, 461
35, 461
38, 461
182, 461
199, 461
78, 461
454, 461
134, 461
73, 461
344, 461
474, 474
27, 474
288, 474
38, 474
35, 474
43, 474
42, 474
403, 474
93, 474
106, 474
105, 474
151, 474
30, 474
41, 474
65, 474
55, 474
327, 474
14, 474
42, 474
369, 474
315, 474
66, 474
255, 474
26, 474
18, 474
94, 474
5, 474
129, 474
127, 474
22, 474
16, 474
68, 474
18, 474
46, 474
88, 474
135, 474
26, 474
79, 474
364, 474
21, 474
38, 474
195, 474
29, 474
126, 474
142, 474
171, 474
74, 474
20, 474
101, 474
57, 474
177, 474
136, 474
75, 474
28, 474
58, 474
312, 474
67, 474
45, 474
113, 474
35, 474
127, 474
693, 693
209, 693
42, 693
95, 693
47, 693
51, 693
83, 693
86, 693
42, 693
183, 693
9, 693
122, 693
328, 693
261, 693
70, 693
379, 693
93, 693
141, 693
25, 693
24, 693
621, 693
210, 693
40, 693
233, 693
196, 693
53, 693
9, 693
26, 693
86, 693
87, 693
132, 693
391, 693
47, 693
12, 693
29, 693
184, 693
32, 693
11, 693
61, 693
122, 693
126, 693
294, 693
214, 693
37, 693
11, 693
35, 693
37, 693
233, 693
190, 693
22, 693
115, 693
130, 693
338, 693
21, 693
14, 693
320, 693
95, 693
47, 693
134, 693
28, 693
126, 693
80, 693
79, 693
33, 693
187, 693
230, 693
119, 693
41, 693
200, 693
147, 693
69, 693
142, 693
444, 693
22, 693
37, 693
136, 693
102, 693
294, 693
20, 693
306, 693
38, 693
91, 693
19, 693
87, 693
65, 693
253, 693
4, 693
37, 693
103, 693
104, 693
111, 693
63, 693
46, 693
26, 693
354, 693
32, 693
177, 693
6, 693
37, 693
26, 693
33, 693
316, 693
89, 693
159, 693
88, 693
50, 693
38, 693
16, 693
7, 693
18, 693
5, 693
29, 693
198, 693
237, 693
80, 693
13, 693
156, 693
128, 693
15, 693
90, 693
57, 693
24, 693
135, 693
389, 693
115, 693
61, 693
23, 693
10, 693
60, 693
88, 693
178, 693
88, 693
219, 693
389, 693
224, 693
22, 693
417, 693
125, 693
26, 693
114, 693
28, 693
47, 693
81, 693
259, 693
52, 693
308, 693
14, 693
166, 693
98, 693
58, 693
30, 693
362, 693
94, 693
121, 693
58, 693
178, 693
147, 693
3, 693
587, 693
516, 693
14, 693
200, 693
186, 693
30, 693
209, 693
42, 693
115, 693
21, 693
7, 693
72, 693
474, 693
229, 693
632, 693
126, 693
509, 693
17, 693
36, 693
76, 693
38, 693
51, 693
73, 693
25, 693
113, 693
296, 693
9, 693
20, 693
66, 693
62, 693
4, 693
55, 693
24, 693
225, 693
78, 693
177, 693
43, 693
138, 693
165, 693
113, 693
4, 693
208, 693
168, 693
89, 693
162, 693
146, 693
50, 693
11, 693
227, 693
36, 693
184, 693
288, 693
228, 693
57, 693
92, 693
178, 693
959, 959
10, 959
156, 959
526, 959
314, 959
20, 959
106, 959
152, 959
119, 959
17, 959
35, 959
21, 959
87, 959
227, 959
40, 959
159, 959
204, 959
302, 959
132, 959
242, 959
147, 959
6, 959
73, 959
451, 959
291, 959
32, 959
24, 959
59, 959
87, 959
21, 959
138, 959
89, 959
66, 959
93, 959
176, 959
163, 959
214, 959
257, 959
7, 959
58, 959
151, 959
321, 959
201, 959
621, 959
111, 959
44, 959
163, 959
12, 959
5, 959
334, 959
65, 959
606, 959
315, 959
163, 959
116, 959
22, 959
64, 959
121, 959
65, 959
60, 959
161, 959
10, 959
35, 959
28, 959
123, 959
127, 959
229, 959
108, 959
15, 959
972, 972
177, 972
242, 972
28, 972
183, 972
38, 972
414, 972
150, 972
115, 972
394, 972
225, 972
51, 972
124, 972
2872, 2872
197, 2872
150, 2872
359, 2872
109, 2872
57, 2872
408, 2872
315, 2872
512, 2872
88, 2872
255, 2872
276, 2872
260, 2872
456, 2872
465, 2872
21, 2872
377, 2872
175, 2872
55, 2872
365, 2872
354, 2872
66, 2872
241, 2872
469, 2872
82, 2872
228, 2872
68, 2872
84, 2872
82, 2872
14, 2872
184, 2872
149, 2872
143, 2872
267, 2872
156, 2872
212, 2872
659, 2872
1014, 2872
237, 2872
504, 2872
33, 2872
131, 2872
149, 2872
41, 2872
46, 2872
85, 2872
15, 2872
35, 2872
15, 2872
202, 2872
83, 2872
465, 2872
54, 2872
114, 2872
56, 2872
367, 2872
12, 2872
322, 2872
47, 2872
55, 2872
687, 2872
161, 2872
35, 2872
561, 2872
575, 2872
385, 2872
9, 2872
101, 2872
384, 2872
98, 2872
492, 2872
500, 2872
179, 2872
326, 2872
106, 2872
669, 2872
114, 2872
63, 2872
423, 2872
560, 2872
88, 2872
521, 2872
328, 2872
1961, 2872
61, 2872
118, 2872
373, 2872
1627, 2872
179, 2872
94, 2872
603, 2872
290, 2872
237, 2872
378, 2872
1663, 2872
1117, 2872
518, 2872
1671, 2872
607, 2872
10, 2872
168, 2872
533, 2872
344, 2872
68, 2872
804, 2872
227, 2872
10, 2872
524, 2872
870, 2872
466, 2872
955, 2872
112, 2872
166, 2872
511, 2872
91, 2872
610, 2872
470, 2872
692, 2872
122, 2872
448, 2872
184, 2872
458, 2872
1344, 2872
272, 2872
161, 2872
264, 2872
72, 2872
133, 2872
124, 2872
20, 2872
114, 2872
125, 2872
775, 2872
1039, 2872
605, 2872
165, 2872
147, 2872
79, 2872
7, 2872
224, 2872
203, 2872
20, 2872
55, 2872
252, 2872
140, 2872
61, 2872
137, 2872
134, 2872
102, 2872
375, 2872
231, 2872
340, 2872
248, 2872
119, 2872
409, 2872
552, 2872
1139, 2872
170, 2872
657, 2872
373, 2872
109, 2872
340, 2872
26, 2872
35, 2872
42, 2872
275, 2872
259, 2872
32, 2872
1103, 2872
303, 2872
19, 2872
91, 2872
144, 2872
37, 2872
336, 2872
529, 2872
312, 2872
709, 2872
60, 2872
322, 2872
260, 2872
571, 2872
146, 2872
465, 2872
76, 2872
1915, 2872
431, 2872
492, 2872
587, 2872
13, 2872
788, 2872
76, 2872
776, 2872
339, 2872
158, 2872
55, 2872
2420, 2872
306, 2872
141, 2872
1118, 2872
189, 2872
107, 2872
243, 2872
104, 2872
72, 2872
79, 2872
438, 2872
9, 2872
7, 2872
188, 2872
73, 2872
247, 2872
496, 2872
204, 2872
128, 2872
941, 2872
447, 2872
259, 2872
249, 2872
815, 2872
189, 2872
250, 2872
906, 2872
308, 2872
523, 2872
247, 2872
196, 2872
748, 2872
182, 2872
82, 2872
580, 2872
62, 2872
151, 2872
615, 2872
253, 2872
224, 2872
356, 2872
192, 2872
392, 2872
10, 2872
4, 2872
66, 2872
234, 2872
58, 2872
117, 2872
194, 2872
11, 2872
217, 2872
175, 2872
113, 2872
473, 2872
224, 2872
10, 2872
369, 2872
58, 2872
210, 2872
322, 2872
451, 2872
300, 2872
195, 2872
423, 2872
328, 2872
300, 2872
280, 2872
831, 2872
238, 2872
482, 2872
111, 2872
83, 2872
417, 2872
489, 2872
707, 2872
154, 2872
422, 2872
26, 2872
373, 2872
238, 2872
10, 2872
58, 2872
273, 2872
83, 2872
141, 2872
349, 2872
36, 2872
221, 2872
692, 2872
1516, 2872
236, 2872
750, 2872
127, 2872
110, 2872
186, 2872
883, 2872
8, 2872
812, 2872
625, 2872
137, 2872
684, 2872
7, 2872
46, 2872
228, 2872
2353, 2872
722, 2872
1304, 2872
160, 2872
592, 2872
323, 2872
310, 2872
15, 2872
178, 2872
42, 2872
1043, 2872
21, 2872
57, 2872
159, 2872
68, 2872
262, 2872
526, 2872
82, 2872
569, 2872
27, 2872
31, 2872
1006, 2872
494, 2872
631, 2872
223, 2872
380, 2872
745, 2872
219, 2872
166, 2872
725, 2872
451, 2872
295, 2872
351, 2872
175, 2872
1077, 2872
73, 2872
28, 2872
46, 2872
252, 2872
47, 2872
774, 2872
640, 2872
104, 2872
419, 2872
686, 2872
63, 2872
1259, 2872
1462, 2872
637, 2872
42, 2872
198, 2872
51, 2872
476, 2872
37, 2872
321, 2872
1080, 2872
115, 2872
687, 2872
23, 2872
2075, 2872
422, 2872
155, 2872
299, 2872
892, 2872
768, 2872
113, 2872
415, 2872
149, 2872
387, 2872
389, 2872
381, 2872
157, 2872
821, 2872
79, 2872
165, 2872
116, 2872
726, 2872
463, 2872
166, 2872
161, 2872
1060, 2872
298, 2872
48, 2872
651, 2872
917, 2872
150, 2872
7, 2872
91, 2872
16, 2872
983, 2872
44, 2872
1437, 2872
167, 2872
326, 2872
269, 2872
261, 2872
140, 2872
342, 2872
288, 2872
205, 2872
69, 2872
225, 2872
139, 2872
118, 2872
1262, 2872
145, 2872
660, 2872
801, 2872
55, 2872
400, 2872
129, 2872
31, 2872
494, 2872
736, 2872
222, 2872
100, 2872
283, 2872
816, 2872
221, 2872
66, 2872
968, 2872
300, 2872
549, 2872
287, 2872
18, 2872
293, 2872
949, 2872
273, 2872
446, 2872
15, 2872
1423, 2872
62, 2872
7, 2872
123, 2872
914, 2872
659, 2872
506, 2872
1250, 2872
139, 2872
355, 2872
516, 2872
59, 2872
628, 2872
8, 2872
187, 2872
76, 2872
285, 2872
105, 2872
129, 2872
144, 2872
13, 2872
377, 2872
278, 2872
2042, 2872
110, 2872
294, 2872
22, 2872
1020, 2872
675, 2872
276, 2872
723, 2872
236, 2872
273, 2872
578, 2872
435, 2872
901, 2872
215, 2872
64, 2872
400, 2872
1303, 2872
36, 2872
794, 2872
395, 2872
414, 2872
269, 2872
10, 2872
361, 2872
80, 2872
104, 2872
115, 2872
293, 2872
185, 2872
518, 2872
138, 2872
138, 2872
261, 2872
86, 2872
177, 2872
53, 2872
184, 2872
116, 2872
577, 2872
430, 2872
921, 2872
88, 2872
47, 2872
48, 2872
399, 2872
219, 2872
971, 2872
199, 2872
113, 2872
665, 2872
515, 2872
312, 2872
157, 2872
467, 2872
37, 2872
229, 2872
34, 2872
386, 2872
526, 2872
156, 2872
796, 2872
1237, 2872
539, 2872
545, 2872
111, 2872
373, 2872
188, 2872
300, 2872
303, 2872
127, 2872
399, 2872
26, 2872
599, 2872
675, 2872
167, 2872
573, 2872
476, 2872
5, 2872
400, 2872
545, 2872
552, 2872
51, 2872
287, 2872
307, 2872
344, 2872
77, 2872
874, 2872
398, 2872
21, 2872
715, 2872
444, 2872
610, 2872
82, 2872
119, 2872
191, 2872
534, 2872
607, 2872
188, 2872
1296, 2872
9, 2872
5, 2872
8, 2872
214, 2872
85, 2872
47, 2872
43, 2872
43, 2872
59, 2872
47, 2872
359, 2872
88, 2872
500, 2872
721, 2872
143, 2872
493, 2872
124, 2872
15, 2872
357, 2872
62, 2872
1113, 2872
50, 2872
223, 2872
691, 2872
1287, 2872
26, 2872
146, 2872
199, 2872
162, 2872
1375, 2872
184, 2872
563, 2872
1006, 2872
277, 2872
188, 2872
324, 2872
116, 2872
56, 2872
664, 2872
288, 2872
141, 2872
460, 2872
806, 2872
485, 2872
152, 2872
344, 2872
316, 2872
518, 2872
454, 2872
79, 2872
367, 2872
244, 2872
78, 2872
60, 2872
574, 2872
9, 2872
1344, 2872
226, 2872
617, 2872
52, 2872
175, 2872
176, 2872
1260, 2872
136, 2872
630, 2872
267, 2872
132, 2872
76, 2872
596, 2872
217, 2872
150, 2872
335, 2872
102, 2872
627, 2872
93, 2872
275, 2872
507, 2872
137, 2872
238, 2872
86, 2872
432, 2872
20, 2872
33, 2872
226, 2872
83, 2872
62, 2872
103, 2872
87, 2872
50, 2872
246, 2872
472, 2872
22, 2872
1119, 2872
12, 2872
48, 2872
282, 2872
486, 2872
149, 2872
87, 2872
391, 2872
29, 2872
109, 2872
249, 2872
74, 2872
109, 2872
593, 2872
139, 2872
398, 2872
415, 2872
601, 2872
297, 2872
95, 2872
1277, 2872
117, 2872
182, 2872
401, 2872
271, 2872
609, 2872
174, 2872
220, 2872
176, 2872
111, 2872
144, 2872
215, 2872
117, 2872
132, 2872
573, 2872
57, 2872
11, 2872
443, 2872
266, 2872
808, 2872
1297, 2872
81, 2872
235, 2872
35, 2872
412, 2872
85, 2872
29, 2872
795, 2872
177, 2872
437, 2872
430, 2872
45, 2872
201, 2872
19, 2872
766, 2872
647, 2872
77, 2872
106, 2872
162, 2872
251, 2872
126, 2872
560, 2872
495, 2872
347, 2872
418, 2872
30, 2872
150, 2872
148, 2872
123, 2872
98, 2872
10, 2872
228, 2872
274, 2872
466, 2872
341, 2872
198, 2872
241, 2872
32, 2872
148, 2872
1552, 2872
477, 2872
129, 2872
2017, 2872
70, 2872
775, 2872
182, 2872
1091, 2872
422, 2872
203, 2872
115, 2872
106, 2872
355, 2872
35, 2872
1176, 2872
365, 2872
311, 2872
241, 2872
7, 2872
435, 2872
654, 2872
21, 2872
644, 2872
780, 2872
50, 2872
661, 2872
107, 2872
95, 2872
12, 2872
524, 2872
123, 2872
263, 2872
385, 2872
312, 2872
305, 2872
104, 2872
90, 2872
243, 2872
85, 2872
328, 2872
445, 2872
698, 2872
37, 2872
85, 2872
95, 2872
330, 2872
476, 2872
141, 2872
64, 2872
279, 2872
95, 2872
5, 2872
231, 2872
262, 2872
46, 2872
664, 2872
78, 2872
1056, 2872
379, 2872
233, 2872
585, 2872
1743, 2872
415, 2872
52, 2872
918, 2872
142, 2872
1338, 2872
298, 2872
96, 2872
488, 2872
3, 2872
171, 2872
63, 2872
112, 2872
178, 2872
353, 2872
141, 2872
120, 2872
384, 2872
312, 2872
44, 2872
70, 2872
171, 2872
413, 2872
762, 2872
12, 2872
737, 2872
225, 2872
461, 2872
255, 2872
1044, 2872
185, 2872
235, 2872
504, 2872
199, 2872
16, 2872
400, 2872
33, 2872
648, 2872
193, 2872
556, 2872
1618, 2872
220, 2872
443, 2872
75, 2872
380, 2872
220, 2872
617, 2872
131, 2872
887, 2872
197, 2872
131, 2872
139, 2872
265, 2872
660, 2872
71, 2872
134, 2872
633, 2872
192, 2872
444, 2872
208, 2872
143, 2872
32, 2872
575, 2872
364, 2872
456, 2872
463, 2872
197, 2872
622, 2872
329, 2872
29, 2872
395, 2872
239, 2872
1348, 2872
43, 2872
375, 2872
500, 2872
465, 2872
660, 2872
230, 2872
56, 2872
101, 2872
171, 2872
41, 2872
330, 2872
340, 2872
284, 2872
77, 2872
176, 2872
2024, 2872
481, 2872
1322, 2872
86, 2872
781, 2872
221, 2872
181, 2872
719, 2872
1963, 2872
531, 2872
101, 2872
93, 2872
366, 2872
460, 2872
21, 2872
204, 2872
150, 2872
71, 2872
118, 2872
321, 2872
492, 2872
468, 2872
176, 2872
61, 2872
401, 2872
235, 2872
56, 2872
86, 2872
15, 2872
244, 2872
292, 2872
19, 2872
63, 2872
316, 2872
119, 2872
841, 2872
311, 2872
274, 2872
459, 2872
232, 2872
75, 2872
490, 2872
51, 2872
127, 2872
249, 2872
291, 2872
243, 2872
167, 2872
102, 2872
163, 2872
587, 2872
63, 2872
104, 2872
245, 2872
1475, 2872
41, 2872
302, 2872
126, 2872
344, 2872
513, 2872
337, 2872
96, 2872
1834, 2872
893, 2872
135, 2872
630, 2872
516, 2872
477, 2872
297, 2872
374, 2872
238, 2872
742, 2872
374, 2872
554, 2872
1395, 2872
119, 2872
1741, 2872
129, 2872
235, 2872
20, 2872
45, 2872
186, 2872
120, 2872
368, 2872
134, 2872
233, 2872
89, 2872
60, 2872
206, 2872
23, 2872
399, 2872
47, 2872
96, 2872
429, 2872
1521, 2872
351, 2872
174, 2872
1110, 2872
350, 2872
345, 2872
4, 2872
502, 2872
9, 2872
142, 2872
269, 2872
271, 2872
131, 2872
234, 2872
14, 2872
126, 2872
822, 2872
157, 2872
230, 2872
236, 2872
565, 2872
75, 2872
143, 2872
42, 2872
376, 2872
81, 2872
284, 2872
120, 2872
538, 2872
261, 2872
9, 2872
32, 2872
313, 2872
360, 2872
77, 2872
406, 2872
386, 2872
94, 2872
370, 2872
314, 2872
196, 2872
695, 2872
62, 2872
191, 2872
295, 2872
873, 2872
53, 2872
67, 2872
99, 2872
256, 2872
42, 2872
125, 2872
180, 2872
1003, 2872
110, 2872
535, 2872
271, 2872
1654, 2872
29, 2872
170, 2872
377, 2872
373, 2872
166, 2872
439, 2872
1608, 2872
207, 2872
120, 2872
331, 2872
45, 2872
33, 2872
75, 2872
730, 2872
