#Algorithm: SARSA, Speed: 1, Boost: 1, PM: False, Env size: (20, 20), Car size: (3, 2),
#Counter: 1000000, Nsteps: 10000000, Gamma: 1, LearnRate: 0.01, Eps: 0.5, Epsdecay: 0.9
7, 7
3, 7
4, 7
2, 7
38, 38
82, 82
47, 82
20, 82
41, 82
66, 82
38, 82
64, 82
56, 82
81, 82
58, 82
81, 82
86, 86
38, 86
55, 86
48, 86
77, 86
66, 86
67, 86
49, 86
34, 86
94, 94
66, 94
125, 125
55, 125
115, 125
52, 125
64, 125
97, 125
34, 125
27, 125
53, 125
59, 125
43, 125
89, 125
60, 125
83, 125
33, 125
44, 125
70, 125
70, 125
118, 125
62, 125
62, 125
62, 125
51, 125
46, 125
64, 125
57, 125
54, 125
88, 125
73, 125
97, 125
72, 125
83, 125
92, 125
63, 125
101, 125
59, 125
49, 125
75, 125
87, 125
38, 125
92, 125
36, 125
101, 125
89, 125
58, 125
50, 125
82, 125
73, 125
63, 125
36, 125
44, 125
70, 125
70, 125
56, 125
131, 131
64, 131
47, 131
101, 131
45, 131
107, 131
159, 159
33, 159
105, 159
49, 159
71, 159
51, 159
52, 159
44, 159
42, 159
115, 159
63, 159
164, 164
40, 164
70, 164
94, 164
52, 164
121, 164
59, 164
57, 164
37, 164
69, 164
55, 164
60, 164
101, 164
81, 164
79, 164
34, 164
9, 164
53, 164
127, 164
45, 164
86, 164
30, 164
207, 207
100, 207
205, 207
104, 207
108, 207
203, 207
218, 218
61, 218
93, 218
18, 218
64, 218
151, 218
108, 218
107, 218
87, 218
60, 218
62, 218
160, 218
42, 218
35, 218
273, 273
45, 273
50, 273
57, 273
29, 273
274, 274
189, 274
24, 274
34, 274
63, 274
53, 274
29, 274
150, 274
42, 274
89, 274
45, 274
91, 274
25, 274
25, 274
44, 274
18, 274
141, 274
126, 274
74, 274
321, 321
30, 321
75, 321
85, 321
183, 321
67, 321
154, 321
74, 321
66, 321
61, 321
95, 321
127, 321
290, 321
88, 321
117, 321
945, 945
2001, 2001
2001, 2001
2001, 2001
2001, 2001
2001, 2001
2001, 2001
2001, 2001
2001, 2001
2001, 2001
2001, 2001
2001, 2001
2001, 2001
2001, 2001
2001, 2001
2001, 2001
2001, 2001
2001, 2001
2001, 2001
2001, 2001
2001, 2001
2001, 2001
2001, 2001
2001, 2001
2001, 2001
2001, 2001
2001, 2001
2001, 2001
2001, 2001
2001, 2001
2001, 2001
2001, 2001
2001, 2001
2001, 2001
2001, 2001
2001, 2001
2001, 2001
2001, 2001
2001, 2001
2001, 2001
2001, 2001
2001, 2001
2001, 2001
2001, 2001
2001, 2001
2001, 2001
2001, 2001
2001, 2001
2001, 2001
2001, 2001
2001, 2001
2001, 2001
2001, 2001
2001, 2001
2001, 2001
2001, 2001
2001, 2001
2001, 2001
2001, 2001
2001, 2001
2001, 2001
2001, 2001
2001, 2001
2001, 2001
2001, 2001
2001, 2001
2001, 2001
2001, 2001
2001, 2001
2001, 2001
2001, 2001
#Algorithm: SARSA, Speed: 1, Boost: 1, PM: False, Env size: (20, 20), Car size: (3, 2),
#Counter: 1000000, Nsteps: 10000000, Gamma: 1, LearnRate: 0.01, Eps: 0.5, Epsdecay: 0.9
13, 13
6, 13
4, 13
5, 13
9, 13
6, 13
1, 13
21, 21
0, 21
4, 21
48, 48
30, 48
50, 50
73, 73
121, 121
47, 121
78, 121
62, 121
40, 121
81, 121
19, 121
149, 149
53, 149
250, 250
53, 250
23, 250
23, 250
40, 250
65, 250
13, 250
105, 250
163, 250
32, 250
31, 250
31, 250
239, 250
96, 250
121, 250
117, 250
103, 250
59, 250
90, 250
44, 250
75, 250
108, 250
107, 250
193, 250
60, 250
190, 250
121, 250
102, 250
81, 250
73, 250
107, 250
154, 250
75, 250
144, 250
178, 250
215, 250
65, 250
56, 250
59, 250
114, 250
22, 250
74, 250
43, 250
109, 250
123, 250
37, 250
147, 250
59, 250
78, 250
91, 250
106, 250
72, 250
107, 250
133, 250
47, 250
62, 250
119, 250
25, 250
77, 250
70, 250
50, 250
111, 250
50, 250
110, 250
74, 250
97, 250
69, 250
90, 250
136, 250
71, 250
255, 255
40, 255
112, 255
123, 255
34, 255
30, 255
100, 255
168, 255
64, 255
74, 255
298, 298
146, 298
124, 298
27, 298
67, 298
104, 298
68, 298
23, 298
108, 298
119, 298
158, 298
46, 298
77, 298
77, 298
56, 298
136, 298
180, 298
55, 298
78, 298
33, 298
62, 298
66, 298
61, 298
136, 298
51, 298
104, 298
46, 298
58, 298
55, 298
99, 298
152, 298
135, 298
24, 298
50, 298
71, 298
43, 298
9, 298
104, 298
86, 298
55, 298
67, 298
147, 298
202, 298
44, 298
776, 776
66, 776
100, 776
342, 776
143, 776
144, 776
1138, 1138
193, 1138
20, 1138
417, 1138
103, 1138
68, 1138
443, 1138
477, 1138
209, 1138
407, 1138
95, 1138
157, 1138
189, 1138
265, 1138
87, 1138
283, 1138
484, 1138
257, 1138
583, 1138
179, 1138
451, 1138
803, 1138
412, 1138
1021, 1138
161, 1138
60, 1138
566, 1138
197, 1138
86, 1138
162, 1138
44, 1138
405, 1138
271, 1138
196, 1138
38, 1138
133, 1138
584, 1138
279, 1138
261, 1138
76, 1138
132, 1138
328, 1138
238, 1138
264, 1138
89, 1138
447, 1138
30, 1138
94, 1138
117, 1138
317, 1138
756, 1138
103, 1138
96, 1138
246, 1138
59, 1138
170, 1138
150, 1138
128, 1138
629, 1138
265, 1138
49, 1138
376, 1138
236, 1138
40, 1138
296, 1138
208, 1138
123, 1138
428, 1138
48, 1138
327, 1138
93, 1138
440, 1138
203, 1138
326, 1138
50, 1138
164, 1138
116, 1138
439, 1138
420, 1138
106, 1138
486, 1138
174, 1138
305, 1138
350, 1138
425, 1138
172, 1138
52, 1138
321, 1138
143, 1138
74, 1138
72, 1138
136, 1138
479, 1138
39, 1138
64, 1138
64, 1138
143, 1138
#Algorithm: SARSA, Speed: 1, Boost: 1, PM: False, Env size: (20, 20), Car size: (3, 2),
#Counter: 1000000, Nsteps: 10000000, Gamma: 1, LearnRate: 0.01, Eps: 0.5, Epsdecay: 0.9
5, 5
6, 6
21, 21
0, 21
37, 37
38, 38
79, 79
41, 79
58, 79
76, 79
110, 110
41, 110
130, 130
62, 130
45, 130
65, 130
153, 153
12, 153
44, 153
2, 153
40, 153
37, 153
75, 153
158, 158
27, 158
91, 158
48, 158
89, 158
58, 158
63, 158
52, 158
75, 158
35, 158
83, 158
95, 158
73, 158
47, 158
22, 158
101, 158
10, 158
3, 158
54, 158
48, 158
38, 158
53, 158
27, 158
74, 158
65, 158
14, 158
1, 158
23, 158
95, 158
80, 158
110, 158
42, 158
37, 158
36, 158
55, 158
29, 158
41, 158
63, 158
102, 158
43, 158
52, 158
73, 158
55, 158
60, 158
45, 158
80, 158
31, 158
56, 158
71, 158
73, 158
72, 158
209, 209
60, 209
28, 209
35, 209
55, 209
31, 209
42, 209
55, 209
35, 209
99, 209
119, 209
132, 209
43, 209
48, 209
44, 209
42, 209
60, 209
22, 209
30, 209
58, 209
13, 209
36, 209
87, 209
61, 209
25, 209
65, 209
109, 209
33, 209
55, 209
53, 209
102, 209
131, 209
85, 209
116, 209
176, 209
30, 209
82, 209
36, 209
158, 209
63, 209
18, 209
130, 209
111, 209
70, 209
74, 209
28, 209
36, 209
64, 209
48, 209
34, 209
39, 209
58, 209
111, 209
15, 209
41, 209
42, 209
34, 209
3, 209
6, 209
20, 209
94, 209
75, 209
37, 209
56, 209
20, 209
18, 209
16, 209
68, 209
102, 209
54, 209
38, 209
10, 209
45, 209
90, 209
83, 209
34, 209
91, 209
80, 209
30, 209
56, 209
101, 209
74, 209
52, 209
41, 209
44, 209
245, 245
106, 245
37, 245
85, 245
56, 245
48, 245
4, 245
5, 245
4, 245
95, 245
64, 245
137, 245
48, 245
26, 245
36, 245
8, 245
77, 245
166, 245
40, 245
51, 245
32, 245
0, 245
20, 245
38, 245
90, 245
25, 245
66, 245
312, 312
55, 312
64, 312
167, 312
66, 312
7, 312
25, 312
8, 312
17, 312
68, 312
110, 312
166, 312
65, 312
25, 312
25, 312
15, 312
195, 312
70, 312
31, 312
292, 312
31, 312
100, 312
67, 312
4, 312
62, 312
11, 312
64, 312
51, 312
51, 312
48, 312
65, 312
4, 312
12, 312
63, 312
234, 312
242, 312
184, 312
35, 312
40, 312
141, 312
73, 312
86, 312
63, 312
41, 312
63, 312
282, 312
171, 312
50, 312
223, 312
51, 312
97, 312
97, 312
160, 312
2, 312
41, 312
0, 312
116, 312
87, 312
75, 312
42, 312
80, 312
3, 312
8, 312
6, 312
#Algorithm: SARSA, Speed: 1, Boost: 1, PM: False, Env size: (20, 20), Car size: (3, 2),
#Counter: 1000000, Nsteps: 10000000, Gamma: 1, LearnRate: 0.01, Eps: 0.5, Epsdecay: 0.9
14, 14
9, 14
4, 14
0, 14
5, 14
0, 14
1, 14
3, 14
1, 14
3, 14
33, 33
3, 33
9, 33
2, 33
7, 33
10, 33
33, 33
28, 33
0, 33
9, 33
17, 33
3, 33
21, 33
26, 33
27, 33
7, 33
5, 33
0, 33
15, 33
33, 33
30, 33
22, 33
27, 33
7, 33
8, 33
7, 33
11, 33
6, 33
20, 33
31, 33
5, 33
0, 33
4, 33
7, 33
3, 33
2, 33
7, 33
4, 33
19, 33
44, 44
2, 44
46, 46
3, 46
14, 46
9, 46
34, 46
10, 46
30, 46
1, 46
9, 46
4, 46
12, 46
17, 46
11, 46
8, 46
8, 46
5, 46
4, 46
0, 46
16, 46
20, 46
9, 46
1, 46
0, 46
9, 46
41, 46
8, 46
4, 46
2, 46
1, 46
30, 46
10, 46
0, 46
14, 46
8, 46
16, 46
0, 46
0, 46
6, 46
3, 46
0, 46
4, 46
5, 46
5, 46
4, 46
13, 46
39, 46
11, 46
17, 46
19, 46
8, 46
6, 46
9, 46
2, 46
0, 46
33, 46
9, 46
15, 46
11, 46
8, 46
8, 46
13, 46
3, 46
33, 46
4, 46
9, 46
15, 46
36, 46
22, 46
36, 46
45, 46
55, 55
42, 55
42, 55
19, 55
17, 55
38, 55
25, 55
28, 55
100, 100
51, 100
21, 100
16, 100
37, 100
40, 100
28, 100
41, 100
56, 100
63, 100
16, 100
24, 100
57, 100
57, 100
36, 100
13, 100
24, 100
60, 100
36, 100
13, 100
19, 100
50, 100
31, 100
30, 100
34, 100
26, 100
34, 100
30, 100
22, 100
24, 100
29, 100
29, 100
25, 100
41, 100
42, 100
35, 100
35, 100
20, 100
90, 100
23, 100
17, 100
71, 100
26, 100
24, 100
72, 100
14, 100
26, 100
41, 100
57, 100
48, 100
26, 100
45, 100
42, 100
23, 100
31, 100
27, 100
74, 100
97, 100
87, 100
41, 100
31, 100
29, 100
52, 100
13, 100
80, 100
238, 238
735, 735
22, 735
77, 735
393, 735
55, 735
887, 887
24, 887
306, 887
58, 887
326, 887
28, 887
113, 887
139, 887
146, 887
30, 887
451, 887
51, 887
295, 887
64, 887
30, 887
16, 887
150, 887
95, 887
43, 887
188, 887
196, 887
326, 887
164, 887
239, 887
347, 887
233, 887
32, 887
61, 887
631, 887
641, 887
381, 887
235, 887
421, 887
740, 887
241, 887
222, 887
1557, 1557
32, 1557
81, 1557
191, 1557
533, 1557
187, 1557
171, 1557
375, 1557
683, 1557
429, 1557
76, 1557
51, 1557
35, 1557
285, 1557
#Algorithm: SARSA, Speed: 1, Boost: 1, PM: False, Env size: (20, 20), Car size: (3, 2),
#Counter: 1000000, Nsteps: 10000000, Gamma: 1, LearnRate: 0.01, Eps: 0.5, Epsdecay: 0.9
3, 3
9, 9
21, 21
71, 71
50, 71
172, 172
27, 172
75, 172
299, 299
292, 299
86, 299
216, 299
155, 299
86, 299
35, 299
111, 299
120, 299
201, 299
89, 299
416, 416
144, 416
117, 416
48, 416
414, 416
108, 416
128, 416
61, 416
115, 416
99, 416
157, 416
274, 416
253, 416
207, 416
286, 416
188, 416
42, 416
361, 416
63, 416
58, 416
95, 416
133, 416
122, 416
515, 515
146, 515
196, 515
115, 515
110, 515
105, 515
57, 515
81, 515
437, 515
460, 515
305, 515
221, 515
273, 515
69, 515
85, 515
118, 515
367, 515
115, 515
247, 515
52, 515
325, 515
194, 515
129, 515
309, 515
82, 515
169, 515
169, 515
307, 515
192, 515
121, 515
183, 515
76, 515
132, 515
109, 515
378, 515
56, 515
118, 515
103, 515
61, 515
73, 515
198, 515
277, 515
116, 515
99, 515
141, 515
103, 515
96, 515
53, 515
113, 515
90, 515
184, 515
98, 515
46, 515
122, 515
246, 515
247, 515
139, 515
323, 515
138, 515
117, 515
129, 515
163, 515
248, 515
97, 515
137, 515
183, 515
134, 515
246, 515
95, 515
231, 515
120, 515
269, 515
338, 515
125, 515
76, 515
52, 515
107, 515
76, 515
68, 515
81, 515
174, 515
90, 515
255, 515
722, 722
103, 722
283, 722
316, 722
214, 722
79, 722
55, 722
37, 722
243, 722
199, 722
284, 722
105, 722
314, 722
575, 722
82, 722
90, 722
305, 722
117, 722
144, 722
412, 722
192, 722
169, 722
73, 722
192, 722
114, 722
276, 722
48, 722
135, 722
64, 722
97, 722
104, 722
492, 722
58, 722
111, 722
45, 722
106, 722
137, 722
210, 722
163, 722
45, 722
263, 722
979, 979
260, 979
70, 979
139, 979
116, 979
161, 979
240, 979
339, 979
65, 979
488, 979
165, 979
70, 979
220, 979
106, 979
99, 979
436, 979
85, 979
89, 979
69, 979
216, 979
93, 979
66, 979
166, 979
118, 979
642, 979
121, 979
124, 979
522, 979
90, 979
341, 979
112, 979
98, 979
189, 979
266, 979
160, 979
152, 979
195, 979
74, 979
157, 979
192, 979
255, 979
219, 979
142, 979
182, 979
104, 979
162, 979
236, 979
101, 979
358, 979
53, 979
203, 979
348, 979
61, 979
86, 979
106, 979
283, 979
353, 979
184, 979
42, 979
193, 979
289, 979
98, 979
123, 979
170, 979
63, 979
30, 979
159, 979
396, 979
299, 979
315, 979
115, 979
28, 979
60, 979
130, 979
171, 979
146, 979
41, 979
136, 979
304, 979
521, 979
254, 979
298, 979
54, 979
241, 979
