#Algorithm: SARSA, Speed: 1, Boost: 3, PM: False, Env size: (20, 20), Car size: (3, 2),
#Counter: 100, Nsteps: 10000000, Gamma: 1, LearnRate: 0.01, Eps: 0.5, Epsdecay: 0.9
0, 0
24, 24
5, 24
34, 34
2, 34
16, 34
4, 34
8, 34
2, 34
0, 34
21, 34
29, 34
24, 34
21, 34
203, 203
5, 203
51, 203
8, 203
16, 203
11, 203
10, 203
47, 203
89, 203
85, 203
108, 203
84, 203
132, 203
11, 203
20, 203
203, 203
186, 203
22, 203
159, 203
100, 203
32, 203
38, 203
95, 203
25, 203
239, 239
39, 239
70, 239
18, 239
18, 239
93, 239
253, 253
242, 253
327, 327
325, 327
35, 327
134, 327
520, 520
400, 520
135, 520
210, 520
543, 543
46, 543
537, 543
622, 622
673, 673
202, 673
60, 673
75, 673
325, 673
259, 673
299, 673
387, 673
288, 673
215, 673
489, 673
304, 673
377, 673
290, 673
49, 673
214, 673
195, 673
404, 673
220, 673
39, 673
131, 673
350, 673
130, 673
64, 673
25, 673
217, 673
602, 673
704, 704
754, 754
723, 754
728, 754
726, 754
718, 754
716, 754
714, 754
751, 754
715, 754
719, 754
728, 754
708, 754
715, 754
704, 754
702, 754
703, 754
778, 778
714, 778
700, 778
704, 778
733, 778
706, 778
745, 778
720, 778
702, 778
712, 778
705, 778
717, 778
705, 778
701, 778
796, 796
702, 796
702, 796
784, 796
720, 796
765, 796
733, 796
708, 796
719, 796
717, 796
723, 796
725, 796
700, 796
739, 796
701, 796
709, 796
728, 796
729, 796
738, 796
701, 796
707, 796
727, 796
706, 796
727, 796
716, 796
703, 796
700, 796
702, 796
750, 796
728, 796
713, 796
702, 796
728, 796
734, 796
728, 796
722, 796
713, 796
706, 796
727, 796
720, 796
704, 796
707, 796
716, 796
745, 796
758, 796
705, 796
713, 796
733, 796
704, 796
701, 796
707, 796
709, 796
727, 796
709, 796
700, 796
725, 796
725, 796
772, 796
702, 796
702, 796
708, 796
704, 796
703, 796
721, 796
724, 796
700, 796
700, 796
700, 796
709, 796
715, 796
703, 796
735, 796
711, 796
710, 796
726, 796
706, 796
715, 796
702, 796
733, 796
708, 796
711, 796
712, 796
704, 796
719, 796
#Algorithm: SARSA, Speed: 1, Boost: 3, PM: False, Env size: (20, 20), Car size: (3, 2),
#Counter: 100, Nsteps: 10000000, Gamma: 1, LearnRate: 0.01, Eps: 0.5, Epsdecay: 0.9
2, 2
30, 30
1, 30
19, 30
4, 30
11, 30
23, 30
16, 30
10, 30
47, 47
41, 47
44, 47
102, 102
112, 112
37, 112
45, 112
30, 112
31, 112
36, 112
73, 112
63, 112
66, 112
28, 112
131, 131
25, 131
131, 131
0, 131
45, 131
186, 186
31, 186
69, 186
17, 186
54, 186
52, 186
79, 186
112, 186
120, 186
80, 186
3, 186
35, 186
22, 186
44, 186
12, 186
13, 186
53, 186
74, 186
46, 186
5, 186
113, 186
65, 186
110, 186
109, 186
6, 186
54, 186
91, 186
12, 186
4, 186
81, 186
210, 210
43, 210
41, 210
10, 210
47, 210
169, 210
25, 210
10, 210
34, 210
32, 210
71, 210
64, 210
69, 210
82, 210
44, 210
52, 210
50, 210
218, 218
231, 231
94, 231
249, 249
93, 249
72, 249
43, 249
203, 249
83, 249
277, 277
70, 277
127, 277
222, 277
212, 277
218, 277
702, 702
208, 702
208, 702
203, 702
222, 702
880, 880
48, 880
14, 880
217, 880
557, 880
204, 880
108, 880
157, 880
45, 880
199, 880
107, 880
210, 880
928, 928
136, 928
54, 928
703, 928
1253, 1253
216, 1253
120, 1253
164, 1253
637, 1253
122, 1253
107, 1253
70, 1253
62, 1253
281, 1253
346, 1253
242, 1253
521, 1253
337, 1253
162, 1253
1244, 1253
1275, 1275
552, 1275
265, 1275
1221, 1275
1401, 1401
1236, 1401
1413, 1413
1256, 1413
1393, 1413
1387, 1413
1400, 1413
1471, 1471
1427, 1471
1408, 1471
1412, 1471
1407, 1471
1407, 1471
1400, 1471
1449, 1471
1426, 1471
1378, 1471
1402, 1471
798, 1471
912, 1471
87, 1471
1435, 1471
1442, 1471
19, 1471
1419, 1471
429, 1471
1183, 1471
1424, 1471
1401, 1471
1144, 1471
200, 1471
1421, 1471
1400, 1471
1401, 1471
1423, 1471
1414, 1471
741, 1471
1410, 1471
1450, 1471
1410, 1471
1404, 1471
1416, 1471
1437, 1471
790, 1471
244, 1471
1411, 1471
1411, 1471
1410, 1471
1411, 1471
1299, 1471
1418, 1471
1274, 1471
1421, 1471
1227, 1471
1270, 1471
1407, 1471
1457, 1471
1411, 1471
765, 1471
217, 1471
1419, 1471
1410, 1471
1417, 1471
1402, 1471
1403, 1471
1422, 1471
1409, 1471
871, 1471
1477, 1477
#Algorithm: SARSA, Speed: 1, Boost: 3, PM: False, Env size: (20, 20), Car size: (3, 2),
#Counter: 100, Nsteps: 10000000, Gamma: 1, LearnRate: 0.01, Eps: 0.5, Epsdecay: 0.9
0, 0
14, 14
28, 28
35, 35
7, 35
42, 42
31, 42
19, 42
16, 42
16, 42
40, 42
9, 42
24, 42
61, 61
52, 61
8, 61
8, 61
48, 61
55, 61
24, 61
103, 103
6, 103
38, 103
15, 103
10, 103
212, 212
91, 212
113, 212
51, 212
39, 212
19, 212
8, 212
96, 212
20, 212
105, 212
74, 212
75, 212
71, 212
69, 212
203, 212
112, 212
117, 212
43, 212
225, 225
227, 227
230, 230
113, 230
79, 230
90, 230
201, 230
222, 230
280, 280
58, 280
76, 280
280, 280
47, 280
104, 280
201, 280
96, 280
23, 280
155, 280
248, 280
286, 286
36, 286
101, 286
30, 286
21, 286
208, 286
45, 286
221, 286
705, 705
550, 705
281, 705
906, 906
75, 906
54, 906
200, 906
95, 906
462, 906
440, 906
401, 906
134, 906
914, 914
1229, 1229
275, 1229
100, 1229
73, 1229
282, 1229
1289, 1289
811, 1289
222, 1289
157, 1289
437, 1289
1420, 1420
1410, 1420
913, 1420
211, 1420
111, 1420
91, 1420
1222, 1420
986, 1420
1266, 1420
1408, 1420
1338, 1420
1407, 1420
1415, 1420
1402, 1420
452, 1420
876, 1420
1310, 1420
1388, 1420
1314, 1420
1304, 1420
1413, 1420
1406, 1420
1405, 1420
1437, 1437
1417, 1437
1470, 1470
1451, 1470
1412, 1470
1228, 1470
1204, 1470
877, 1470
1291, 1470
1423, 1470
1201, 1470
1434, 1470
1406, 1470
1402, 1470
1412, 1470
1403, 1470
905, 1470
85, 1470
1417, 1470
1431, 1470
1211, 1470
214, 1470
236, 1470
223, 1470
186, 1470
87, 1470
211, 1470
100, 1470
55, 1470
234, 1470
233, 1470
48, 1470
82, 1470
108, 1470
204, 1470
334, 1470
215, 1470
262, 1470
366, 1470
723, 1470
183, 1470
211, 1470
207, 1470
1525, 1525
223, 1525
471, 1525
315, 1525
215, 1525
265, 1525
207, 1525
544, 1525
125, 1525
203, 1525
335, 1525
246, 1525
1220, 1525
1475, 1525
1404, 1525
1231, 1525
636, 1525
174, 1525
239, 1525
1413, 1525
1415, 1525
1412, 1525
1411, 1525
1401, 1525
882, 1525
1416, 1525
1402, 1525
1423, 1525
1430, 1525
1284, 1525
249, 1525
520, 1525
248, 1525
346, 1525
215, 1525
272, 1525
260, 1525
286, 1525
229, 1525
773, 1525
324, 1525
#Algorithm: SARSA, Speed: 1, Boost: 3, PM: False, Env size: (20, 20), Car size: (3, 2),
#Counter: 100, Nsteps: 10000000, Gamma: 1, LearnRate: 0.01, Eps: 0.5, Epsdecay: 0.9
0, 0
5, 5
0, 5
4, 5
0, 5
1, 5
1, 5
6, 6
0, 6
8, 8
4, 8
13, 13
9, 13
35, 35
17, 35
13, 35
5, 35
14, 35
64, 64
41, 64
20, 64
14, 64
23, 64
94, 94
11, 94
31, 94
107, 107
56, 107
194, 194
115, 194
22, 194
9, 194
211, 211
15, 211
14, 211
28, 211
75, 211
8, 211
209, 211
294, 294
215, 294
104, 294
41, 294
37, 294
149, 294
212, 294
55, 294
63, 294
47, 294
81, 294
100, 294
75, 294
242, 294
217, 294
40, 294
95, 294
258, 294
183, 294
111, 294
137, 294
94, 294
37, 294
52, 294
102, 294
205, 294
902, 902
69, 902
61, 902
95, 902
33, 902
212, 902
756, 902
208, 902
1131, 1131
317, 1131
162, 1131
66, 1131
1081, 1131
243, 1131
720, 1131
133, 1131
44, 1131
1094, 1131
201, 1131
108, 1131
219, 1131
1270, 1270
912, 1270
553, 1270
49, 1270
31, 1270
1205, 1270
712, 1270
250, 1270
1221, 1270
241, 1270
235, 1270
1242, 1270
1404, 1404
1415, 1415
1408, 1415
1414, 1415
746, 1415
873, 1415
1405, 1415
663, 1415
16, 1415
1393, 1415
1484, 1484
1416, 1484
1461, 1484
1338, 1484
1403, 1484
1413, 1484
1368, 1484
1481, 1484
1461, 1484
1401, 1484
1233, 1484
1201, 1484
1393, 1484
1329, 1484
1244, 1484
1308, 1484
1390, 1484
1410, 1484
1400, 1484
1217, 1484
1490, 1490
1421, 1490
1441, 1490
1405, 1490
1474, 1490
1425, 1490
1437, 1490
1402, 1490
1446, 1490
1410, 1490
703, 1490
1405, 1490
1401, 1490
1424, 1490
212, 1490
1407, 1490
1434, 1490
1400, 1490
1434, 1490
1501, 1501
1404, 1501
1406, 1501
1437, 1501
57, 1501
48, 1501
1409, 1501
1404, 1501
1429, 1501
1383, 1501
1384, 1501
1315, 1501
1230, 1501
1325, 1501
1261, 1501
1405, 1501
1420, 1501
1409, 1501
1459, 1501
1425, 1501
1249, 1501
1200, 1501
1417, 1501
1412, 1501
1445, 1501
1405, 1501
1402, 1501
1432, 1501
1414, 1501
1459, 1501
1545, 1545
1413, 1545
1405, 1545
1432, 1545
1407, 1545
1401, 1545
1407, 1545
1422, 1545
1416, 1545
1441, 1545
1421, 1545
1434, 1545
1413, 1545
1400, 1545
1221, 1545
1210, 1545
1422, 1545
1431, 1545
1418, 1545
1433, 1545
1203, 1545
1269, 1545
1434, 1545
#Algorithm: SARSA, Speed: 1, Boost: 3, PM: False, Env size: (20, 20), Car size: (3, 2),
#Counter: 100, Nsteps: 10000000, Gamma: 1, LearnRate: 0.01, Eps: 0.5, Epsdecay: 0.9
8, 8
3, 8
5, 8
2, 8
4, 8
8, 8
3, 8
10, 10
0, 10
25, 25
4, 25
6, 25
56, 56
60, 60
8, 60
203, 203
69, 203
24, 203
55, 203
26, 203
9, 203
16, 203
212, 212
104, 212
109, 212
50, 212
45, 212
25, 212
79, 212
69, 212
16, 212
32, 212
15, 212
44, 212
55, 212
103, 212
157, 212
40, 212
283, 283
200, 283
258, 283
207, 283
29, 283
164, 283
3, 283
4, 283
217, 283
200, 283
234, 283
205, 283
136, 283
26, 283
32, 283
240, 283
200, 283
339, 339
126, 339
64, 339
168, 339
108, 339
92, 339
50, 339
225, 339
70, 339
363, 363
929, 929
209, 929
143, 929
81, 929
1090, 1090
254, 1090
236, 1090
226, 1090
252, 1090
219, 1090
446, 1090
233, 1090
211, 1090
207, 1090
256, 1090
211, 1090
238, 1090
222, 1090
218, 1090
425, 1090
273, 1090
78, 1090
106, 1090
187, 1090
157, 1090
130, 1090
206, 1090
815, 1090
572, 1090
1140, 1140
133, 1140
60, 1140
1401, 1401
797, 1401
201, 1401
1416, 1416
1403, 1416
1324, 1416
935, 1416
200, 1416
975, 1416
761, 1416
177, 1416
1449, 1449
1400, 1449
1269, 1449
1401, 1449
1419, 1449
1245, 1449
1246, 1449
1441, 1449
1413, 1449
1405, 1449
1282, 1449
1423, 1449
1424, 1449
1416, 1449
903, 1449
116, 1449
256, 1449
1423, 1449
1444, 1449
1430, 1449
1409, 1449
1422, 1449
1437, 1449
1419, 1449
1407, 1449
1424, 1449
1550, 1550
1403, 1550
1408, 1550
1470, 1550
1403, 1550
1444, 1550
1320, 1550
1442, 1550
1403, 1550
1428, 1550
1360, 1550
1417, 1550
1433, 1550
1321, 1550
1360, 1550
1430, 1550
1407, 1550
1423, 1550
1402, 1550
1408, 1550
1400, 1550
1434, 1550
1406, 1550
1470, 1550
1477, 1550
1414, 1550
1442, 1550
1447, 1550
1418, 1550
1426, 1550
1403, 1550
1411, 1550
1410, 1550
1440, 1550
1412, 1550
1404, 1550
1471, 1550
1411, 1550
1421, 1550
1401, 1550
1441, 1550
1437, 1550
1454, 1550
1411, 1550
1442, 1550
1417, 1550
1461, 1550
1418, 1550
1421, 1550
1453, 1550
1428, 1550
1441, 1550
1404, 1550
1407, 1550
1400, 1550
1458, 1550
1420, 1550
1401, 1550
1454, 1550
1403, 1550
1412, 1550
1287, 1550
1411, 1550
1401, 1550
1288, 1550
1416, 1550
#Algorithm: SARSA, Speed: 1, Boost: 3, PM: False, Env size: (20, 20), Car size: (3, 2),
#Counter: 100, Nsteps: 10000000, Gamma: 1, LearnRate: 0.01, Eps: 0.5, Epsdecay: 0.9
0, 0
6, 6
3, 6
17, 17
5, 17
12, 17
1, 17
3, 17
2, 17
29, 29
200, 200
0, 200
15, 200
22, 200
165, 200
6, 200
29, 200
26, 200
69, 200
43, 200
38, 200
21, 200
1, 200
2, 200
146, 200
58, 200
41, 200
249, 249
71, 249
81, 249
21, 249
47, 249
77, 249
59, 249
83, 249
0, 249
20, 249
33, 249
31, 249
5, 249
72, 249
128, 249
216, 249
21, 249
9, 249
53, 249
80, 249
82, 249
60, 249
7, 249
202, 249
206, 249
202, 249
195, 249
100, 249
49, 249
227, 249
100, 249
332, 332
47, 332
24, 332
216, 332
60, 332
142, 332
42, 332
216, 332
900, 900
79, 900
42, 900
217, 900
463, 900
67, 900
207, 900
263, 900
262, 900
303, 900
239, 900
804, 900
239, 900
23, 900
789, 900
257, 900
445, 900
46, 900
734, 900
337, 900
966, 966
74, 966
1264, 1264
267, 1264
215, 1264
97, 1264
31, 1264
1201, 1264
1004, 1264
228, 1264
216, 1264
335, 1264
64, 1264
1258, 1264
1405, 1405
1096, 1405
215, 1405
850, 1405
1270, 1405
628, 1405
55, 1405
740, 1405
1269, 1405
1412, 1412
1406, 1412
1326, 1412
1407, 1412
1344, 1412
1407, 1412
1426, 1426
1102, 1426
1389, 1426
1424, 1426
1362, 1426
1430, 1430
1432, 1432
604, 1432
28, 1432
1405, 1432
1031, 1432
219, 1432
1430, 1432
1264, 1432
1459, 1459
1203, 1459
1213, 1459
1274, 1459
1407, 1459
1412, 1459
1489, 1489
1408, 1489
1486, 1489
1407, 1489
1403, 1489
1439, 1489
1419, 1489
1427, 1489
1403, 1489
991, 1489
1420, 1489
1413, 1489
1408, 1489
1417, 1489
1401, 1489
1410, 1489
1110, 1489
1402, 1489
1458, 1489
1401, 1489
1412, 1489
1406, 1489
950, 1489
115, 1489
1395, 1489
1402, 1489
1207, 1489
1221, 1489
1310, 1489
1321, 1489
1316, 1489
1239, 1489
1203, 1489
1416, 1489
1467, 1489
1413, 1489
1440, 1489
1449, 1489
1421, 1489
1424, 1489
1402, 1489
1439, 1489
1418, 1489
1407, 1489
1401, 1489
1421, 1489
1404, 1489
1402, 1489
1411, 1489
1434, 1489
1422, 1489
965, 1489
1402, 1489
1444, 1489
1434, 1489
1406, 1489
1420, 1489
1431, 1489
1110, 1489
1380, 1489
1308, 1489
1316, 1489
1322, 1489
1410, 1489
1432, 1489
#Algorithm: SARSA, Speed: 1, Boost: 3, PM: False, Env size: (20, 20), Car size: (3, 2),
#Counter: 100, Nsteps: 10000000, Gamma: 1, LearnRate: 0.01, Eps: 0.5, Epsdecay: 0.9
0, 0
0, 0
3, 3
3, 3
18, 18
18, 18
2, 18
21, 21
8, 21
29, 29
29, 29
44, 44
130, 130
34, 130
72, 130
137, 137
5, 137
100, 137
32, 137
47, 137
133, 137
35, 137
8, 137
122, 137
100, 137
105, 137
34, 137
13, 137
54, 137
164, 164
95, 164
40, 164
14, 164
12, 164
146, 164
137, 164
0, 164
126, 164
7, 164
203, 203
36, 203
211, 211
202, 211
203, 211
36, 211
191, 211
17, 211
9, 211
34, 211
192, 211
10, 211
136, 211
41, 211
203, 211
216, 216
204, 216
266, 266
232, 266
180, 266
206, 266
215, 266
202, 266
68, 266
56, 266
25, 266
39, 266
37, 266
36, 266
42, 266
28, 266
31, 266
59, 266
18, 266
44, 266
27, 266
35, 266
29, 266
126, 266
145, 266
65, 266
40, 266
29, 266
22, 266
69, 266
168, 266
58, 266
211, 266
219, 266
43, 266
63, 266
52, 266
202, 266
390, 390
215, 390
224, 390
204, 390
158, 390
231, 390
146, 390
125, 390
231, 390
203, 390
213, 390
270, 390
206, 390
220, 390
251, 390
91, 390
186, 390
156, 390
15, 390
89, 390
119, 390
119, 390
89, 390
258, 390
254, 390
231, 390
151, 390
41, 390
202, 390
50, 390
118, 390
63, 390
79, 390
196, 390
245, 390
53, 390
75, 390
213, 390
1050, 1050
29, 1050
120, 1050
209, 1050
1422, 1422
202, 1422
916, 1422
298, 1422
252, 1422
173, 1422
132, 1422
1266, 1422
1220, 1422
92, 1422
414, 1422
221, 1422
1209, 1422
214, 1422
683, 1422
56, 1422
1413, 1422
832, 1422
1400, 1422
1411, 1422
1352, 1422
1418, 1422
341, 1422
1402, 1422
1415, 1422
1407, 1422
1478, 1478
1419, 1478
1443, 1478
1403, 1478
1414, 1478
1442, 1478
1412, 1478
1402, 1478
1405, 1478
1157, 1478
1440, 1478
1421, 1478
1408, 1478
1403, 1478
1420, 1478
1425, 1478
1405, 1478
1375, 1478
1400, 1478
1383, 1478
1401, 1478
898, 1478
87, 1478
1304, 1478
1405, 1478
1402, 1478
1322, 1478
1412, 1478
1271, 1478
1236, 1478
1421, 1478
1245, 1478
1274, 1478
1417, 1478
1424, 1478
1457, 1478
1332, 1478
1305, 1478
1372, 1478
1417, 1478
#Algorithm: SARSA, Speed: 1, Boost: 3, PM: False, Env size: (20, 20), Car size: (3, 2),
#Counter: 100, Nsteps: 10000000, Gamma: 1, LearnRate: 0.01, Eps: 0.5, Epsdecay: 0.9
0, 0
10, 10
4, 10
1, 10
6, 10
13, 13
3, 13
13, 13
6, 13
1, 13
28, 28
9, 28
8, 28
6, 28
12, 28
18, 28
12, 28
28, 28
42, 42
31, 42
13, 42
101, 101
13, 101
14, 101
18, 101
35, 101
78, 101
145, 145
48, 145
12, 145
7, 145
53, 145
90, 145
135, 145
100, 145
139, 145
160, 160
7, 160
106, 160
90, 160
200, 200
168, 200
176, 200
116, 200
50, 200
105, 200
206, 206
226, 226
17, 226
64, 226
106, 226
209, 226
16, 226
203, 226
169, 226
266, 266
121, 266
146, 266
155, 266
141, 266
307, 307
69, 307
25, 307
259, 307
84, 307
195, 307
207, 307
106, 307
39, 307
185, 307
220, 307
362, 362
966, 966
235, 966
1258, 1258
706, 1258
139, 1258
86, 1258
270, 1258
1214, 1258
522, 1258
33, 1258
124, 1258
282, 1258
1286, 1286
1237, 1286
321, 1286
200, 1286
136, 1286
115, 1286
1288, 1288
1408, 1408
1430, 1430
1418, 1430
1401, 1430
308, 1430
214, 1430
1222, 1430
1409, 1430
1263, 1430
158, 1430
221, 1430
1408, 1430
1413, 1430
1428, 1430
1257, 1430
112, 1430
1400, 1430
1411, 1430
1402, 1430
1401, 1430
1404, 1430
1401, 1430
1412, 1430
1399, 1430
1411, 1430
1312, 1430
1322, 1430
1297, 1430
1416, 1430
1434, 1434
1401, 1434
1415, 1434
1410, 1434
1400, 1434
1403, 1434
1401, 1434
1411, 1434
1455, 1455
1405, 1455
1436, 1455
1439, 1455
1419, 1455
1460, 1460
1415, 1460
1404, 1460
143, 1460
1432, 1460
1406, 1460
1408, 1460
1404, 1460
1380, 1460
1420, 1460
1445, 1460
1401, 1460
1431, 1460
1409, 1460
1408, 1460
1270, 1460
1411, 1460
1407, 1460
1423, 1460
1518, 1518
1429, 1518
1451, 1518
440, 1518
1414, 1518
1427, 1518
1422, 1518
1459, 1518
698, 1518
1432, 1518
1432, 1518
580, 1518
1402, 1518
1446, 1518
1470, 1518
1439, 1518
1405, 1518
1430, 1518
1407, 1518
1408, 1518
1413, 1518
1447, 1518
1417, 1518
1427, 1518
1435, 1518
1430, 1518
1439, 1518
1429, 1518
1412, 1518
1431, 1518
1400, 1518
1419, 1518
1420, 1518
1456, 1518
1406, 1518
1422, 1518
1404, 1518
1410, 1518
1409, 1518
1400, 1518
1412, 1518
1420, 1518
1436, 1518
1408, 1518
1447, 1518
1427, 1518
1404, 1518
1408, 1518
#Algorithm: SARSA, Speed: 1, Boost: 3, PM: False, Env size: (20, 20), Car size: (3, 2),
#Counter: 100, Nsteps: 10000000, Gamma: 1, LearnRate: 0.01, Eps: 0.5, Epsdecay: 0.9
1, 1
0, 1
1, 1
5, 5
1, 5
0, 5
2, 5
2, 5
5, 5
5, 5
86, 86
104, 104
52, 104
157, 157
110, 157
16, 157
204, 204
84, 204
204, 204
24, 204
203, 204
212, 212
255, 255
207, 255
176, 255
151, 255
92, 255
7, 255
100, 255
174, 255
40, 255
212, 255
86, 255
14, 255
100, 255
59, 255
53, 255
102, 255
109, 255
51, 255
212, 255
160, 255
108, 255
124, 255
101, 255
202, 255
150, 255
203, 255
139, 255
128, 255
207, 255
15, 255
16, 255
28, 255
18, 255
64, 255
18, 255
42, 255
36, 255
18, 255
27, 255
32, 255
40, 255
27, 255
22, 255
55, 255
28, 255
9, 255
60, 255
50, 255
70, 255
59, 255
26, 255
24, 255
201, 255
66, 255
97, 255
202, 255
212, 255
44, 255
77, 255
58, 255
55, 255
100, 255
125, 255
74, 255
22, 255
200, 255
209, 255
297, 297
202, 297
277, 297
260, 297
200, 297
107, 297
181, 297
221, 297
378, 378
301, 378
224, 378
212, 378
302, 378
216, 378
209, 378
475, 475
416, 475
260, 475
237, 475
240, 475
216, 475
274, 475
225, 475
211, 475
239, 475
226, 475
208, 475
204, 475
279, 475
236, 475
202, 475
232, 475
219, 475
249, 475
200, 475
230, 475
218, 475
227, 475
200, 475
285, 475
211, 475
211, 475
200, 475
246, 475
250, 475
219, 475
205, 475
238, 475
389, 475
204, 475
290, 475
215, 475
233, 475
280, 475
208, 475
208, 475
221, 475
216, 475
209, 475
211, 475
211, 475
231, 475
210, 475
301, 475
229, 475
245, 475
210, 475
256, 475
205, 475
222, 475
209, 475
256, 475
289, 475
202, 475
322, 475
211, 475
280, 475
290, 475
205, 475
241, 475
223, 475
207, 475
251, 475
232, 475
206, 475
207, 475
266, 475
232, 475
269, 475
221, 475
223, 475
216, 475
210, 475
256, 475
217, 475
218, 475
396, 475
223, 475
211, 475
221, 475
212, 475
300, 475
202, 475
318, 475
223, 475
210, 475
236, 475
216, 475
232, 475
211, 475
215, 475
#Algorithm: SARSA, Speed: 1, Boost: 3, PM: False, Env size: (20, 20), Car size: (3, 2),
#Counter: 100, Nsteps: 10000000, Gamma: 1, LearnRate: 0.01, Eps: 0.5, Epsdecay: 0.9
3, 3
1, 3
3, 3
35, 35
38, 38
36, 38
1, 38
19, 38
24, 38
26, 38
44, 44
90, 90
103, 103
11, 103
89, 103
68, 103
1, 103
22, 103
14, 103
0, 103
20, 103
74, 103
64, 103
33, 103
25, 103
115, 115
28, 115
91, 115
98, 115
37, 115
82, 115
117, 117
100, 117
11, 117
133, 133
188, 188
126, 188
17, 188
172, 188
117, 188
126, 188
51, 188
201, 201
239, 239
48, 239
211, 239
68, 239
85, 239
28, 239
79, 239
131, 239
215, 239
57, 239
77, 239
159, 239
55, 239
75, 239
162, 239
162, 239
226, 239
760, 760
203, 760
212, 760
595, 760
281, 760
136, 760
71, 760
269, 760
1111, 1111
35, 1111
27, 1111
472, 1111
1253, 1253
385, 1253
178, 1253
89, 1253
715, 1253
261, 1253
1245, 1253
204, 1253
266, 1253
39, 1253
356, 1253
489, 1253
526, 1253
157, 1253
765, 1253
834, 1253
253, 1253
189, 1253
302, 1253
157, 1253
99, 1253
155, 1253
252, 1253
119, 1253
251, 1253
210, 1253
258, 1253
223, 1253
256, 1253
211, 1253
203, 1253
36, 1253
223, 1253
217, 1253
267, 1253
222, 1253
200, 1253
229, 1253
213, 1253
241, 1253
234, 1253
255, 1253
215, 1253
229, 1253
233, 1253
259, 1253
217, 1253
242, 1253
247, 1253
265, 1253
209, 1253
258, 1253
218, 1253
233, 1253
266, 1253
228, 1253
254, 1253
228, 1253
221, 1253
230, 1253
220, 1253
260, 1253
323, 1253
241, 1253
206, 1253
264, 1253
306, 1253
266, 1253
210, 1253
236, 1253
294, 1253
231, 1253
267, 1253
295, 1253
221, 1253
220, 1253
241, 1253
237, 1253
216, 1253
268, 1253
210, 1253
293, 1253
237, 1253
238, 1253
210, 1253
235, 1253
231, 1253
202, 1253
200, 1253
249, 1253
223, 1253
208, 1253
217, 1253
223, 1253
238, 1253
261, 1253
298, 1253
235, 1253
257, 1253
202, 1253
363, 1253
206, 1253
213, 1253
243, 1253
233, 1253
214, 1253
278, 1253
301, 1253
218, 1253
215, 1253
240, 1253
202, 1253
223, 1253
226, 1253
247, 1253
234, 1253
293, 1253
216, 1253
235, 1253
253, 1253
207, 1253
241, 1253
244, 1253
253, 1253
274, 1253
210, 1253
211, 1253
200, 1253
