#Algorithm: SARSA, Speed: 1, Boost: 4, PM: False, Env size: (20, 20), Car size: (5, 4),
#Counter: 100, Nsteps: 10000000, Gamma: 1, LearnRate: 0.01, Eps: 0.5, Epsdecay: 0.9
#Evolved from SARSA_hybrid_noPM using counter=100 and boost=4
0, 0
201, 201
205, 205
201, 205
202, 205
202, 205
201, 205
201, 205
201, 205
200, 205
201, 205
201, 205
208, 208
201, 208
208, 208
203, 208
204, 208
200, 208
200, 208
206, 208
201, 208
201, 208
200, 208
214, 214
207, 214
200, 214
201, 214
208, 214
201, 214
203, 214
203, 214
204, 214
200, 214
207, 214
200, 214
208, 214
201, 214
201, 214
204, 214
202, 214
200, 214
200, 214
204, 214
200, 214
200, 214
201, 214
204, 214
200, 214
204, 214
203, 214
201, 214
202, 214
202, 214
205, 214
203, 214
201, 214
201, 214
202, 214
204, 214
201, 214
202, 214
200, 214
203, 214
201, 214
210, 214
203, 214
201, 214
200, 214
203, 214
201, 214
200, 214
200, 214
202, 214
203, 214
210, 214
209, 214
201, 214
203, 214
202, 214
201, 214
200, 214
204, 214
201, 214
203, 214
201, 214
204, 214
202, 214
201, 214
201, 214
200, 214
202, 214
207, 214
200, 214
206, 214
202, 214
201, 214
205, 214
206, 214
208, 214
201, 214
205, 214
206, 214
208, 214
201, 214
203, 214
202, 214
200, 214
202, 214
209, 214
200, 214
204, 214
205, 214
202, 214
202, 214
201, 214
203, 214
217, 217
204, 217
201, 217
201, 217
200, 217
207, 217
202, 217
205, 217
200, 217
205, 217
202, 217
203, 217
202, 217
207, 217
202, 217
201, 217
202, 217
209, 217
204, 217
201, 217
200, 217
203, 217
212, 217
202, 217
200, 217
203, 217
203, 217
201, 217
201, 217
202, 217
200, 217
203, 217
205, 217
200, 217
205, 217
200, 217
201, 217
200, 217
200, 217
201, 217
212, 217
200, 217
216, 217
201, 217
201, 217
210, 217
203, 217
206, 217
200, 217
204, 217
202, 217
205, 217
200, 217
203, 217
200, 217
201, 217
202, 217
203, 217
200, 217
201, 217
203, 217
204, 217
200, 217
200, 217
200, 217
201, 217
207, 217
200, 217
202, 217
204, 217
203, 217
214, 217
202, 217
204, 217
207, 217
205, 217
201, 217
203, 217
203, 217
201, 217
203, 217
200, 217
201, 217
202, 217
205, 217
200, 217
201, 217
207, 217
201, 217
200, 217
202, 217
203, 217
204, 217
203, 217
207, 217
212, 217
208, 217
200, 217
201, 217
202, 217
204, 217
201, 217
203, 217
200, 217
204, 217
200, 217
200, 217
211, 217
200, 217
203, 217
203, 217
202, 217
201, 217
200, 217
200, 217
205, 217
203, 217
200, 217
202, 217
200, 217
205, 217
206, 217
212, 217
203, 217
200, 217
200, 217
200, 217
200, 217
202, 217
207, 217
204, 217
203, 217
204, 217
200, 217
206, 217
201, 217
200, 217
206, 217
201, 217
202, 217
205, 217
203, 217
201, 217
202, 217
205, 217
205, 217
201, 217
214, 217
204, 217
201, 217
200, 217
205, 217
202, 217
207, 217
200, 217
202, 217
201, 217
204, 217
203, 217
204, 217
201, 217
200, 217
202, 217
204, 217
203, 217
200, 217
202, 217
210, 217
202, 217
203, 217
205, 217
200, 217
205, 217
207, 217
203, 217
200, 217
204, 217
201, 217
203, 217
201, 217
202, 217
204, 217
201, 217
204, 217
204, 217
201, 217
204, 217
208, 217
201, 217
201, 217
207, 217
200, 217
203, 217
200, 217
200, 217
206, 217
210, 217
202, 217
203, 217
208, 217
200, 217
201, 217
207, 217
204, 217
206, 217
201, 217
210, 217
205, 217
200, 217
200, 217
203, 217
203, 217
202, 217
201, 217
208, 217
205, 217
203, 217
200, 217
200, 217
200, 217
201, 217
200, 217
205, 217
203, 217
213, 217
200, 217
205, 217
204, 217
204, 217
204, 217
205, 217
205, 217
205, 217
202, 217
202, 217
204, 217
201, 217
204, 217
201, 217
206, 217
200, 217
200, 217
201, 217
201, 217
202, 217
200, 217
208, 217
208, 217
202, 217
200, 217
204, 217
205, 217
201, 217
209, 217
203, 217
201, 217
204, 217
207, 217
200, 217
203, 217
201, 217
204, 217
202, 217
205, 217
200, 217
202, 217
202, 217
203, 217
204, 217
200, 217
201, 217
200, 217
207, 217
205, 217
204, 217
204, 217
233, 233
204, 233
201, 233
210, 233
202, 233
214, 233
205, 233
206, 233
213, 233
201, 233
200, 233
206, 233
200, 233
207, 233
209, 233
205, 233
209, 233
203, 233
210, 233
211, 233
202, 233
208, 233
203, 233
201, 233
200, 233
201, 233
201, 233
203, 233
206, 233
200, 233
210, 233
204, 233
202, 233
204, 233
200, 233
203, 233
203, 233
202, 233
201, 233
204, 233
214, 233
204, 233
200, 233
203, 233
200, 233
206, 233
213, 233
206, 233
209, 233
208, 233
208, 233
200, 233
200, 233
203, 233
208, 233
205, 233
212, 233
204, 233
202, 233
200, 233
207, 233
204, 233
206, 233
204, 233
207, 233
203, 233
202, 233
201, 233
208, 233
200, 233
202, 233
205, 233
211, 233
201, 233
207, 233
200, 233
201, 233
205, 233
206, 233
211, 233
206, 233
206, 233
200, 233
203, 233
203, 233
211, 233
202, 233
208, 233
209, 233
207, 233
211, 233
201, 233
205, 233
203, 233
204, 233
202, 233
203, 233
217, 233
219, 233
207, 233
205, 233
214, 233
207, 233
210, 233
207, 233
201, 233
201, 233
216, 233
204, 233
204, 233
200, 233
200, 233
202, 233
200, 233
209, 233
204, 233
200, 233
201, 233
200, 233
206, 233
218, 233
201, 233
200, 233
209, 233
217, 233
213, 233
214, 233
202, 233
208, 233
201, 233
201, 233
206, 233
203, 233
205, 233
210, 233
202, 233
209, 233
214, 233
224, 233
215, 233
207, 233
206, 233
204, 233
203, 233
200, 233
205, 233
203, 233
204, 233
207, 233
200, 233
208, 233
203, 233
216, 233
202, 233
202, 233
203, 233
200, 233
203, 233
202, 233
202, 233
201, 233
200, 233
210, 233
201, 233
204, 233
200, 233
214, 233
203, 233
207, 233
206, 233
209, 233
200, 233
200, 233
205, 233
200, 233
218, 233
201, 233
202, 233
203, 233
210, 233
202, 233
207, 233
202, 233
202, 233
209, 233
202, 233
222, 233
208, 233
200, 233
201, 233
210, 233
203, 233
200, 233
205, 233
200, 233
208, 233
201, 233
208, 233
205, 233
209, 233
200, 233
205, 233
205, 233
209, 233
204, 233
202, 233
203, 233
209, 233
200, 233
204, 233
203, 233
220, 233
209, 233
201, 233
204, 233
203, 233
200, 233
200, 233
204, 233
204, 233
205, 233
202, 233
202, 233
207, 233
201, 233
200, 233
202, 233
200, 233
201, 233
206, 233
203, 233
202, 233
202, 233
200, 233
201, 233
202, 233
203, 233
200, 233
200, 233
200, 233
200, 233
204, 233
206, 233
201, 233
200, 233
202, 233
210, 233
214, 233
206, 233
200, 233
202, 233
209, 233
207, 233
202, 233
202, 233
209, 233
212, 233
206, 233
200, 233
203, 233
202, 233
209, 233
205, 233
201, 233
201, 233
201, 233
206, 233
201, 233
213, 233
210, 233
209, 233
203, 233
234, 234
200, 234
202, 234
221, 234
207, 234
202, 234
204, 234
201, 234
203, 234
216, 234
202, 234
201, 234
206, 234
200, 234
202, 234
207, 234
208, 234
203, 234
218, 234
214, 234
202, 234
204, 234
206, 234
204, 234
201, 234
200, 234
205, 234
201, 234
205, 234
211, 234
216, 234
202, 234
214, 234
200, 234
209, 234
206, 234
209, 234
203, 234
204, 234
202, 234
203, 234
203, 234
206, 234
202, 234
201, 234
224, 234
205, 234
202, 234
206, 234
202, 234
201, 234
200, 234
204, 234
215, 234
204, 234
205, 234
201, 234
201, 234
211, 234
208, 234
202, 234
202, 234
206, 234
201, 234
208, 234
209, 234
200, 234
201, 234
203, 234
211, 234
200, 234
200, 234
202, 234
207, 234
201, 234
205, 234
200, 234
209, 234
206, 234
200, 234
200, 234
207, 234
206, 234
204, 234
220, 234
201, 234
200, 234
202, 234
202, 234
204, 234
207, 234
202, 234
200, 234
200, 234
200, 234
206, 234
203, 234
200, 234
202, 234
206, 234
203, 234
201, 234
200, 234
202, 234
206, 234
204, 234
220, 234
205, 234
203, 234
202, 234
210, 234
202, 234
202, 234
205, 234
201, 234
212, 234
201, 234
200, 234
204, 234
200, 234
201, 234
206, 234
207, 234
202, 234
202, 234
209, 234
211, 234
213, 234
203, 234
211, 234
201, 234
202, 234
200, 234
200, 234
204, 234
206, 234
200, 234
204, 234
208, 234
215, 234
204, 234
201, 234
201, 234
201, 234
200, 234
204, 234
206, 234
209, 234
203, 234
200, 234
203, 234
200, 234
201, 234
204, 234
224, 234
216, 234
201, 234
217, 234
200, 234
212, 234
202, 234
202, 234
203, 234
240, 240
202, 240
202, 240
211, 240
213, 240
203, 240
208, 240
200, 240
200, 240
203, 240
206, 240
204, 240
205, 240
206, 240
208, 240
202, 240
201, 240
204, 240
201, 240
205, 240
208, 240
212, 240
203, 240
202, 240
207, 240
210, 240
202, 240
214, 240
205, 240
205, 240
206, 240
208, 240
201, 240
219, 240
205, 240
201, 240
204, 240
205, 240
202, 240
216, 240
208, 240
207, 240
211, 240
201, 240
217, 240
203, 240
223, 240
202, 240
206, 240
205, 240
202, 240
210, 240
201, 240
218, 240
206, 240
217, 240
214, 240
204, 240
201, 240
200, 240
205, 240
201, 240
200, 240
204, 240
202, 240
200, 240
200, 240
200, 240
202, 240
203, 240
202, 240
217, 240
200, 240
200, 240
201, 240
206, 240
201, 240
202, 240
210, 240
200, 240
203, 240
201, 240
201, 240
203, 240
214, 240
202, 240
204, 240
220, 240
200, 240
207, 240
202, 240
209, 240
200, 240
201, 240
201, 240
201, 240
205, 240
207, 240
203, 240
203, 240
205, 240
200, 240
219, 240
206, 240
207, 240
200, 240
201, 240
207, 240
206, 240
203, 240
200, 240
210, 240
200, 240
210, 240
224, 240
207, 240
203, 240
202, 240
205, 240
208, 240
207, 240
201, 240
200, 240
205, 240
200, 240
209, 240
203, 240
200, 240
207, 240
212, 240
205, 240
207, 240
204, 240
217, 240
210, 240
208, 240
201, 240
203, 240
200, 240
213, 240
207, 240
203, 240
202, 240
202, 240
208, 240
204, 240
212, 240
210, 240
200, 240
205, 240
222, 240
203, 240
200, 240
210, 240
204, 240
205, 240
203, 240
208, 240
206, 240
204, 240
203, 240
202, 240
218, 240
204, 240
201, 240
206, 240
204, 240
209, 240
202, 240
206, 240
200, 240
207, 240
201, 240
207, 240
208, 240
207, 240
200, 240
202, 240
206, 240
200, 240
210, 240
202, 240
208, 240
212, 240
200, 240
205, 240
200, 240
207, 240
202, 240
226, 240
205, 240
202, 240
206, 240
200, 240
203, 240
202, 240
215, 240
215, 240
204, 240
211, 240
210, 240
202, 240
201, 240
201, 240
201, 240
212, 240
210, 240
202, 240
203, 240
200, 240
202, 240
210, 240
204, 240
207, 240
201, 240
202, 240
200, 240
216, 240
208, 240
203, 240
207, 240
205, 240
206, 240
212, 240
206, 240
200, 240
204, 240
206, 240
209, 240
212, 240
201, 240
212, 240
207, 240
200, 240
201, 240
200, 240
200, 240
205, 240
215, 240
209, 240
200, 240
203, 240
203, 240
200, 240
211, 240
200, 240
202, 240
202, 240
201, 240
201, 240
202, 240
209, 240
201, 240
203, 240
204, 240
200, 240
201, 240
200, 240
204, 240
202, 240
216, 240
217, 240
203, 240
202, 240
201, 240
209, 240
201, 240
207, 240
202, 240
200, 240
203, 240
203, 240
214, 240
200, 240
200, 240
204, 240
200, 240
200, 240
200, 240
207, 240
203, 240
200, 240
216, 240
207, 240
211, 240
208, 240
202, 240
204, 240
205, 240
200, 240
203, 240
215, 240
202, 240
204, 240
220, 240
210, 240
201, 240
204, 240
201, 240
212, 240
228, 240
206, 240
207, 240
204, 240
209, 240
203, 240
201, 240
206, 240
208, 240
206, 240
207, 240
200, 240
202, 240
202, 240
209, 240
201, 240
209, 240
218, 240
201, 240
205, 240
201, 240
200, 240
206, 240
202, 240
205, 240
201, 240
202, 240
204, 240
213, 240
208, 240
207, 240
204, 240
208, 240
207, 240
202, 240
201, 240
203, 240
209, 240
204, 240
205, 240
207, 240
204, 240
209, 240
208, 240
204, 240
200, 240
219, 240
203, 240
201, 240
204, 240
206, 240
209, 240
223, 240
200, 240
204, 240
209, 240
203, 240
204, 240
203, 240
200, 240
204, 240
206, 240
203, 240
206, 240
200, 240
202, 240
203, 240
205, 240
200, 240
204, 240
201, 240
209, 240
203, 240
200, 240
200, 240
206, 240
200, 240
203, 240
211, 240
208, 240
201, 240
210, 240
204, 240
201, 240
202, 240
201, 240
202, 240
203, 240
200, 240
201, 240
202, 240
201, 240
200, 240
209, 240
213, 240
200, 240
208, 240
203, 240
203, 240
211, 240
210, 240
202, 240
206, 240
208, 240
222, 240
208, 240
210, 240
214, 240
201, 240
206, 240
207, 240
208, 240
202, 240
202, 240
202, 240
208, 240
201, 240
208, 240
201, 240
205, 240
202, 240
200, 240
203, 240
204, 240
209, 240
210, 240
200, 240
201, 240
201, 240
206, 240
207, 240
201, 240
201, 240
205, 240
204, 240
200, 240
201, 240
201, 240
200, 240
208, 240
200, 240
223, 240
204, 240
204, 240
202, 240
203, 240
213, 240
202, 240
214, 240
212, 240
205, 240
206, 240
202, 240
204, 240
208, 240
200, 240
250, 250
202, 250
204, 250
205, 250
204, 250
202, 250
202, 250
200, 250
202, 250
209, 250
202, 250
204, 250
205, 250
201, 250
203, 250
203, 250
204, 250
206, 250
204, 250
208, 250
213, 250
200, 250
200, 250
205, 250
206, 250
207, 250
204, 250
206, 250
229, 250
206, 250
210, 250
202, 250
204, 250
202, 250
205, 250
206, 250
204, 250
202, 250
202, 250
211, 250
208, 250
208, 250
213, 250
200, 250
225, 250
201, 250
202, 250
211, 250
219, 250
205, 250
202, 250
210, 250
202, 250
200, 250
201, 250
203, 250
201, 250
207, 250
201, 250
215, 250
208, 250
200, 250
210, 250
201, 250
209, 250
217, 250
201, 250
210, 250
200, 250
202, 250
207, 250
205, 250
206, 250
210, 250
217, 250
200, 250
206, 250
205, 250
200, 250
201, 250
203, 250
205, 250
213, 250
205, 250
201, 250
203, 250
204, 250
201, 250
200, 250
204, 250
204, 250
200, 250
200, 250
206, 250
200, 250
207, 250
200, 250
204, 250
209, 250
202, 250
213, 250
200, 250
204, 250
204, 250
208, 250
216, 250
201, 250
203, 250
205, 250
200, 250
205, 250
206, 250
204, 250
200, 250
210, 250
203, 250
201, 250
201, 250
202, 250
200, 250
218, 250
203, 250
204, 250
203, 250
201, 250
209, 250
211, 250
206, 250
206, 250
202, 250
204, 250
202, 250
214, 250
201, 250
218, 250
208, 250
201, 250
205, 250
206, 250
208, 250
202, 250
207, 250
200, 250
206, 250
200, 250
209, 250
202, 250
203, 250
205, 250
233, 250
204, 250
203, 250
202, 250
212, 250
202, 250
202, 250
205, 250
206, 250
200, 250
206, 250
201, 250
202, 250
204, 250
214, 250
200, 250
212, 250
200, 250
203, 250
207, 250
202, 250
204, 250
202, 250
204, 250
201, 250
200, 250
212, 250
203, 250
200, 250
201, 250
208, 250
205, 250
214, 250
207, 250
210, 250
212, 250
205, 250
200, 250
201, 250
201, 250
201, 250
200, 250
224, 250
213, 250
205, 250
212, 250
224, 250
211, 250
207, 250
205, 250
214, 250
206, 250
208, 250
212, 250
205, 250
213, 250
203, 250
206, 250
204, 250
203, 250
204, 250
204, 250
201, 250
201, 250
220, 250
202, 250
204, 250
200, 250
207, 250
201, 250
202, 250
201, 250
201, 250
213, 250
207, 250
209, 250
205, 250
200, 250
207, 250
202, 250
213, 250
207, 250
200, 250
201, 250
212, 250
200, 250
203, 250
200, 250
203, 250
210, 250
204, 250
202, 250
206, 250
211, 250
203, 250
204, 250
213, 250
201, 250
203, 250
212, 250
205, 250
201, 250
210, 250
200, 250
206, 250
204, 250
203, 250
201, 250
205, 250
206, 250
200, 250
200, 250
205, 250
202, 250
203, 250
201, 250
204, 250
211, 250
203, 250
222, 250
205, 250
200, 250
203, 250
202, 250
200, 250
204, 250
203, 250
204, 250
200, 250
209, 250
220, 250
212, 250
206, 250
213, 250
209, 250
207, 250
205, 250
204, 250
201, 250
202, 250
206, 250
206, 250
200, 250
202, 250
207, 250
217, 250
213, 250
208, 250
202, 250
201, 250
204, 250
203, 250
208, 250
212, 250
205, 250
216, 250
207, 250
202, 250
200, 250
200, 250
203, 250
202, 250
200, 250
207, 250
204, 250
201, 250
209, 250
204, 250
201, 250
200, 250
201, 250
215, 250
206, 250
208, 250
204, 250
201, 250
209, 250
200, 250
206, 250
201, 250
202, 250
203, 250
200, 250
203, 250
200, 250
214, 250
210, 250
200, 250
206, 250
201, 250
209, 250
203, 250
206, 250
211, 250
201, 250
200, 250
205, 250
208, 250
205, 250
202, 250
209, 250
203, 250
204, 250
213, 250
200, 250
203, 250
213, 250
208, 250
206, 250
206, 250
221, 250
201, 250
201, 250
201, 250
202, 250
207, 250
205, 250
201, 250
206, 250
202, 250
202, 250
201, 250
236, 250
200, 250
200, 250
205, 250
205, 250
208, 250
203, 250
207, 250
205, 250
204, 250
203, 250
211, 250
208, 250
220, 250
203, 250
206, 250
209, 250
210, 250
204, 250
202, 250
201, 250
210, 250
209, 250
207, 250
206, 250
201, 250
206, 250
207, 250
210, 250
204, 250
203, 250
201, 250
206, 250
201, 250
201, 250
202, 250
210, 250
208, 250
208, 250
202, 250
207, 250
201, 250
206, 250
212, 250
208, 250
205, 250
205, 250
200, 250
207, 250
210, 250
201, 250
218, 250
204, 250
201, 250
202, 250
206, 250
200, 250
205, 250
204, 250
211, 250
205, 250
205, 250
204, 250
201, 250
213, 250
213, 250
201, 250
206, 250
212, 250
207, 250
203, 250
202, 250
201, 250
200, 250
201, 250
202, 250
207, 250
202, 250
201, 250
206, 250
201, 250
209, 250
204, 250
200, 250
210, 250
203, 250
204, 250
207, 250
205, 250
202, 250
203, 250
201, 250
203, 250
204, 250
218, 250
201, 250
212, 250
202, 250
205, 250
206, 250
202, 250
202, 250
213, 250
210, 250
215, 250
215, 250
200, 250
202, 250
210, 250
203, 250
209, 250
210, 250
200, 250
207, 250
209, 250
201, 250
211, 250
204, 250
201, 250
207, 250
203, 250
212, 250
204, 250
216, 250
207, 250
201, 250
200, 250
200, 250
209, 250
206, 250
204, 250
205, 250
207, 250
202, 250
200, 250
200, 250
213, 250
228, 250
225, 250
209, 250
204, 250
203, 250
202, 250
205, 250
202, 250
202, 250
204, 250
205, 250
203, 250
202, 250
200, 250
204, 250
200, 250
201, 250
211, 250
201, 250
200, 250
205, 250
201, 250
203, 250
205, 250
204, 250
207, 250
214, 250
212, 250
204, 250
203, 250
206, 250
213, 250
206, 250
203, 250
202, 250
201, 250
211, 250
208, 250
204, 250
206, 250
200, 250
201, 250
207, 250
208, 250
202, 250
206, 250
205, 250
213, 250
201, 250
200, 250
201, 250
204, 250
206, 250
201, 250
203, 250
203, 250
204, 250
202, 250
207, 250
203, 250
202, 250
208, 250
203, 250
219, 250
209, 250
203, 250
202, 250
202, 250
201, 250
204, 250
201, 250
223, 250
200, 250
212, 250
211, 250
210, 250
224, 250
206, 250
202, 250
201, 250
212, 250
202, 250
200, 250
217, 250
204, 250
208, 250
203, 250
201, 250
201, 250
201, 250
209, 250
210, 250
202, 250
203, 250
208, 250
214, 250
209, 250
202, 250
205, 250
208, 250
211, 250
201, 250
206, 250
200, 250
200, 250
218, 250
205, 250
208, 250
200, 250
203, 250
200, 250
205, 250
209, 250
200, 250
205, 250
200, 250
210, 250
200, 250
205, 250
200, 250
201, 250
202, 250
202, 250
207, 250
207, 250
205, 250
210, 250
200, 250
204, 250
207, 250
208, 250
205, 250
210, 250
207, 250
213, 250
200, 250
201, 250
205, 250
208, 250
200, 250
213, 250
204, 250
209, 250
203, 250
203, 250
204, 250
201, 250
204, 250
203, 250
205, 250
200, 250
203, 250
201, 250
204, 250
200, 250
202, 250
203, 250
209, 250
211, 250
209, 250
204, 250
208, 250
201, 250
209, 250
207, 250
216, 250
211, 250
207, 250
206, 250
201, 250
205, 250
201, 250
201, 250
202, 250
205, 250
203, 250
201, 250
205, 250
204, 250
209, 250
205, 250
207, 250
202, 250
207, 250
208, 250
220, 250
200, 250
202, 250
201, 250
207, 250
204, 250
203, 250
207, 250
208, 250
208, 250
206, 250
210, 250
200, 250
207, 250
213, 250
205, 250
206, 250
200, 250
204, 250
204, 250
217, 250
202, 250
216, 250
205, 250
206, 250
203, 250
207, 250
201, 250
203, 250
209, 250
203, 250
204, 250
212, 250
218, 250
204, 250
203, 250
206, 250
201, 250
220, 250
200, 250
207, 250
205, 250
206, 250
201, 250
213, 250
208, 250
200, 250
216, 250
202, 250
200, 250
202, 250
202, 250
200, 250
205, 250
204, 250
207, 250
215, 250
209, 250
205, 250
202, 250
200, 250
202, 250
201, 250
209, 250
203, 250
201, 250
205, 250
208, 250
201, 250
202, 250
204, 250
204, 250
204, 250
206, 250
200, 250
201, 250
200, 250
200, 250
207, 250
200, 250
223, 250
201, 250
202, 250
210, 250
205, 250
201, 250
202, 250
206, 250
205, 250
200, 250
200, 250
211, 250
206, 250
204, 250
203, 250
201, 250
207, 250
200, 250
200, 250
205, 250
204, 250
204, 250
203, 250
204, 250
210, 250
203, 250
203, 250
201, 250
211, 250
212, 250
213, 250
203, 250
203, 250
202, 250
202, 250
205, 250
200, 250
210, 250
207, 250
207, 250
228, 250
207, 250
208, 250
200, 250
204, 250
203, 250
207, 250
200, 250
208, 250
204, 250
201, 250
200, 250
209, 250
202, 250
202, 250
200, 250
201, 250
202, 250
201, 250
206, 250
200, 250
207, 250
213, 250
200, 250
201, 250
204, 250
228, 250
203, 250
205, 250
205, 250
210, 250
201, 250
202, 250
202, 250
203, 250
203, 250
220, 250
200, 250
205, 250
201, 250
202, 250
200, 250
205, 250
200, 250
207, 250
211, 250
221, 250
209, 250
205, 250
201, 250
205, 250
204, 250
208, 250
209, 250
201, 250
205, 250
205, 250
207, 250
237, 250
208, 250
206, 250
212, 250
213, 250
233, 250
201, 250
221, 250
200, 250
219, 250
200, 250
209, 250
201, 250
205, 250
209, 250
200, 250
201, 250
202, 250
212, 250
208, 250
203, 250
201, 250
200, 250
203, 250
203, 250
200, 250
201, 250
203, 250
202, 250
212, 250
201, 250
205, 250
213, 250
211, 250
202, 250
208, 250
208, 250
202, 250
208, 250
202, 250
229, 250
209, 250
203, 250
201, 250
209, 250
202, 250
205, 250
224, 250
200, 250
201, 250
203, 250
206, 250
202, 250
232, 250
213, 250
205, 250
208, 250
204, 250
204, 250
205, 250
214, 250
201, 250
200, 250
206, 250
208, 250
204, 250
201, 250
208, 250
203, 250
214, 250
212, 250
202, 250
200, 250
200, 250
201, 250
206, 250
202, 250
211, 250
201, 250
210, 250
200, 250
203, 250
201, 250
204, 250
210, 250
201, 250
200, 250
202, 250
211, 250
203, 250
203, 250
211, 250
204, 250
210, 250
205, 250
205, 250
201, 250
200, 250
204, 250
204, 250
207, 250
206, 250
201, 250
213, 250
203, 250
215, 250
213, 250
206, 250
200, 250
211, 250
202, 250
203, 250
204, 250
207, 250
206, 250
201, 250
207, 250
203, 250
209, 250
204, 250
202, 250
217, 250
203, 250
201, 250
209, 250
205, 250
203, 250
206, 250
200, 250
205, 250
202, 250
203, 250
208, 250
259, 259
219, 259
213, 259
233, 259
247, 259
276, 276
212, 276
202, 276
245, 276
201, 276
204, 276
204, 276
214, 276
217, 276
218, 276
225, 276
229, 276
231, 276
215, 276
213, 276
233, 276
264, 276
214, 276
225, 276
203, 276
200, 276
229, 276
232, 276
204, 276
201, 276
220, 276
226, 276
200, 276
239, 276
208, 276
226, 276
229, 276
209, 276
224, 276
239, 276
217, 276
214, 276
234, 276
201, 276
200, 276
206, 276
238, 276
243, 276
220, 276
214, 276
201, 276
201, 276
229, 276
200, 276
246, 276
221, 276
283, 283
243, 283
208, 283
251, 283
242, 283
207, 283
207, 283
220, 283
207, 283
289, 289
200, 289
237, 289
222, 289
215, 289
207, 289
200, 289
207, 289
209, 289
205, 289
202, 289
222, 289
239, 289
214, 289
216, 289
220, 289
200, 289
222, 289
238, 289
240, 289
217, 289
209, 289
205, 289
229, 289
209, 289
240, 289
201, 289
209, 289
225, 289
235, 289
238, 289
261, 289
222, 289
236, 289
205, 289
209, 289
225, 289
204, 289
237, 289
222, 289
222, 289
281, 289
208, 289
202, 289
204, 289
221, 289
202, 289
221, 289
206, 289
238, 289
203, 289
217, 289
303, 303
300, 303
252, 303
214, 303
222, 303
205, 303
216, 303
204, 303
273, 303
218, 303
204, 303
217, 303
207, 303
204, 303
222, 303
224, 303
230, 303
200, 303
240, 303
203, 303
207, 303
201, 303
216, 303
202, 303
211, 303
201, 303
208, 303
200, 303
218, 303
208, 303
255, 303
203, 303
247, 303
203, 303
296, 303
210, 303
214, 303
250, 303
219, 303
213, 303
245, 303
254, 303
201, 303
242, 303
279, 303
212, 303
263, 303
205, 303
202, 303
281, 303
227, 303
237, 303
245, 303
205, 303
232, 303
210, 303
221, 303
221, 303
226, 303
230, 303
218, 303
214, 303
257, 303
216, 303
253, 303
202, 303
220, 303
214, 303
210, 303
217, 303
203, 303
247, 303
212, 303
202, 303
212, 303
203, 303
209, 303
241, 303
209, 303
224, 303
221, 303
203, 303
200, 303
207, 303
222, 303
280, 303
250, 303
200, 303
202, 303
208, 303
232, 303
237, 303
202, 303
241, 303
273, 303
205, 303
207, 303
214, 303
215, 303
242, 303
206, 303
201, 303
207, 303
221, 303
221, 303
202, 303
255, 303
269, 303
250, 303
213, 303
290, 303
254, 303
218, 303
200, 303
224, 303
265, 303
247, 303
253, 303
212, 303
221, 303
208, 303
223, 303
217, 303
225, 303
237, 303
202, 303
227, 303
208, 303
207, 303
203, 303
256, 303
212, 303
212, 303
206, 303
208, 303
237, 303
223, 303
210, 303
214, 303
218, 303
245, 303
205, 303
212, 303
222, 303
203, 303
261, 303
216, 303
205, 303
202, 303
223, 303
217, 303
200, 303
214, 303
200, 303
211, 303
213, 303
217, 303
200, 303
202, 303
220, 303
251, 303
210, 303
293, 303
210, 303
216, 303
206, 303
269, 303
227, 303
200, 303
211, 303
208, 303
202, 303
226, 303
214, 303
201, 303
213, 303
210, 303
222, 303
206, 303
212, 303
205, 303
201, 303
205, 303
214, 303
201, 303
215, 303
202, 303
208, 303
211, 303
201, 303
220, 303
293, 303
205, 303
203, 303
211, 303
209, 303
255, 303
207, 303
218, 303
225, 303
261, 303
203, 303
238, 303
205, 303
202, 303
227, 303
200, 303
200, 303
206, 303
209, 303
290, 303
207, 303
205, 303
203, 303
205, 303
205, 303
235, 303
200, 303
207, 303
267, 303
204, 303
209, 303
252, 303
257, 303
224, 303
202, 303
243, 303
223, 303
230, 303
215, 303
302, 303
214, 303
216, 303
270, 303
216, 303
300, 303
206, 303
263, 303
201, 303
205, 303
215, 303
215, 303
212, 303
236, 303
215, 303
258, 303
218, 303
213, 303
234, 303
233, 303
200, 303
302, 303
230, 303
295, 303
238, 303
266, 303
232, 303
241, 303
220, 303
217, 303
201, 303
229, 303
274, 303
220, 303
242, 303
226, 303
219, 303
200, 303
211, 303
213, 303
267, 303
232, 303
280, 303
200, 303
216, 303
213, 303
243, 303
210, 303
201, 303
301, 303
204, 303
213, 303
212, 303
208, 303
215, 303
202, 303
202, 303
229, 303
251, 303
225, 303
218, 303
206, 303
239, 303
256, 303
221, 303
255, 303
201, 303
220, 303
206, 303
201, 303
205, 303
211, 303
213, 303
264, 303
236, 303
213, 303
211, 303
248, 303
233, 303
212, 303
202, 303
221, 303
201, 303
204, 303
205, 303
214, 303
204, 303
257, 303
225, 303
217, 303
226, 303
224, 303
238, 303
207, 303
305, 305
213, 305
205, 305
210, 305
205, 305
206, 305
234, 305
207, 305
204, 305
207, 305
214, 305
205, 305
220, 305
208, 305
227, 305
200, 305
201, 305
203, 305
252, 305
206, 305
224, 305
211, 305
209, 305
213, 305
249, 305
204, 305
237, 305
202, 305
200, 305
217, 305
237, 305
265, 305
205, 305
213, 305
227, 305
202, 305
283, 305
213, 305
281, 305
246, 305
203, 305
227, 305
220, 305
219, 305
202, 305
200, 305
218, 305
215, 305
215, 305
211, 305
233, 305
204, 305
278, 305
204, 305
228, 305
209, 305
204, 305
211, 305
201, 305
200, 305
202, 305
214, 305
267, 305
208, 305
210, 305
208, 305
211, 305
235, 305
201, 305
208, 305
271, 305
207, 305
230, 305
202, 305
216, 305
305, 305
216, 305
222, 305
236, 305
230, 305
205, 305
246, 305
225, 305
241, 305
231, 305
224, 305
203, 305
205, 305
203, 305
204, 305
218, 305
264, 305
298, 305
204, 305
218, 305
251, 305
207, 305
216, 305
249, 305
226, 305
202, 305
204, 305
203, 305
217, 305
301, 305
218, 305
205, 305
223, 305
210, 305
206, 305
253, 305
285, 305
214, 305
203, 305
219, 305
236, 305
210, 305
212, 305
211, 305
205, 305
203, 305
262, 305
264, 305
227, 305
251, 305
220, 305
231, 305
237, 305
208, 305
219, 305
230, 305
200, 305
203, 305
229, 305
228, 305
251, 305
213, 305
229, 305
296, 305
214, 305
221, 305
215, 305
217, 305
243, 305
227, 305
219, 305
201, 305
221, 305
220, 305
222, 305
241, 305
228, 305
261, 305
221, 305
213, 305
207, 305
203, 305
206, 305
221, 305
225, 305
215, 305
213, 305
223, 305
203, 305
228, 305
203, 305
216, 305
202, 305
238, 305
218, 305
200, 305
201, 305
238, 305
207, 305
218, 305
204, 305
210, 305
219, 305
213, 305
214, 305
212, 305
218, 305
246, 305
201, 305
246, 305
214, 305
200, 305
238, 305
240, 305
267, 305
226, 305
211, 305
206, 305
224, 305
228, 305
213, 305
203, 305
238, 305
204, 305
237, 305
201, 305
201, 305
245, 305
224, 305
206, 305
200, 305
201, 305
216, 305
209, 305
215, 305
200, 305
227, 305
205, 305
205, 305
201, 305
257, 305
233, 305
204, 305
312, 312
226, 312
202, 312
213, 312
215, 312
211, 312
248, 312
211, 312
231, 312
201, 312
302, 312
222, 312
213, 312
213, 312
227, 312
205, 312
200, 312
220, 312
201, 312
204, 312
206, 312
225, 312
208, 312
215, 312
201, 312
224, 312
200, 312
213, 312
240, 312
248, 312
280, 312
226, 312
241, 312
201, 312
204, 312
218, 312
218, 312
220, 312
218, 312
204, 312
267, 312
218, 312
227, 312
205, 312
243, 312
222, 312
217, 312
212, 312
236, 312
226, 312
201, 312
211, 312
202, 312
261, 312
214, 312
208, 312
207, 312
203, 312
206, 312
206, 312
207, 312
233, 312
201, 312
223, 312
210, 312
221, 312
227, 312
223, 312
210, 312
222, 312
214, 312
210, 312
221, 312
211, 312
208, 312
248, 312
203, 312
203, 312
243, 312
219, 312
200, 312
226, 312
203, 312
226, 312
213, 312
231, 312
250, 312
208, 312
215, 312
215, 312
208, 312
247, 312
206, 312
216, 312
231, 312
250, 312
202, 312
223, 312
201, 312
211, 312
209, 312
219, 312
242, 312
227, 312
217, 312
231, 312
200, 312
243, 312
201, 312
226, 312
201, 312
223, 312
201, 312
261, 312
224, 312
200, 312
207, 312
206, 312
203, 312
233, 312
210, 312
202, 312
231, 312
200, 312
205, 312
221, 312
250, 312
245, 312
226, 312
277, 312
225, 312
222, 312
240, 312
202, 312
246, 312
217, 312
201, 312
206, 312
209, 312
203, 312
209, 312
210, 312
202, 312
204, 312
214, 312
205, 312
221, 312
224, 312
247, 312
248, 312
217, 312
227, 312
207, 312
207, 312
211, 312
202, 312
234, 312
204, 312
200, 312
219, 312
202, 312
207, 312
203, 312
200, 312
216, 312
224, 312
202, 312
220, 312
203, 312
213, 312
218, 312
202, 312
219, 312
218, 312
239, 312
201, 312
238, 312
233, 312
200, 312
203, 312
220, 312
217, 312
200, 312
210, 312
213, 312
203, 312
214, 312
208, 312
238, 312
251, 312
204, 312
201, 312
232, 312
202, 312
251, 312
227, 312
280, 312
224, 312
200, 312
244, 312
224, 312
300, 312
214, 312
243, 312
226, 312
217, 312
200, 312
220, 312
214, 312
214, 312
206, 312
229, 312
200, 312
204, 312
210, 312
243, 312
204, 312
209, 312
213, 312
207, 312
218, 312
202, 312
203, 312
244, 312
217, 312
280, 312
204, 312
233, 312
206, 312
220, 312
205, 312
229, 312
246, 312
206, 312
200, 312
200, 312
216, 312
212, 312
200, 312
218, 312
201, 312
201, 312
203, 312
200, 312
252, 312
222, 312
261, 312
201, 312
213, 312
222, 312
225, 312
215, 312
232, 312
206, 312
213, 312
241, 312
203, 312
228, 312
220, 312
238, 312
200, 312
209, 312
239, 312
213, 312
255, 312
251, 312
210, 312
207, 312
250, 312
212, 312
215, 312
232, 312
233, 312
261, 312
200, 312
202, 312
218, 312
207, 312
205, 312
237, 312
211, 312
215, 312
211, 312
229, 312
223, 312
224, 312
200, 312
203, 312
214, 312
229, 312
216, 312
222, 312
211, 312
217, 312
226, 312
210, 312
226, 312
226, 312
206, 312
265, 312
243, 312
224, 312
203, 312
244, 312
219, 312
217, 312
250, 312
202, 312
208, 312
