#Algorithm: SARSA, Speed: 1, Boost: 5, PM: False, Env size: (20, 20), Car size: (6, 5),
#Counter: 10000000, Nsteps: 10000000, Gamma: 1, LearnRate: 0.01, Eps: 0.5, Epsdecay: 0.9
0, 0
2, 2
0, 2
1, 2
2, 2
0, 2
3, 3
3, 3
0, 3
0, 3
0, 3
0, 3
2, 3
0, 3
2, 3
0, 3
1, 3
0, 3
2, 3
0, 3
2, 3
0, 3
1, 3
2, 3
1, 3
4, 4
7, 7
0, 7
1, 7
1, 7
1, 7
1, 7
1, 7
2, 7
1, 7
2, 7
3, 7
1, 7
4, 7
2, 7
1, 7
0, 7
0, 7
4, 7
1, 7
2, 7
1, 7
1, 7
3, 7
7, 7
10, 10
2, 10
2, 10
0, 10
1, 10
6, 10
1, 10
1, 10
0, 10
1, 10
3, 10
5, 10
2, 10
4, 10
11, 11
5, 11
4, 11
0, 11
4, 11
1, 11
5, 11
2, 11
2, 11
6, 11
1, 11
0, 11
6, 11
4, 11
0, 11
6, 11
7, 11
1, 11
2, 11
0, 11
4, 11
1, 11
6, 11
0, 11
3, 11
0, 11
3, 11
2, 11
1, 11
5, 11
0, 11
1, 11
2, 11
6, 11
2, 11
1, 11
3, 11
4, 11
1, 11
2, 11
5, 11
1, 11
3, 11
4, 11
2, 11
1, 11
1, 11
9, 11
5, 11
1, 11
6, 11
4, 11
2, 11
3, 11
4, 11
2, 11
1, 11
5, 11
7, 11
1, 11
3, 11
1, 11
4, 11
1, 11
0, 11
2, 11
4, 11
0, 11
4, 11
2, 11
0, 11
1, 11
0, 11
2, 11
1, 11
2, 11
3, 11
1, 11
1, 11
3, 11
3, 11
3, 11
1, 11
2, 11
0, 11
2, 11
4, 11
0, 11
0, 11
6, 11
1, 11
3, 11
1, 11
2, 11
2, 11
3, 11
2, 11
5, 11
1, 11
2, 11
1, 11
4, 11
7, 11
2, 11
1, 11
2, 11
10, 11
7, 11
2, 11
3, 11
6, 11
12, 12
1, 12
1, 12
2, 12
1, 12
2, 12
4, 12
6, 12
4, 12
0, 12
5, 12
10, 12
0, 12
7, 12
1, 12
2, 12
3, 12
4, 12
0, 12
0, 12
4, 12
6, 12
0, 12
2, 12
0, 12
1, 12
3, 12
2, 12
4, 12
13, 13
1, 13
5, 13
1, 13
2, 13
1, 13
8, 13
2, 13
2, 13
6, 13
1, 13
16, 16
2, 16
2, 16
1, 16
3, 16
2, 16
3, 16
1, 16
1, 16
6, 16
3, 16
2, 16
4, 16
3, 16
8, 16
4, 16
5, 16
1, 16
3, 16
5, 16
3, 16
14, 16
4, 16
4, 16
12, 16
2, 16
11, 16
5, 16
6, 16
7, 16
3, 16
1, 16
13, 16
2, 16
12, 16
2, 16
1, 16
2, 16
0, 16
0, 16
13, 16
1, 16
6, 16
0, 16
2, 16
1, 16
2, 16
3, 16
2, 16
7, 16
1, 16
6, 16
7, 16
3, 16
0, 16
3, 16
1, 16
0, 16
1, 16
5, 16
0, 16
0, 16
0, 16
1, 16
9, 16
2, 16
11, 16
9, 16
4, 16
5, 16
4, 16
4, 16
4, 16
1, 16
2, 16
4, 16
6, 16
2, 16
9, 16
2, 16
0, 16
0, 16
14, 16
2, 16
5, 16
1, 16
1, 16
21, 21
5, 21
11, 21
2, 21
0, 21
3, 21
8, 21
2, 21
0, 21
1, 21
17, 21
0, 21
7, 21
5, 21
4, 21
1, 21
1, 21
1, 21
7, 21
7, 21
5, 21
1, 21
0, 21
8, 21
5, 21
2, 21
0, 21
2, 21
1, 21
3, 21
11, 21
8, 21
8, 21
10, 21
3, 21
5, 21
5, 21
11, 21
7, 21
4, 21
9, 21
7, 21
4, 21
0, 21
9, 21
0, 21
6, 21
4, 21
22, 22
7, 22
13, 22
2, 22
6, 22
2, 22
7, 22
4, 22
3, 22
7, 22
18, 22
6, 22
12, 22
1, 22
1, 22
1, 22
0, 22
5, 22
2, 22
5, 22
5, 22
4, 22
2, 22
2, 22
0, 22
4, 22
12, 22
15, 22
13, 22
1, 22
3, 22
4, 22
4, 22
2, 22
10, 22
5, 22
7, 22
1, 22
6, 22
9, 22
3, 22
8, 22
3, 22
6, 22
2, 22
5, 22
3, 22
14, 22
4, 22
9, 22
3, 22
7, 22
4, 22
2, 22
3, 22
1, 22
3, 22
2, 22
4, 22
0, 22
2, 22
5, 22
11, 22
2, 22
16, 22
9, 22
14, 22
7, 22
1, 22
8, 22
2, 22
1, 22
0, 22
1, 22
7, 22
5, 22
0, 22
20, 22
9, 22
4, 22
0, 22
6, 22
2, 22
19, 22
2, 22
6, 22
1, 22
7, 22
4, 22
8, 22
3, 22
13, 22
21, 22
5, 22
5, 22
15, 22
4, 22
0, 22
1, 22
3, 22
4, 22
8, 22
1, 22
0, 22
19, 22
7, 22
0, 22
2, 22
10, 22
5, 22
3, 22
10, 22
3, 22
4, 22
1, 22
10, 22
0, 22
2, 22
21, 22
0, 22
1, 22
4, 22
6, 22
0, 22
4, 22
6, 22
1, 22
0, 22
10, 22
8, 22
0, 22
4, 22
6, 22
4, 22
0, 22
3, 22
9, 22
11, 22
9, 22
0, 22
14, 22
2, 22
0, 22
10, 22
4, 22
6, 22
4, 22
0, 22
3, 22
6, 22
7, 22
2, 22
0, 22
0, 22
1, 22
9, 22
4, 22
0, 22
16, 22
4, 22
0, 22
12, 22
2, 22
12, 22
8, 22
1, 22
0, 22
12, 22
0, 22
2, 22
0, 22
2, 22
1, 22
3, 22
0, 22
2, 22
4, 22
0, 22
1, 22
10, 22
0, 22
0, 22
6, 22
3, 22
8, 22
7, 22
8, 22
0, 22
3, 22
0, 22
2, 22
2, 22
1, 22
7, 22
4, 22
5, 22
0, 22
6, 22
8, 22
1, 22
1, 22
5, 22
20, 22
7, 22
9, 22
7, 22
0, 22
2, 22
9, 22
6, 22
0, 22
1, 22
0, 22
16, 22
27, 27
0, 27
3, 27
1, 27
30, 30
1, 30
2, 30
4, 30
14, 30
14, 30
1, 30
6, 30
1, 30
21, 30
3, 30
9, 30
3, 30
1, 30
0, 30
1, 30
1, 30
1, 30
8, 30
2, 30
2, 30
2, 30
3, 30
3, 30
1, 30
4, 30
2, 30
1, 30
2, 30
5, 30
0, 30
11, 30
0, 30
5, 30
2, 30
2, 30
12, 30
0, 30
5, 30
0, 30
4, 30
4, 30
1, 30
11, 30
4, 30
11, 30
6, 30
1, 30
1, 30
5, 30
4, 30
0, 30
4, 30
10, 30
0, 30
9, 30
1, 30
2, 30
4, 30
1, 30
2, 30
4, 30
3, 30
7, 30
9, 30
10, 30
4, 30
0, 30
11, 30
0, 30
3, 30
9, 30
0, 30
2, 30
6, 30
0, 30
1, 30
2, 30
0, 30
22, 30
3, 30
16, 30
11, 30
2, 30
2, 30
6, 30
22, 30
0, 30
0, 30
2, 30
3, 30
6, 30
24, 30
0, 30
6, 30
0, 30
2, 30
1, 30
4, 30
5, 30
3, 30
0, 30
15, 30
24, 30
3, 30
2, 30
1, 30
16, 30
5, 30
23, 30
0, 30
1, 30
1, 30
4, 30
8, 30
11, 30
13, 30
0, 30
0, 30
4, 30
22, 30
3, 30
1, 30
1, 30
16, 30
4, 30
3, 30
10, 30
24, 30
1, 30
3, 30
5, 30
9, 30
11, 30
5, 30
2, 30
6, 30
27, 30
14, 30
1, 30
0, 30
6, 30
0, 30
3, 30
0, 30
0, 30
5, 30
8, 30
11, 30
3, 30
11, 30
2, 30
3, 30
3, 30
11, 30
8, 30
5, 30
20, 30
6, 30
4, 30
2, 30
5, 30
39, 39
18, 39
4, 39
10, 39
9, 39
19, 39
14, 39
1, 39
2, 39
15, 39
6, 39
23, 39
1, 39
28, 39
9, 39
9, 39
48, 48
8, 48
0, 48
1, 48
24, 48
20, 48
0, 48
3, 48
1, 48
35, 48
3, 48
13, 48
5, 48
1, 48
24, 48
7, 48
7, 48
1, 48
7, 48
8, 48
22, 48
0, 48
8, 48
3, 48
0, 48
0, 48
0, 48
0, 48
2, 48
5, 48
3, 48
1, 48
0, 48
0, 48
7, 48
2, 48
3, 48
13, 48
12, 48
7, 48
1, 48
7, 48
0, 48
0, 48
1, 48
15, 48
12, 48
23, 48
4, 48
10, 48
0, 48
0, 48
8, 48
23, 48
14, 48
5, 48
10, 48
10, 48
2, 48
3, 48
2, 48
14, 48
10, 48
40, 48
13, 48
52, 52
11, 52
4, 52
2, 52
18, 52
6, 52
21, 52
1, 52
19, 52
0, 52
16, 52
9, 52
87, 87
7, 87
15, 87
5, 87
31, 87
13, 87
7, 87
18, 87
4, 87
9, 87
6, 87
1, 87
6, 87
17, 87
2, 87
35, 87
53, 87
12, 87
6, 87
16, 87
82, 87
13, 87
11, 87
7, 87
5, 87
14, 87
18, 87
19, 87
21, 87
10, 87
27, 87
9, 87
22, 87
1, 87
12, 87
3, 87
10, 87
8, 87
58, 87
33, 87
4, 87
0, 87
7, 87
58, 87
47, 87
6, 87
7, 87
3, 87
13, 87
36, 87
40, 87
23, 87
4, 87
16, 87
13, 87
10, 87
5, 87
1, 87
25, 87
9, 87
1, 87
10, 87
3, 87
8, 87
26, 87
0, 87
39, 87
21, 87
18, 87
3, 87
6, 87
7, 87
10, 87
6, 87
5, 87
15, 87
6, 87
1, 87
1, 87
8, 87
8, 87
24, 87
0, 87
7, 87
2, 87
22, 87
1, 87
9, 87
1, 87
4, 87
10, 87
14, 87
32, 87
23, 87
9, 87
1, 87
4, 87
1, 87
3, 87
29, 87
6, 87
17, 87
6, 87
58, 87
44, 87
13, 87
32, 87
3, 87
4, 87
26, 87
9, 87
3, 87
37, 87
3, 87
20, 87
40, 87
44, 87
52, 87
1, 87
4, 87
0, 87
17, 87
4, 87
16, 87
14, 87
38, 87
27, 87
38, 87
7, 87
82, 87
3, 87
5, 87
7, 87
34, 87
13, 87
3, 87
6, 87
0, 87
41, 87
58, 87
5, 87
6, 87
18, 87
0, 87
40, 87
33, 87
24, 87
8, 87
16, 87
3, 87
15, 87
9, 87
7, 87
12, 87
9, 87
43, 87
6, 87
28, 87
20, 87
40, 87
7, 87
20, 87
4, 87
3, 87
6, 87
18, 87
11, 87
32, 87
5, 87
33, 87
24, 87
10, 87
16, 87
34, 87
10, 87
13, 87
28, 87
0, 87
9, 87
11, 87
19, 87
15, 87
13, 87
0, 87
3, 87
7, 87
16, 87
26, 87
2, 87
9, 87
9, 87
2, 87
2, 87
6, 87
0, 87
16, 87
7, 87
14, 87
19, 87
1, 87
3, 87
2, 87
20, 87
21, 87
6, 87
1, 87
11, 87
8, 87
12, 87
5, 87
1, 87
14, 87
15, 87
31, 87
5, 87
5, 87
9, 87
18, 87
1, 87
6, 87
10, 87
9, 87
3, 87
5, 87
23, 87
4, 87
2, 87
7, 87
2, 87
9, 87
25, 87
13, 87
10, 87
26, 87
4, 87
15, 87
9, 87
2, 87
15, 87
4, 87
5, 87
5, 87
7, 87
1, 87
7, 87
7, 87
4, 87
10, 87
2, 87
11, 87
5, 87
5, 87
12, 87
13, 87
0, 87
0, 87
10, 87
22, 87
17, 87
6, 87
11, 87
11, 87
12, 87
61, 87
39, 87
6, 87
23, 87
50, 87
36, 87
25, 87
0, 87
37, 87
18, 87
25, 87
6, 87
4, 87
12, 87
23, 87
55, 87
1, 87
30, 87
7, 87
6, 87
2, 87
8, 87
5, 87
2, 87
24, 87
4, 87
11, 87
0, 87
7, 87
11, 87
8, 87
18, 87
0, 87
0, 87
4, 87
5, 87
2, 87
62, 87
12, 87
9, 87
2, 87
2, 87
5, 87
5, 87
12, 87
4, 87
27, 87
9, 87
4, 87
22, 87
2, 87
11, 87
2, 87
3, 87
30, 87
1, 87
11, 87
3, 87
8, 87
8, 87
4, 87
4, 87
4, 87
17, 87
3, 87
8, 87
3, 87
2, 87
1, 87
56, 87
0, 87
9, 87
2, 87
6, 87
15, 87
3, 87
27, 87
10, 87
3, 87
32, 87
20, 87
5, 87
2, 87
6, 87
10, 87
12, 87
16, 87
0, 87
18, 87
0, 87
3, 87
6, 87
24, 87
8, 87
23, 87
10, 87
3, 87
3, 87
0, 87
3, 87
32, 87
53, 87
3, 87
0, 87
0, 87
2, 87
25, 87
10, 87
23, 87
8, 87
48, 87
6, 87
15, 87
6, 87
4, 87
14, 87
12, 87
16, 87
1, 87
2, 87
14, 87
14, 87
2, 87
14, 87
36, 87
10, 87
24, 87
16, 87
13, 87
36, 87
7, 87
0, 87
0, 87
20, 87
12, 87
4, 87
2, 87
4, 87
11, 87
6, 87
8, 87
33, 87
26, 87
4, 87
11, 87
7, 87
8, 87
5, 87
23, 87
4, 87
30, 87
40, 87
0, 87
7, 87
16, 87
6, 87
12, 87
23, 87
0, 87
14, 87
1, 87
1, 87
14, 87
10, 87
4, 87
7, 87
24, 87
3, 87
15, 87
9, 87
10, 87
4, 87
24, 87
17, 87
0, 87
34, 87
38, 87
2, 87
5, 87
4, 87
42, 87
34, 87
45, 87
7, 87
43, 87
3, 87
15, 87
29, 87
15, 87
12, 87
32, 87
6, 87
11, 87
8, 87
22, 87
17, 87
23, 87
14, 87
38, 87
24, 87
19, 87
71, 87
20, 87
12, 87
14, 87
0, 87
5, 87
22, 87
11, 87
66, 87
8, 87
19, 87
59, 87
80, 87
19, 87
7, 87
17, 87
10, 87
10, 87
16, 87
45, 87
31, 87
35, 87
23, 87
2, 87
0, 87
4, 87
3, 87
17, 87
4, 87
42, 87
4, 87
7, 87
26, 87
4, 87
3, 87
20, 87
17, 87
8, 87
22, 87
5, 87
4, 87
49, 87
22, 87
10, 87
4, 87
22, 87
44, 87
10, 87
5, 87
17, 87
29, 87
3, 87
11, 87
15, 87
4, 87
2, 87
2, 87
22, 87
22, 87
7, 87
2, 87
15, 87
9, 87
25, 87
10, 87
4, 87
8, 87
16, 87
17, 87
22, 87
55, 87
3, 87
7, 87
7, 87
2, 87
18, 87
60, 87
8, 87
3, 87
71, 87
9, 87
19, 87
3, 87
3, 87
16, 87
15, 87
12, 87
39, 87
7, 87
53, 87
128, 128
13, 128
15, 128
11, 128
40, 128
122, 128
11, 128
7, 128
4, 128
10, 128
37, 128
11, 128
9, 128
30, 128
2, 128
41, 128
9, 128
41, 128
12, 128
3, 128
5, 128
71, 128
14, 128
0, 128
13, 128
2, 128
4, 128
6, 128
3, 128
17, 128
21, 128
1, 128
24, 128
53, 128
49, 128
33, 128
9, 128
67, 128
5, 128
55, 128
29, 128
11, 128
2, 128
14, 128
74, 128
57, 128
3, 128
56, 128
37, 128
12, 128
9, 128
11, 128
7, 128
15, 128
24, 128
9, 128
57, 128
30, 128
54, 128
18, 128
6, 128
9, 128
4, 128
50, 128
39, 128
10, 128
14, 128
3, 128
14, 128
16, 128
7, 128
11, 128
15, 128
9, 128
1, 128
4, 128
20, 128
32, 128
14, 128
5, 128
25, 128
13, 128
2, 128
10, 128
28, 128
18, 128
2, 128
16, 128
5, 128
34, 128
6, 128
49, 128
25, 128
1, 128
3, 128
3, 128
5, 128
22, 128
7, 128
13, 128
18, 128
38, 128
44, 128
9, 128
5, 128
28, 128
33, 128
19, 128
7, 128
14, 128
22, 128
3, 128
35, 128
21, 128
15, 128
8, 128
16, 128
11, 128
20, 128
8, 128
21, 128
7, 128
29, 128
8, 128
3, 128
19, 128
51, 128
17, 128
17, 128
18, 128
14, 128
10, 128
20, 128
3, 128
2, 128
15, 128
10, 128
4, 128
12, 128
54, 128
48, 128
19, 128
7, 128
28, 128
36, 128
19, 128
3, 128
18, 128
5, 128
11, 128
12, 128
29, 128
14, 128
25, 128
6, 128
3, 128
1, 128
22, 128
1, 128
40, 128
9, 128
6, 128
9, 128
10, 128
82, 128
93, 128
30, 128
16, 128
13, 128
0, 128
8, 128
4, 128
11, 128
30, 128
42, 128
16, 128
9, 128
2, 128
63, 128
1, 128
62, 128
18, 128
8, 128
2, 128
91, 128
86, 128
9, 128
2, 128
80, 128
37, 128
20, 128
24, 128
17, 128
46, 128
64, 128
31, 128
11, 128
98, 128
88, 128
29, 128
89, 128
2, 128
23, 128
38, 128
0, 128
46, 128
80, 128
178, 178
49, 178
11, 178
35, 178
5, 178
30, 178
30, 178
58, 178
6, 178
74, 178
66, 178
39, 178
39, 178
10, 178
20, 178
54, 178
26, 178
46, 178
52, 178
102, 178
72, 178
3, 178
61, 178
10, 178
8, 178
6, 178
73, 178
2, 178
85, 178
32, 178
20, 178
4, 178
13, 178
47, 178
33, 178
28, 178
18, 178
71, 178
62, 178
5, 178
70, 178
38, 178
10, 178
26, 178
57, 178
0, 178
137, 178
50, 178
11, 178
57, 178
62, 178
100, 178
44, 178
87, 178
39, 178
17, 178
7, 178
12, 178
7, 178
7, 178
17, 178
140, 178
5, 178
1, 178
4, 178
1, 178
3, 178
9, 178
18, 178
43, 178
3, 178
0, 178
19, 178
43, 178
12, 178
3, 178
40, 178
17, 178
23, 178
118, 178
80, 178
2, 178
1, 178
13, 178
21, 178
21, 178
2, 178
20, 178
44, 178
39, 178
12, 178
3, 178
17, 178
41, 178
1, 178
33, 178
9, 178
17, 178
73, 178
14, 178
29, 178
41, 178
26, 178
49, 178
1, 178
67, 178
53, 178
26, 178
9, 178
15, 178
11, 178
96, 178
3, 178
98, 178
79, 178
30, 178
19, 178
3, 178
18, 178
36, 178
145, 178
1, 178
142, 178
69, 178
16, 178
35, 178
128, 178
39, 178
12, 178
42, 178
33, 178
20, 178
4, 178
36, 178
24, 178
27, 178
3, 178
50, 178
31, 178
11, 178
53, 178
13, 178
8, 178
23, 178
18, 178
1, 178
4, 178
6, 178
5, 178
2, 178
2, 178
10, 178
8, 178
3, 178
2, 178
12, 178
101, 178
23, 178
12, 178
10, 178
105, 178
78, 178
36, 178
16, 178
15, 178
3, 178
27, 178
37, 178
41, 178
5, 178
51, 178
16, 178
18, 178
61, 178
11, 178
76, 178
6, 178
34, 178
27, 178
3, 178
7, 178
30, 178
2, 178
13, 178
69, 178
17, 178
119, 178
31, 178
12, 178
34, 178
115, 178
2, 178
64, 178
17, 178
14, 178
22, 178
29, 178
5, 178
44, 178
2, 178
8, 178
19, 178
14, 178
86, 178
21, 178
73, 178
1, 178
2, 178
11, 178
33, 178
23, 178
23, 178
6, 178
104, 178
40, 178
101, 178
3, 178
1, 178
4, 178
30, 178
34, 178
11, 178
20, 178
11, 178
53, 178
10, 178
27, 178
69, 178
1, 178
72, 178
8, 178
13, 178
25, 178
19, 178
15, 178
14, 178
12, 178
8, 178
24, 178
14, 178
6, 178
43, 178
2, 178
11, 178
5, 178
12, 178
60, 178
12, 178
0, 178
5, 178
6, 178
26, 178
3, 178
14, 178
52, 178
38, 178
5, 178
32, 178
5, 178
18, 178
88, 178
22, 178
23, 178
33, 178
0, 178
37, 178
37, 178
18, 178
84, 178
66, 178
52, 178
6, 178
24, 178
7, 178
9, 178
1, 178
18, 178
223, 223
25, 223
20, 223
65, 223
25, 223
20, 223
34, 223
12, 223
25, 223
11, 223
3, 223
10, 223
23, 223
9, 223
0, 223
11, 223
36, 223
28, 223
5, 223
43, 223
4, 223
29, 223
0, 223
9, 223
26, 223
4, 223
38, 223
3, 223
28, 223
54, 223
26, 223
9, 223
18, 223
39, 223
2, 223
32, 223
0, 223
24, 223
42, 223
5, 223
11, 223
33, 223
113, 223
1, 223
10, 223
18, 223
24, 223
1, 223
1, 223
10, 223
22, 223
14, 223
35, 223
1, 223
72, 223
51, 223
59, 223
4, 223
30, 223
17, 223
6, 223
42, 223
15, 223
2, 223
10, 223
36, 223
58, 223
66, 223
12, 223
37, 223
18, 223
8, 223
9, 223
25, 223
12, 223
21, 223
17, 223
21, 223
58, 223
24, 223
173, 223
16, 223
12, 223
43, 223
33, 223
135, 223
10, 223
128, 223
9, 223
79, 223
24, 223
32, 223
125, 223
80, 223
114, 223
76, 223
3, 223
1, 223
52, 223
12, 223
54, 223
20, 223
0, 223
20, 223
57, 223
60, 223
37, 223
5, 223
65, 223
17, 223
1, 223
4, 223
22, 223
8, 223
5, 223
26, 223
15, 223
1, 223
32, 223
26, 223
23, 223
19, 223
144, 223
9, 223
48, 223
47, 223
16, 223
75, 223
113, 223
127, 223
3, 223
1, 223
15, 223
80, 223
73, 223
102, 223
113, 223
29, 223
9, 223
2, 223
2, 223
4, 223
186, 223
34, 223
58, 223
37, 223
100, 223
119, 223
3, 223
38, 223
41, 223
15, 223
10, 223
1, 223
4, 223
62, 223
78, 223
41, 223
26, 223
13, 223
7, 223
16, 223
7, 223
128, 223
12, 223
37, 223
11, 223
56, 223
25, 223
9, 223
19, 223
25, 223
30, 223
18, 223
56, 223
47, 223
2, 223
11, 223
9, 223
16, 223
18, 223
5, 223
17, 223
1, 223
1, 223
21, 223
15, 223
1, 223
4, 223
8, 223
40, 223
3, 223
2, 223
32, 223
17, 223
13, 223
35, 223
11, 223
2, 223
2, 223
48, 223
5, 223
20, 223
10, 223
51, 223
46, 223
5, 223
26, 223
13, 223
10, 223
11, 223
21, 223
7, 223
33, 223
2, 223
14, 223
49, 223
4, 223
12, 223
1, 223
3, 223
12, 223
3, 223
6, 223
61, 223
91, 223
60, 223
0, 223
46, 223
8, 223
17, 223
22, 223
47, 223
115, 223
17, 223
6, 223
34, 223
3, 223
179, 223
106, 223
20, 223
195, 223
71, 223
23, 223
27, 223
40, 223
45, 223
2, 223
64, 223
10, 223
18, 223
201, 223
2, 223
106, 223
63, 223
16, 223
10, 223
56, 223
47, 223
0, 223
28, 223
48, 223
73, 223
76, 223
8, 223
7, 223
177, 223
19, 223
8, 223
42, 223
15, 223
31, 223
15, 223
6, 223
49, 223
156, 223
82, 223
50, 223
1, 223
4, 223
46, 223
82, 223
37, 223
88, 223
131, 223
0, 223
5, 223
17, 223
19, 223
7, 223
43, 223
66, 223
2, 223
41, 223
55, 223
8, 223
170, 223
112, 223
53, 223
12, 223
101, 223
86, 223
204, 223
285, 285
43, 285
8, 285
54, 285
28, 285
40, 285
46, 285
32, 285
10, 285
29, 285
1, 285
72, 285
71, 285
202, 285
9, 285
18, 285
209, 285
52, 285
94, 285
52, 285
1, 285
9, 285
8, 285
28, 285
2, 285
49, 285
0, 285
18, 285
44, 285
14, 285
26, 285
108, 285
132, 285
7, 285
42, 285
177, 285
63, 285
30, 285
114, 285
39, 285
93, 285
306, 306
181, 306
18, 306
54, 306
116, 306
76, 306
0, 306
51, 306
123, 306
1, 306
6, 306
114, 306
27, 306
11, 306
49, 306
74, 306
49, 306
63, 306
203, 306
9, 306
43, 306
99, 306
4, 306
19, 306
11, 306
5, 306
45, 306
54, 306
14, 306
1, 306
33, 306
25, 306
43, 306
2, 306
4, 306
5, 306
2, 306
26, 306
46, 306
14, 306
70, 306
79, 306
4, 306
46, 306
115, 306
20, 306
8, 306
0, 306
24, 306
30, 306
17, 306
1, 306
150, 306
18, 306
58, 306
33, 306
19, 306
159, 306
48, 306
26, 306
3, 306
5, 306
2, 306
79, 306
4, 306
117, 306
19, 306
59, 306
7, 306
24, 306
9, 306
56, 306
12, 306
58, 306
48, 306
58, 306
32, 306
27, 306
102, 306
27, 306
70, 306
18, 306
93, 306
40, 306
12, 306
9, 306
2, 306
73, 306
229, 306
145, 306
201, 306
87, 306
118, 306
448, 448
23, 448
154, 448
62, 448
34, 448
9, 448
264, 448
26, 448
69, 448
217, 448
16, 448
136, 448
49, 448
120, 448
321, 448
113, 448
114, 448
19, 448
24, 448
11, 448
9, 448
16, 448
42, 448
5, 448
118, 448
19, 448
23, 448
40, 448
15, 448
12, 448
4, 448
48, 448
8, 448
1, 448
31, 448
30, 448
57, 448
19, 448
3, 448
109, 448
42, 448
2, 448
16, 448
0, 448
2, 448
87, 448
24, 448
47, 448
38, 448
26, 448
18, 448
4, 448
26, 448
17, 448
12, 448
100, 448
19, 448
19, 448
51, 448
5, 448
18, 448
8, 448
15, 448
6, 448
8, 448
32, 448
20, 448
8, 448
39, 448
1, 448
18, 448
17, 448
6, 448
7, 448
132, 448
18, 448
7, 448
155, 448
60, 448
50, 448
21, 448
28, 448
23, 448
3, 448
118, 448
11, 448
32, 448
35, 448
1, 448
310, 448
276, 448
10, 448
190, 448
211, 448
7, 448
264, 448
87, 448
149, 448
149, 448
36, 448
185, 448
337, 448
10, 448
36, 448
25, 448
28, 448
19, 448
24, 448
43, 448
2, 448
6, 448
5, 448
11, 448
4, 448
4, 448
25, 448
69, 448
73, 448
2, 448
27, 448
21, 448
10, 448
39, 448
16, 448
120, 448
85, 448
15, 448
22, 448
192, 448
38, 448
12, 448
24, 448
11, 448
14, 448
65, 448
53, 448
52, 448
73, 448
31, 448
27, 448
37, 448
113, 448
33, 448
67, 448
3, 448
22, 448
8, 448
10, 448
54, 448
26, 448
11, 448
119, 448
3, 448
6, 448
37, 448
9, 448
47, 448
16, 448
177, 448
50, 448
19, 448
12, 448
22, 448
147, 448
15, 448
37, 448
6, 448
29, 448
142, 448
57, 448
37, 448
38, 448
19, 448
155, 448
2, 448
61, 448
78, 448
54, 448
36, 448
40, 448
53, 448
5, 448
3, 448
27, 448
18, 448
45, 448
33, 448
16, 448
141, 448
33, 448
22, 448
7, 448
33, 448
123, 448
154, 448
134, 448
27, 448
83, 448
6, 448
296, 448
133, 448
71, 448
88, 448
103, 448
21, 448
55, 448
5, 448
1, 448
81, 448
542, 542
192, 542
300, 542
4, 542
40, 542
236, 542
138, 542
62, 542
538, 542
5, 542
482, 542
183, 542
47, 542
34, 542
513, 542
59, 542
282, 542
1035, 1035
317, 1035
173, 1035
3, 1035
161, 1035
21, 1035
41, 1035
428, 1035
246, 1035
106, 1035
427, 1035
2, 1035
118, 1035
14, 1035
386, 1035
178, 1035
62, 1035
34, 1035
106, 1035
137, 1035
145, 1035
7, 1035
20, 1035
763, 1035
447, 1035
493, 1035
24, 1035
348, 1035
25, 1035
93, 1035
71, 1035
73, 1035
189, 1035
51, 1035
7, 1035
24, 1035
86, 1035
62, 1035
16, 1035
41, 1035
7, 1035
26, 1035
23, 1035
10, 1035
19, 1035
12, 1035
55, 1035
283, 1035
2, 1035
29, 1035
41, 1035
94, 1035
16, 1035
16, 1035
16, 1035
6, 1035
24, 1035
18, 1035
269, 1035
29, 1035
417, 1035
93, 1035
12, 1035
98, 1035
14, 1035
22, 1035
127, 1035
33, 1035
213, 1035
18, 1035
116, 1035
34, 1035
71, 1035
105, 1035
3, 1035
11, 1035
7, 1035
54, 1035
15, 1035
55, 1035
62, 1035
0, 1035
5, 1035
8, 1035
32, 1035
30, 1035
128, 1035
25, 1035
3, 1035
4, 1035
26, 1035
38, 1035
17, 1035
34, 1035
15, 1035
82, 1035
84, 1035
103, 1035
11, 1035
9, 1035
31, 1035
14, 1035
32, 1035
57, 1035
415, 1035
2, 1035
256, 1035
84, 1035
25, 1035
28, 1035
63, 1035
48, 1035
15, 1035
45, 1035
38, 1035
86, 1035
143, 1035
4, 1035
45, 1035
17, 1035
8, 1035
70, 1035
95, 1035
90, 1035
9, 1035
11, 1035
18, 1035
7, 1035
18, 1035
286, 1035
103, 1035
72, 1035
210, 1035
76, 1035
22, 1035
33, 1035
203, 1035
43, 1035
8, 1035
86, 1035
56, 1035
30, 1035
42, 1035
19, 1035
164, 1035
9, 1035
68, 1035
7, 1035
76, 1035
14, 1035
220, 1035
63, 1035
76, 1035
1, 1035
14, 1035
10, 1035
5, 1035
0, 1035
52, 1035
0, 1035
110, 1035
91, 1035
100, 1035
74, 1035
90, 1035
73, 1035
46, 1035
11, 1035
48, 1035
8, 1035
32, 1035
13, 1035
63, 1035
16, 1035
67, 1035
9, 1035
9, 1035
97, 1035
12, 1035
9, 1035
31, 1035
3, 1035
15, 1035
18, 1035
24, 1035
30, 1035
82, 1035
4, 1035
0, 1035
11, 1035
64, 1035
13, 1035
9, 1035
2, 1035
61, 1035
25, 1035
12, 1035
24, 1035
5, 1035
17, 1035
75, 1035
3, 1035
4, 1035
137, 1035
70, 1035
11, 1035
53, 1035
55, 1035
22, 1035
6, 1035
113, 1035
38, 1035
72, 1035
9, 1035
55, 1035
1, 1035
9, 1035
25, 1035
4, 1035
25, 1035
18, 1035
34, 1035
5, 1035
6, 1035
33, 1035
83, 1035
1, 1035
14, 1035
29, 1035
31, 1035
4, 1035
7, 1035
38, 1035
15, 1035
5, 1035
33, 1035
41, 1035
20, 1035
6, 1035
87, 1035
20, 1035
32, 1035
16, 1035
19, 1035
8, 1035
207, 1035
87, 1035
1, 1035
19, 1035
26, 1035
7, 1035
29, 1035
22, 1035
84, 1035
43, 1035
82, 1035
16, 1035
78, 1035
15, 1035
98, 1035
20, 1035
27, 1035
9, 1035
7, 1035
5, 1035
1, 1035
82, 1035
2, 1035
5, 1035
57, 1035
3, 1035
41, 1035
88, 1035
206, 1035
8, 1035
298, 1035
3, 1035
432, 1035
18, 1035
5, 1035
110, 1035
19, 1035
358, 1035
12, 1035
20, 1035
3, 1035
16, 1035
41, 1035
7, 1035
292, 1035
103, 1035
268, 1035
29, 1035
68, 1035
37, 1035
97, 1035
9, 1035
2, 1035
6, 1035
33, 1035
38, 1035
136, 1035
6, 1035
10, 1035
11, 1035
10, 1035
9, 1035
136, 1035
72, 1035
3, 1035
117, 1035
17, 1035
31, 1035
88, 1035
122, 1035
35, 1035
11, 1035
28, 1035
260, 1035
168, 1035
77, 1035
169, 1035
0, 1035
76, 1035
142, 1035
13, 1035
98, 1035
202, 1035
54, 1035
1, 1035
16, 1035
96, 1035
111, 1035
0, 1035
15, 1035
18, 1035
123, 1035
33, 1035
22, 1035
47, 1035
41, 1035
79, 1035
30, 1035
68, 1035
16, 1035
1, 1035
20, 1035
70, 1035
11, 1035
28, 1035
18, 1035
2, 1035
34, 1035
11, 1035
3, 1035
66, 1035
0, 1035
170, 1035
23, 1035
68, 1035
47, 1035
14, 1035
56, 1035
1, 1035
7, 1035
2, 1035
98, 1035
76, 1035
27, 1035
17, 1035
30, 1035
28, 1035
17, 1035
50, 1035
38, 1035
36, 1035
128, 1035
20, 1035
136, 1035
222, 1035
4, 1035
6, 1035
49, 1035
41, 1035
68, 1035
59, 1035
40, 1035
40, 1035
40, 1035
36, 1035
7, 1035
20, 1035
5, 1035
12, 1035
15, 1035
119, 1035
20, 1035
14, 1035
17, 1035
7, 1035
3, 1035
12, 1035
2, 1035
52, 1035
18, 1035
35, 1035
64, 1035
13, 1035
48, 1035
13, 1035
116, 1035
13, 1035
43, 1035
24, 1035
13, 1035
15, 1035
3, 1035
447, 1035
1, 1035
28, 1035
167, 1035
2, 1035
55, 1035
115, 1035
49, 1035
186, 1035
5, 1035
3, 1035
41, 1035
5, 1035
29, 1035
53, 1035
11, 1035
368, 1035
253, 1035
317, 1035
79, 1035
86, 1035
2, 1035
6, 1035
179, 1035
100, 1035
104, 1035
83, 1035
254, 1035
102, 1035
18, 1035
19, 1035
107, 1035
5, 1035
39, 1035
29, 1035
10, 1035
29, 1035
42, 1035
45, 1035
42, 1035
58, 1035
35, 1035
202, 1035
77, 1035
56, 1035
67, 1035
10, 1035
16, 1035
5, 1035
14, 1035
12, 1035
68, 1035
23, 1035
1, 1035
2, 1035
9, 1035
2, 1035
172, 1035
20, 1035
41, 1035
29, 1035
111, 1035
7, 1035
3, 1035
28, 1035
11, 1035
2, 1035
30, 1035
19, 1035
5, 1035
36, 1035
9, 1035
8, 1035
52, 1035
16, 1035
27, 1035
54, 1035
4, 1035
12, 1035
32, 1035
15, 1035
11, 1035
27, 1035
15, 1035
7, 1035
18, 1035
66, 1035
7, 1035
65, 1035
1, 1035
83, 1035
142, 1035
16, 1035
0, 1035
22, 1035
45, 1035
91, 1035
66, 1035
87, 1035
10, 1035
35, 1035
61, 1035
47, 1035
31, 1035
4, 1035
15, 1035
128, 1035
2, 1035
26, 1035
219, 1035
350, 1035
97, 1035
152, 1035
213, 1035
68, 1035
308, 1035
99, 1035
61, 1035
9, 1035
100, 1035
92, 1035
55, 1035
21, 1035
11, 1035
50, 1035
245, 1035
173, 1035
160, 1035
38, 1035
174, 1035
44, 1035
90, 1035
157, 1035
2, 1035
16, 1035
151, 1035
88, 1035
19, 1035
45, 1035
30, 1035
164, 1035
64, 1035
77, 1035
148, 1035
83, 1035
160, 1035
104, 1035
20, 1035
178, 1035
247, 1035
73, 1035
62, 1035
26, 1035
21, 1035
3, 1035
107, 1035
15, 1035
168, 1035
268, 1035
16, 1035
51, 1035
4, 1035
8, 1035
72, 1035
0, 1035
33, 1035
120, 1035
5, 1035
0, 1035
110, 1035
121, 1035
156, 1035
34, 1035
15, 1035
23, 1035
2, 1035
103, 1035
9, 1035
158, 1035
51, 1035
243, 1035
110, 1035
49, 1035
360, 1035
97, 1035
32, 1035
13, 1035
32, 1035
103, 1035
38, 1035
23, 1035
141, 1035
24, 1035
1, 1035
1, 1035
16, 1035
7, 1035
55, 1035
74, 1035
19, 1035
6, 1035
85, 1035
42, 1035
5, 1035
53, 1035
6, 1035
172, 1035
26, 1035
20, 1035
15, 1035
34, 1035
32, 1035
7, 1035
17, 1035
8, 1035
4, 1035
21, 1035
143, 1035
27, 1035
60, 1035
108, 1035
59, 1035
60, 1035
20, 1035
4, 1035
19, 1035
57, 1035
27, 1035
18, 1035
208, 1035
76, 1035
14, 1035
36, 1035
65, 1035
14, 1035
7, 1035
25, 1035
31, 1035
58, 1035
48, 1035
28, 1035
14, 1035
6, 1035
92, 1035
35, 1035
59, 1035
3, 1035
36, 1035
23, 1035
37, 1035
4, 1035
9, 1035
32, 1035
38, 1035
20, 1035
22, 1035
5, 1035
2, 1035
66, 1035
55, 1035
4, 1035
16, 1035
23, 1035
51, 1035
12, 1035
1, 1035
56, 1035
7, 1035
3, 1035
5, 1035
4, 1035
10, 1035
10, 1035
2, 1035
2, 1035
23, 1035
12, 1035
38, 1035
53, 1035
1, 1035
2, 1035
103, 1035
21, 1035
9, 1035
21, 1035
102, 1035
35, 1035
32, 1035
1, 1035
6, 1035
14, 1035
1, 1035
4, 1035
16, 1035
20, 1035
37, 1035
52, 1035
11, 1035
8, 1035
14, 1035
17, 1035
5, 1035
8, 1035
3, 1035
18, 1035
69, 1035
27, 1035
28, 1035
16, 1035
15, 1035
5, 1035
7, 1035
14, 1035
1, 1035
18, 1035
16, 1035
25, 1035
62, 1035
7, 1035
24, 1035
13, 1035
3, 1035
6, 1035
19, 1035
27, 1035
2, 1035
30, 1035
8, 1035
42, 1035
0, 1035
2, 1035
55, 1035
18, 1035
8, 1035
29, 1035
19, 1035
33, 1035
131, 1035
48, 1035
20, 1035
9, 1035
15, 1035
2, 1035
1, 1035
24, 1035
16, 1035
32, 1035
10, 1035
13, 1035
34, 1035
23, 1035
17, 1035
26, 1035
20, 1035
2, 1035
13, 1035
6, 1035
1, 1035
3, 1035
2, 1035
40, 1035
101, 1035
20, 1035
15, 1035
23, 1035
7, 1035
27, 1035
13, 1035
2, 1035
24, 1035
26, 1035
54, 1035
1, 1035
3, 1035
7, 1035
17, 1035
9, 1035
34, 1035
12, 1035
32, 1035
29, 1035
1, 1035
14, 1035
10, 1035
34, 1035
25, 1035
51, 1035
12, 1035
36, 1035
18, 1035
16, 1035
9, 1035
2, 1035
17, 1035
4, 1035
109, 1035
30, 1035
38, 1035
232, 1035
113, 1035
74, 1035
15, 1035
106, 1035
4, 1035
54, 1035
23, 1035
32, 1035
68, 1035
3, 1035
10, 1035
53, 1035
32, 1035
37, 1035
65, 1035
4, 1035
1, 1035
1, 1035
0, 1035
8, 1035
10, 1035
37, 1035
23, 1035
5, 1035
36, 1035
13, 1035
37, 1035
44, 1035
4, 1035
5, 1035
32, 1035
25, 1035
34, 1035
24, 1035
10, 1035
12, 1035
22, 1035
47, 1035
9, 1035
3, 1035
17, 1035
101, 1035
94, 1035
68, 1035
6, 1035
24, 1035
38, 1035
41, 1035
0, 1035
15, 1035
1, 1035
47, 1035
149, 1035
15, 1035
25, 1035
7, 1035
0, 1035
13, 1035
27, 1035
62, 1035
29, 1035
26, 1035
3, 1035
7, 1035
11, 1035
1, 1035
1, 1035
1, 1035
6, 1035
2, 1035
0, 1035
56, 1035
45, 1035
18, 1035
43, 1035
30, 1035
13, 1035
16, 1035
191, 1035
70, 1035
61, 1035
25, 1035
18, 1035
5, 1035
40, 1035
5, 1035
33, 1035
21, 1035
3, 1035
7, 1035
10, 1035
245, 1035
54, 1035
35, 1035
54, 1035
34, 1035
73, 1035
38, 1035
0, 1035
6, 1035
4, 1035
119, 1035
25, 1035
65, 1035
61, 1035
46, 1035
104, 1035
59, 1035
3, 1035
13, 1035
81, 1035
44, 1035
19, 1035
4, 1035
166, 1035
28, 1035
24, 1035
54, 1035
147, 1035
126, 1035
66, 1035
33, 1035
34, 1035
28, 1035
12, 1035
1, 1035
11, 1035
26, 1035
155, 1035
13, 1035
65, 1035
19, 1035
80, 1035
5, 1035
5, 1035
10, 1035
132, 1035
8, 1035
25, 1035
22, 1035
22, 1035
14, 1035
3, 1035
1, 1035
34, 1035
11, 1035
28, 1035
7, 1035
3, 1035
23, 1035
31, 1035
19, 1035
1, 1035
25, 1035
14, 1035
15, 1035
21, 1035
45, 1035
5, 1035
6, 1035
3, 1035
74, 1035
6, 1035
13, 1035
5, 1035
4, 1035
5, 1035
11, 1035
10, 1035
11, 1035
43, 1035
25, 1035
23, 1035
14, 1035
32, 1035
69, 1035
19, 1035
117, 1035
35, 1035
2, 1035
36, 1035
36, 1035
100, 1035
120, 1035
9, 1035
31, 1035
10, 1035
101, 1035
70, 1035
197, 1035
41, 1035
12, 1035
4, 1035
39, 1035
62, 1035
3, 1035
31, 1035
223, 1035
34, 1035
28, 1035
183, 1035
37, 1035
31, 1035
28, 1035
26, 1035
74, 1035
152, 1035
15, 1035
17, 1035
83, 1035
41, 1035
48, 1035
16, 1035
5, 1035
79, 1035
111, 1035
64, 1035
7, 1035
59, 1035
14, 1035
34, 1035
33, 1035
23, 1035
131, 1035
180, 1035
7, 1035
96, 1035
20, 1035
2, 1035
0, 1035
14, 1035
3, 1035
15, 1035
51, 1035
13, 1035
1, 1035
4, 1035
28, 1035
9, 1035
107, 1035
1, 1035
10, 1035
7, 1035
18, 1035
32, 1035
0, 1035
2, 1035
10, 1035
15, 1035
11, 1035
36, 1035
25, 1035
13, 1035
23, 1035
17, 1035
8, 1035
36, 1035
5, 1035
5, 1035
8, 1035
21, 1035
34, 1035
127, 1035
10, 1035
70, 1035
136, 1035
5, 1035
9, 1035
4, 1035
81, 1035
37, 1035
8, 1035
78, 1035
14, 1035
18, 1035
32, 1035
59, 1035
134, 1035
30, 1035
12, 1035
23, 1035
6, 1035
10, 1035
13, 1035
81, 1035
26, 1035
60, 1035
16, 1035
126, 1035
11, 1035
17, 1035
19, 1035
48, 1035
67, 1035
151, 1035
36, 1035
34, 1035
3, 1035
62, 1035
91, 1035
29, 1035
1, 1035
72, 1035
93, 1035
0, 1035
167, 1035
136, 1035
2, 1035
19, 1035
18, 1035
11, 1035
2, 1035
9, 1035
33, 1035
57, 1035
17, 1035
20, 1035
2, 1035
5, 1035
24, 1035
16, 1035
4, 1035
51, 1035
22, 1035
29, 1035
29, 1035
1, 1035
10, 1035
4, 1035
9, 1035
6, 1035
11, 1035
13, 1035
53, 1035
20, 1035
11, 1035
86, 1035
23, 1035
1, 1035
90, 1035
36, 1035
3, 1035
7, 1035
40, 1035
6, 1035
97, 1035
111, 1035
2, 1035
149, 1035
100, 1035
0, 1035
72, 1035
55, 1035
61, 1035
34, 1035
22, 1035
210, 1035
1, 1035
43, 1035
11, 1035
117, 1035
33, 1035
68, 1035
4, 1035
24, 1035
1, 1035
23, 1035
18, 1035
62, 1035
75, 1035
62, 1035
3, 1035
169, 1035
34, 1035
15, 1035
24, 1035
5, 1035
13, 1035
145, 1035
63, 1035
131, 1035
163, 1035
765, 1035
118, 1035
101, 1035
42, 1035
21, 1035
12, 1035
41, 1035
42, 1035
38, 1035
298, 1035
6, 1035
246, 1035
18, 1035
24, 1035
294, 1035
346, 1035
9, 1035
3, 1035
15, 1035
2, 1035
58, 1035
16, 1035
31, 1035
38, 1035
27, 1035
7, 1035
23, 1035
96, 1035
24, 1035
30, 1035
1, 1035
11, 1035
26, 1035
13, 1035
4, 1035
50, 1035
2, 1035
33, 1035
18, 1035
27, 1035
65, 1035
56, 1035
25, 1035
4, 1035
11, 1035
71, 1035
205, 1035
21, 1035
9, 1035
13, 1035
20, 1035
77, 1035
111, 1035
14, 1035
54, 1035
187, 1035
1, 1035
172, 1035
48, 1035
53, 1035
101, 1035
10, 1035
19, 1035
310, 1035
2, 1035
381, 1035
160, 1035
189, 1035
49, 1035
9, 1035
41, 1035
50, 1035
1, 1035
702, 1035
109, 1035
56, 1035
134, 1035
46, 1035
74, 1035
30, 1035
107, 1035
38, 1035
10, 1035
33, 1035
1, 1035
25, 1035
1, 1035
69, 1035
9, 1035
20, 1035
25, 1035
61, 1035
41, 1035
2, 1035
59, 1035
9, 1035
123, 1035
113, 1035
275, 1035
74, 1035
292, 1035
129, 1035
26, 1035
14, 1035
122, 1035
7, 1035
31, 1035
10, 1035
344, 1035
39, 1035
4, 1035
1, 1035
48, 1035
30, 1035
9, 1035
66, 1035
31, 1035
13, 1035
1, 1035
23, 1035
3, 1035
4, 1035
14, 1035
23, 1035
40, 1035
4, 1035
52, 1035
11, 1035
2, 1035
75, 1035
111, 1035
14, 1035
7, 1035
51, 1035
58, 1035
93, 1035
17, 1035
145, 1035
153, 1035
29, 1035
81, 1035
14, 1035
1, 1035
161, 1035
7, 1035
1, 1035
45, 1035
19, 1035
10, 1035
122, 1035
24, 1035
104, 1035
152, 1035
271, 1035
6, 1035
37, 1035
39, 1035
22, 1035
2, 1035
94, 1035
26, 1035
31, 1035
18, 1035
14, 1035
36, 1035
6, 1035
2, 1035
9, 1035
62, 1035
16, 1035
6, 1035
6, 1035
158, 1035
4, 1035
12, 1035
100, 1035
25, 1035
91, 1035
116, 1035
68, 1035
148, 1035
77, 1035
141, 1035
335, 1035
53, 1035
86, 1035
81, 1035
10, 1035
8, 1035
33, 1035
15, 1035
75, 1035
38, 1035
27, 1035
17, 1035
10, 1035
18, 1035
154, 1035
86, 1035
24, 1035
191, 1035
13, 1035
74, 1035
1, 1035
309, 1035
4, 1035
79, 1035
18, 1035
27, 1035
137, 1035
11, 1035
14, 1035
288, 1035
223, 1035
65, 1035
5, 1035
13, 1035
61, 1035
24, 1035
30, 1035
9, 1035
28, 1035
27, 1035
40, 1035
0, 1035
9, 1035
15, 1035
9, 1035
93, 1035
1, 1035
20, 1035
19, 1035
55, 1035
12, 1035
50, 1035
15, 1035
24, 1035
3, 1035
32, 1035
9, 1035
8, 1035
0, 1035
11, 1035
8, 1035
0, 1035
6, 1035
5, 1035
11, 1035
105, 1035
0, 1035
111, 1035
56, 1035
56, 1035
36, 1035
42, 1035
10, 1035
18, 1035
3, 1035
11, 1035
33, 1035
70, 1035
41, 1035
4, 1035
10, 1035
75, 1035
17, 1035
3, 1035
33, 1035
7, 1035
46, 1035
15, 1035
84, 1035
7, 1035
7, 1035
5, 1035
5, 1035
21, 1035
5, 1035
22, 1035
40, 1035
66, 1035
58, 1035
34, 1035
68, 1035
13, 1035
18, 1035
12, 1035
15, 1035
2, 1035
20, 1035
14, 1035
12, 1035
15, 1035
49, 1035
6, 1035
26, 1035
211, 1035
68, 1035
44, 1035
10, 1035
25, 1035
66, 1035
170, 1035
63, 1035
193, 1035
45, 1035
282, 1035
96, 1035
5, 1035
96, 1035
449, 1035
13, 1035
63, 1035
7, 1035
10, 1035
281, 1035
41, 1035
105, 1035
5, 1035
29, 1035
3, 1035
106, 1035
96, 1035
129, 1035
39, 1035
388, 1035
216, 1035
2, 1035
44, 1035
43, 1035
0, 1035
28, 1035
145, 1035
210, 1035
3, 1035
10, 1035
86, 1035
21, 1035
18, 1035
31, 1035
0, 1035
1, 1035
8, 1035
10, 1035
18, 1035
22, 1035
3, 1035
35, 1035
11, 1035
3, 1035
10, 1035
11, 1035
6, 1035
71, 1035
31, 1035
12, 1035
50, 1035
0, 1035
39, 1035
204, 1035
47, 1035
11, 1035
23, 1035
8, 1035
15, 1035
52, 1035
17, 1035
5, 1035
25, 1035
9, 1035
27, 1035
19, 1035
7, 1035
8, 1035
26, 1035
68, 1035
26, 1035
53, 1035
38, 1035
77, 1035
24, 1035
2, 1035
38, 1035
147, 1035
11, 1035
189, 1035
9, 1035
123, 1035
24, 1035
4, 1035
10, 1035
36, 1035
14, 1035
31, 1035
56, 1035
21, 1035
42, 1035
35, 1035
70, 1035
12, 1035
2, 1035
20, 1035
26, 1035
44, 1035
6, 1035
53, 1035
53, 1035
42, 1035
2, 1035
6, 1035
13, 1035
5, 1035
1, 1035
52, 1035
8, 1035
5, 1035
26, 1035
6, 1035
62, 1035
21, 1035
72, 1035
75, 1035
29, 1035
14, 1035
10, 1035
14, 1035
33, 1035
6, 1035
10, 1035
47, 1035
58, 1035
45, 1035
109, 1035
149, 1035
205, 1035
63, 1035
20, 1035
28, 1035
53, 1035
3, 1035
3, 1035
0, 1035
25, 1035
15, 1035
68, 1035
41, 1035
7, 1035
123, 1035
30, 1035
7, 1035
132, 1035
57, 1035
29, 1035
17, 1035
2, 1035
2, 1035
10, 1035
45, 1035
43, 1035
65, 1035
5, 1035
14, 1035
3, 1035
41, 1035
83, 1035
15, 1035
21, 1035
15, 1035
15, 1035
2, 1035
39, 1035
34, 1035
11, 1035
29, 1035
30, 1035
19, 1035
146, 1035
23, 1035
35, 1035
23, 1035
28, 1035
21, 1035
6, 1035
39, 1035
171, 1035
65, 1035
40, 1035
213, 1035
29, 1035
20, 1035
201, 1035
18, 1035
36, 1035
72, 1035
311, 1035
25, 1035
98, 1035
5, 1035
68, 1035
83, 1035
48, 1035
35, 1035
82, 1035
49, 1035
11, 1035
37, 1035
6, 1035
36, 1035
66, 1035
9, 1035
7, 1035
28, 1035
33, 1035
26, 1035
3, 1035
80, 1035
192, 1035
20, 1035
30, 1035
134, 1035
43, 1035
161, 1035
1, 1035
42, 1035
18, 1035
3, 1035
37, 1035
18, 1035
148, 1035
9, 1035
10, 1035
3, 1035
50, 1035
0, 1035
6, 1035
3, 1035
18, 1035
35, 1035
35, 1035
65, 1035
101, 1035
13, 1035
12, 1035
63, 1035
4, 1035
64, 1035
9, 1035
8, 1035
1, 1035
2, 1035
8, 1035
0, 1035
25, 1035
2, 1035
14, 1035
46, 1035
32, 1035
7, 1035
41, 1035
4, 1035
2, 1035
30, 1035
45, 1035
0, 1035
6, 1035
138, 1035
28, 1035
4, 1035
9, 1035
5, 1035
75, 1035
21, 1035
2, 1035
42, 1035
4, 1035
108, 1035
28, 1035
9, 1035
48, 1035
68, 1035
14, 1035
30, 1035
11, 1035
25, 1035
106, 1035
3, 1035
23, 1035
74, 1035
22, 1035
101, 1035
78, 1035
14, 1035
26, 1035
11, 1035
8, 1035
0, 1035
34, 1035
11, 1035
32, 1035
57, 1035
84, 1035
112, 1035
14, 1035
12, 1035
6, 1035
44, 1035
81, 1035
102, 1035
20, 1035
15, 1035
10, 1035
60, 1035
76, 1035
11, 1035
4, 1035
19, 1035
31, 1035
4, 1035
2, 1035
16, 1035
79, 1035
36, 1035
0, 1035
4, 1035
7, 1035
38, 1035
22, 1035
14, 1035
13, 1035
14, 1035
6, 1035
3, 1035
24, 1035
22, 1035
25, 1035
3, 1035
20, 1035
2, 1035
47, 1035
2, 1035
27, 1035
27, 1035
149, 1035
72, 1035
31, 1035
103, 1035
94, 1035
13, 1035
33, 1035
41, 1035
156, 1035
1, 1035
13, 1035
14, 1035
52, 1035
5, 1035
3, 1035
2, 1035
6, 1035
152, 1035
27, 1035
7, 1035
63, 1035
26, 1035
4, 1035
31, 1035
79, 1035
7, 1035
173, 1035
15, 1035
13, 1035
5, 1035
5, 1035
20, 1035
47, 1035
129, 1035
38, 1035
91, 1035
17, 1035
33, 1035
73, 1035
135, 1035
23, 1035
5, 1035
32, 1035
102, 1035
48, 1035
73, 1035
36, 1035
2, 1035
6, 1035
33, 1035
12, 1035
5, 1035
18, 1035
101, 1035
41, 1035
12, 1035
7, 1035
57, 1035
35, 1035
143, 1035
73, 1035
18, 1035
1, 1035
121, 1035
7, 1035
112, 1035
75, 1035
166, 1035
23, 1035
8, 1035
31, 1035
8, 1035
12, 1035
3, 1035
28, 1035
12, 1035
4, 1035
13, 1035
11, 1035
7, 1035
32, 1035
72, 1035
28, 1035
105, 1035
26, 1035
61, 1035
7, 1035
35, 1035
95, 1035
88, 1035
135, 1035
6, 1035
13, 1035
10, 1035
36, 1035
27, 1035
2, 1035
59, 1035
6, 1035
39, 1035
31, 1035
315, 1035
213, 1035
110, 1035
20, 1035
21, 1035
1, 1035
10, 1035
9, 1035
40, 1035
15, 1035
3, 1035
66, 1035
75, 1035
25, 1035
5, 1035
31, 1035
33, 1035
13, 1035
207, 1035
120, 1035
73, 1035
29, 1035
111, 1035
86, 1035
116, 1035
58, 1035
36, 1035
133, 1035
36, 1035
128, 1035
73, 1035
8, 1035
38, 1035
283, 1035
10, 1035
5, 1035
48, 1035
21, 1035
57, 1035
32, 1035
62, 1035
99, 1035
58, 1035
10, 1035
178, 1035
7, 1035
3, 1035
2, 1035
30, 1035
13, 1035
49, 1035
105, 1035
31, 1035
90, 1035
24, 1035
28, 1035
60, 1035
118, 1035
27, 1035
116, 1035
66, 1035
26, 1035
73, 1035
21, 1035
13, 1035
7, 1035
29, 1035
8, 1035
3, 1035
35, 1035
39, 1035
62, 1035
65, 1035
66, 1035
15, 1035
1, 1035
3, 1035
47, 1035
14, 1035
31, 1035
13, 1035
4, 1035
18, 1035
30, 1035
8, 1035
21, 1035
4, 1035
36, 1035
7, 1035
10, 1035
90, 1035
195, 1035
11, 1035
4, 1035
109, 1035
152, 1035
3, 1035
85, 1035
8, 1035
18, 1035
2, 1035
16, 1035
119, 1035
3, 1035
17, 1035
28, 1035
1, 1035
4, 1035
22, 1035
46, 1035
3, 1035
46, 1035
28, 1035
27, 1035
2, 1035
20, 1035
39, 1035
61, 1035
225, 1035
19, 1035
45, 1035
130, 1035
277, 1035
50, 1035
33, 1035
16, 1035
85, 1035
6, 1035
6, 1035
89, 1035
38, 1035
12, 1035
10, 1035
10, 1035
11, 1035
33, 1035
62, 1035
67, 1035
11, 1035
3, 1035
97, 1035
11, 1035
9, 1035
5, 1035
193, 1035
7, 1035
35, 1035
37, 1035
4, 1035
0, 1035
18, 1035
53, 1035
14, 1035
25, 1035
46, 1035
35, 1035
5, 1035
65, 1035
8, 1035
22, 1035
21, 1035
14, 1035
133, 1035
139, 1035
164, 1035
17, 1035
21, 1035
37, 1035
24, 1035
9, 1035
29, 1035
51, 1035
8, 1035
65, 1035
16, 1035
39, 1035
58, 1035
69, 1035
19, 1035
13, 1035
8, 1035
11, 1035
13, 1035
12, 1035
15, 1035
16, 1035
21, 1035
12, 1035
55, 1035
14, 1035
3, 1035
54, 1035
11, 1035
43, 1035
2, 1035
48, 1035
95, 1035
18, 1035
40, 1035
73, 1035
4, 1035
37, 1035
144, 1035
16, 1035
59, 1035
268, 1035
2, 1035
241, 1035
21, 1035
34, 1035
109, 1035
0, 1035
39, 1035
88, 1035
34, 1035
28, 1035
210, 1035
67, 1035
1, 1035
140, 1035
50, 1035
86, 1035
16, 1035
44, 1035
173, 1035
68, 1035
34, 1035
102, 1035
64, 1035
11, 1035
5, 1035
18, 1035
126, 1035
112, 1035
25, 1035
38, 1035
73, 1035
43, 1035
19, 1035
171, 1035
9, 1035
5, 1035
22, 1035
34, 1035
74, 1035
107, 1035
5, 1035
5, 1035
7, 1035
51, 1035
138, 1035
18, 1035
9, 1035
24, 1035
1, 1035
18, 1035
19, 1035
17, 1035
7, 1035
0, 1035
65, 1035
67, 1035
32, 1035
11, 1035
1, 1035
48, 1035
102, 1035
9, 1035
23, 1035
5, 1035
9, 1035
65, 1035
73, 1035
32, 1035
21, 1035
173, 1035
194, 1035
11, 1035
137, 1035
42, 1035
10, 1035
13, 1035
35, 1035
20, 1035
39, 1035
24, 1035
84, 1035
8, 1035
13, 1035
10, 1035
117, 1035
12, 1035
11, 1035
1, 1035
33, 1035
8, 1035
22, 1035
8, 1035
13, 1035
18, 1035
19, 1035
293, 1035
60, 1035
11, 1035
1, 1035
10, 1035
1, 1035
71, 1035
110, 1035
5, 1035
37, 1035
65, 1035
30, 1035
12, 1035
65, 1035
47, 1035
44, 1035
57, 1035
19, 1035
29, 1035
95, 1035
60, 1035
333, 1035
4, 1035
26, 1035
23, 1035
1, 1035
11, 1035
127, 1035
38, 1035
27, 1035
20, 1035
56, 1035
57, 1035
31, 1035
58, 1035
14, 1035
2, 1035
10, 1035
90, 1035
56, 1035
142, 1035
118, 1035
65, 1035
18, 1035
39, 1035
12, 1035
144, 1035
69, 1035
83, 1035
11, 1035
16, 1035
32, 1035
218, 1035
100, 1035
15, 1035
57, 1035
19, 1035
28, 1035
2, 1035
55, 1035
81, 1035
17, 1035
92, 1035
223, 1035
12, 1035
77, 1035
10, 1035
42, 1035
3, 1035
47, 1035
12, 1035
80, 1035
60, 1035
62, 1035
65, 1035
46, 1035
28, 1035
11, 1035
3, 1035
67, 1035
34, 1035
109, 1035
21, 1035
43, 1035
13, 1035
21, 1035
28, 1035
11, 1035
33, 1035
30, 1035
85, 1035
44, 1035
5, 1035
9, 1035
88, 1035
80, 1035
19, 1035
14, 1035
61, 1035
4, 1035
21, 1035
50, 1035
7, 1035
83, 1035
147, 1035
172, 1035
45, 1035
36, 1035
2, 1035
53, 1035
10, 1035
22, 1035
1, 1035
32, 1035
12, 1035
30, 1035
24, 1035
49, 1035
14, 1035
1, 1035
1, 1035
20, 1035
78, 1035
17, 1035
29, 1035
59, 1035
16, 1035
135, 1035
19, 1035
1, 1035
19, 1035
13, 1035
18, 1035
4, 1035
16, 1035
123, 1035
139, 1035
26, 1035
119, 1035
105, 1035
86, 1035
14, 1035
11, 1035
140, 1035
32, 1035
69, 1035
84, 1035
27, 1035
108, 1035
16, 1035
12, 1035
175, 1035
2, 1035
10, 1035
22, 1035
77, 1035
21, 1035
30, 1035
8, 1035
3, 1035
13, 1035
17, 1035
199, 1035
45, 1035
8, 1035
177, 1035
207, 1035
23, 1035
28, 1035
105, 1035
13, 1035
36, 1035
54, 1035
77, 1035
36, 1035
40, 1035
28, 1035
108, 1035
47, 1035
1, 1035
117, 1035
32, 1035
47, 1035
11, 1035
81, 1035
111, 1035
264, 1035
6, 1035
20, 1035
67, 1035
62, 1035
23, 1035
6, 1035
23, 1035
101, 1035
91, 1035
138, 1035
82, 1035
127, 1035
84, 1035
351, 1035
162, 1035
111, 1035
9, 1035
74, 1035
136, 1035
8, 1035
11, 1035
37, 1035
99, 1035
14, 1035
4, 1035
88, 1035
88, 1035
38, 1035
169, 1035
43, 1035
71, 1035
98, 1035
143, 1035
113, 1035
102, 1035
15, 1035
10, 1035
51, 1035
290, 1035
260, 1035
457, 1035
37, 1035
141, 1035
532, 1035
218, 1035
189, 1035
148, 1035
360, 1035
3, 1035
20, 1035
9, 1035
28, 1035
5, 1035
63, 1035
55, 1035
71, 1035
111, 1035
41, 1035
70, 1035
68, 1035
124, 1035
11, 1035
24, 1035
77, 1035
6, 1035
16, 1035
126, 1035
65, 1035
2, 1035
1, 1035
19, 1035
1, 1035
12, 1035
6, 1035
9, 1035
8, 1035
8, 1035
20, 1035
136, 1035
5, 1035
33, 1035
21, 1035
198, 1035
2, 1035
18, 1035
17, 1035
25, 1035
9, 1035
39, 1035
72, 1035
3, 1035
0, 1035
16, 1035
23, 1035
32, 1035
5, 1035
4, 1035
20, 1035
2, 1035
44, 1035
17, 1035
39, 1035
17, 1035
17, 1035
73, 1035
2, 1035
75, 1035
2, 1035
54, 1035
53, 1035
38, 1035
7, 1035
38, 1035
11, 1035
74, 1035
64, 1035
40, 1035
98, 1035
65, 1035
10, 1035
6, 1035
7, 1035
8, 1035
19, 1035
67, 1035
41, 1035
17, 1035
15, 1035
8, 1035
2, 1035
136, 1035
33, 1035
13, 1035
98, 1035
42, 1035
59, 1035
37, 1035
17, 1035
102, 1035
6, 1035
15, 1035
102, 1035
152, 1035
90, 1035
238, 1035
75, 1035
3, 1035
14, 1035
91, 1035
31, 1035
3, 1035
47, 1035
25, 1035
76, 1035
263, 1035
24, 1035
30, 1035
35, 1035
0, 1035
8, 1035
4, 1035
83, 1035
32, 1035
2, 1035
30, 1035
8, 1035
15, 1035
27, 1035
4, 1035
11, 1035
8, 1035
11, 1035
5, 1035
17, 1035
106, 1035
7, 1035
37, 1035
15, 1035
14, 1035
8, 1035
5, 1035
31, 1035
23, 1035
12, 1035
90, 1035
3, 1035
1, 1035
0, 1035
10, 1035
20, 1035
17, 1035
57, 1035
19, 1035
29, 1035
13, 1035
5, 1035
40, 1035
0, 1035
4, 1035
39, 1035
28, 1035
12, 1035
20, 1035
13, 1035
20, 1035
17, 1035
105, 1035
63, 1035
125, 1035
42, 1035
18, 1035
71, 1035
1, 1035
222, 1035
8, 1035
14, 1035
196, 1035
18, 1035
18, 1035
27, 1035
56, 1035
10, 1035
27, 1035
25, 1035
12, 1035
19, 1035
43, 1035
82, 1035
37, 1035
9, 1035
44, 1035
35, 1035
28, 1035
3, 1035
11, 1035
1, 1035
6, 1035
82, 1035
85, 1035
257, 1035
11, 1035
47, 1035
8, 1035
24, 1035
8, 1035
71, 1035
268, 1035
0, 1035
9, 1035
30, 1035
105, 1035
107, 1035
41, 1035
0, 1035
133, 1035
54, 1035
378, 1035
22, 1035
181, 1035
28, 1035
275, 1035
157, 1035
22, 1035
17, 1035
3, 1035
93, 1035
22, 1035
30, 1035
53, 1035
59, 1035
33, 1035
222, 1035
70, 1035
21, 1035
154, 1035
118, 1035
1, 1035
26, 1035
6, 1035
28, 1035
3, 1035
20, 1035
51, 1035
43, 1035
35, 1035
14, 1035
115, 1035
32, 1035
11, 1035
112, 1035
72, 1035
2, 1035
4, 1035
99, 1035
62, 1035
139, 1035
41, 1035
133, 1035
172, 1035
12, 1035
19, 1035
260, 1035
4, 1035
1, 1035
84, 1035
23, 1035
93, 1035
23, 1035
17, 1035
2, 1035
40, 1035
22, 1035
18, 1035
8, 1035
7, 1035
34, 1035
16, 1035
8, 1035
10, 1035
5, 1035
138, 1035
11, 1035
270, 1035
50, 1035
0, 1035
34, 1035
33, 1035
17, 1035
20, 1035
2, 1035
3, 1035
6, 1035
17, 1035
5, 1035
29, 1035
13, 1035
2, 1035
20, 1035
33, 1035
10, 1035
75, 1035
8, 1035
15, 1035
12, 1035
36, 1035
37, 1035
40, 1035
22, 1035
3, 1035
14, 1035
34, 1035
8, 1035
28, 1035
54, 1035
17, 1035
75, 1035
15, 1035
19, 1035
8, 1035
29, 1035
11, 1035
66, 1035
53, 1035
6, 1035
29, 1035
51, 1035
38, 1035
61, 1035
29, 1035
40, 1035
163, 1035
45, 1035
37, 1035
153, 1035
25, 1035
244, 1035
30, 1035
95, 1035
16, 1035
13, 1035
4, 1035
90, 1035
7, 1035
243, 1035
77, 1035
7, 1035
103, 1035
82, 1035
33, 1035
30, 1035
38, 1035
22, 1035
30, 1035
24, 1035
26, 1035
15, 1035
39, 1035
2, 1035
18, 1035
8, 1035
15, 1035
10, 1035
25, 1035
99, 1035
22, 1035
6, 1035
4, 1035
20, 1035
5, 1035
10, 1035
11, 1035
17, 1035
28, 1035
3, 1035
62, 1035
18, 1035
31, 1035
19, 1035
50, 1035
21, 1035
9, 1035
25, 1035
20, 1035
15, 1035
1, 1035
24, 1035
37, 1035
13, 1035
46, 1035
25, 1035
51, 1035
7, 1035
4, 1035
3, 1035
88, 1035
8, 1035
1, 1035
2, 1035
20, 1035
56, 1035
10, 1035
103, 1035
1, 1035
16, 1035
5, 1035
183, 1035
4, 1035
22, 1035
21, 1035
71, 1035
2, 1035
4, 1035
17, 1035
29, 1035
3, 1035
12, 1035
19, 1035
30, 1035
30, 1035
11, 1035
20, 1035
20, 1035
50, 1035
32, 1035
5, 1035
34, 1035
5, 1035
15, 1035
12, 1035
10, 1035
2, 1035
103, 1035
100, 1035
3, 1035
8, 1035
19, 1035
3, 1035
114, 1035
19, 1035
184, 1035
1, 1035
2, 1035
258, 1035
38, 1035
28, 1035
8, 1035
427, 1035
8, 1035
24, 1035
11, 1035
85, 1035
36, 1035
2, 1035
110, 1035
90, 1035
69, 1035
0, 1035
78, 1035
11, 1035
10, 1035
3, 1035
162, 1035
60, 1035
9, 1035
16, 1035
64, 1035
2, 1035
77, 1035
10, 1035
18, 1035
0, 1035
7, 1035
19, 1035
50, 1035
82, 1035
51, 1035
37, 1035
16, 1035
16, 1035
13, 1035
69, 1035
59, 1035
3, 1035
13, 1035
68, 1035
30, 1035
23, 1035
11, 1035
24, 1035
8, 1035
62, 1035
48, 1035
1, 1035
17, 1035
1, 1035
2, 1035
14, 1035
8, 1035
31, 1035
43, 1035
0, 1035
20, 1035
59, 1035
12, 1035
81, 1035
14, 1035
166, 1035
18, 1035
64, 1035
93, 1035
11, 1035
44, 1035
74, 1035
68, 1035
142, 1035
214, 1035
117, 1035
182, 1035
3, 1035
16, 1035
24, 1035
1, 1035
2, 1035
6, 1035
20, 1035
411, 1035
68, 1035
94, 1035
6, 1035
52, 1035
43, 1035
19, 1035
55, 1035
10, 1035
10, 1035
27, 1035
33, 1035
3, 1035
10, 1035
24, 1035
4, 1035
63, 1035
35, 1035
22, 1035
47, 1035
6, 1035
32, 1035
75, 1035
1, 1035
43, 1035
2, 1035
82, 1035
50, 1035
223, 1035
22, 1035
5, 1035
50, 1035
0, 1035
45, 1035
13, 1035
39, 1035
92, 1035
27, 1035
216, 1035
63, 1035
35, 1035
26, 1035
53, 1035
1, 1035
4, 1035
261, 1035
307, 1035
142, 1035
115, 1035
9, 1035
46, 1035
15, 1035
18, 1035
83, 1035
4, 1035
44, 1035
136, 1035
15, 1035
7, 1035
38, 1035
30, 1035
54, 1035
7, 1035
18, 1035
7, 1035
18, 1035
18, 1035
23, 1035
32, 1035
36, 1035
54, 1035
2, 1035
20, 1035
49, 1035
9, 1035
21, 1035
69, 1035
17, 1035
90, 1035
101, 1035
16, 1035
36, 1035
96, 1035
16, 1035
10, 1035
78, 1035
7, 1035
113, 1035
75, 1035
19, 1035
202, 1035
27, 1035
12, 1035
1, 1035
7, 1035
27, 1035
139, 1035
15, 1035
111, 1035
23, 1035
83, 1035
25, 1035
12, 1035
2, 1035
2, 1035
36, 1035
18, 1035
10, 1035
6, 1035
23, 1035
48, 1035
13, 1035
16, 1035
3, 1035
2, 1035
15, 1035
7, 1035
33, 1035
0, 1035
28, 1035
23, 1035
143, 1035
82, 1035
105, 1035
28, 1035
21, 1035
60, 1035
8, 1035
89, 1035
6, 1035
7, 1035
6, 1035
52, 1035
18, 1035
71, 1035
8, 1035
33, 1035
20, 1035
16, 1035
3, 1035
17, 1035
7, 1035
14, 1035
3, 1035
9, 1035
43, 1035
8, 1035
25, 1035
2, 1035
42, 1035
49, 1035
90, 1035
18, 1035
7, 1035
4, 1035
6, 1035
24, 1035
4, 1035
16, 1035
17, 1035
15, 1035
13, 1035
0, 1035
11, 1035
83, 1035
61, 1035
4, 1035
10, 1035
11, 1035
110, 1035
24, 1035
27, 1035
136, 1035
65, 1035
29, 1035
8, 1035
9, 1035
6, 1035
3, 1035
4, 1035
64, 1035
7, 1035
14, 1035
48, 1035
11, 1035
60, 1035
9, 1035
36, 1035
3, 1035
9, 1035
91, 1035
23, 1035
25, 1035
25, 1035
37, 1035
19, 1035
0, 1035
85, 1035
37, 1035
62, 1035
63, 1035
40, 1035
13, 1035
0, 1035
16, 1035
75, 1035
49, 1035
10, 1035
29, 1035
51, 1035
57, 1035
6, 1035
99, 1035
100, 1035
15, 1035
39, 1035
3, 1035
8, 1035
2, 1035
32, 1035
153, 1035
11, 1035
86, 1035
29, 1035
43, 1035
5, 1035
73, 1035
69, 1035
22, 1035
66, 1035
23, 1035
173, 1035
21, 1035
24, 1035
40, 1035
3, 1035
15, 1035
13, 1035
1, 1035
3, 1035
34, 1035
68, 1035
29, 1035
29, 1035
31, 1035
220, 1035
41, 1035
21, 1035
14, 1035
36, 1035
218, 1035
31, 1035
97, 1035
26, 1035
27, 1035
32, 1035
9, 1035
137, 1035
63, 1035
85, 1035
76, 1035
17, 1035
8, 1035
8, 1035
2, 1035
9, 1035
39, 1035
12, 1035
29, 1035
23, 1035
25, 1035
14, 1035
2, 1035
63, 1035
12, 1035
90, 1035
72, 1035
51, 1035
68, 1035
4, 1035
73, 1035
15, 1035
30, 1035
28, 1035
191, 1035
22, 1035
1, 1035
25, 1035
14, 1035
132, 1035
34, 1035
86, 1035
18, 1035
194, 1035
94, 1035
35, 1035
2, 1035
32, 1035
77, 1035
27, 1035
3, 1035
503, 1035
206, 1035
26, 1035
43, 1035
3, 1035
113, 1035
3, 1035
11, 1035
310, 1035
4, 1035
75, 1035
176, 1035
27, 1035
83, 1035
14, 1035
109, 1035
283, 1035
1, 1035
63, 1035
23, 1035
15, 1035
161, 1035
28, 1035
92, 1035
119, 1035
2, 1035
12, 1035
60, 1035
25, 1035
26, 1035
102, 1035
157, 1035
48, 1035
48, 1035
34, 1035
221, 1035
13, 1035
2, 1035
38, 1035
40, 1035
263, 1035
65, 1035
90, 1035
142, 1035
0, 1035
207, 1035
40, 1035
53, 1035
2, 1035
24, 1035
144, 1035
98, 1035
91, 1035
27, 1035
13, 1035
21, 1035
210, 1035
69, 1035
22, 1035
21, 1035
4, 1035
0, 1035
0, 1035
55, 1035
212, 1035
156, 1035
13, 1035
4, 1035
223, 1035
208, 1035
9, 1035
125, 1035
289, 1035
95, 1035
12, 1035
16, 1035
3, 1035
114, 1035
94, 1035
8, 1035
267, 1035
36, 1035
5, 1035
34, 1035
44, 1035
74, 1035
25, 1035
105, 1035
12, 1035
430, 1035
47, 1035
29, 1035
31, 1035
5, 1035
4, 1035
7, 1035
177, 1035
10, 1035
68, 1035
35, 1035
44, 1035
4, 1035
20, 1035
4, 1035
53, 1035
16, 1035
19, 1035
3, 1035
23, 1035
5, 1035
3, 1035
74, 1035
21, 1035
77, 1035
190, 1035
56, 1035
26, 1035
57, 1035
7, 1035
9, 1035
113, 1035
59, 1035
9, 1035
5, 1035
165, 1035
72, 1035
321, 1035
82, 1035
106, 1035
81, 1035
28, 1035
63, 1035
8, 1035
35, 1035
2, 1035
54, 1035
77, 1035
164, 1035
4, 1035
1, 1035
18, 1035
101, 1035
23, 1035
97, 1035
80, 1035
47, 1035
9, 1035
40, 1035
2, 1035
74, 1035
38, 1035
15, 1035
44, 1035
15, 1035
43, 1035
12, 1035
65, 1035
21, 1035
1, 1035
24, 1035
41, 1035
17, 1035
143, 1035
19, 1035
37, 1035
93, 1035
17, 1035
2, 1035
3, 1035
11, 1035
1, 1035
32, 1035
4, 1035
176, 1035
19, 1035
52, 1035
6, 1035
4, 1035
6, 1035
52, 1035
2, 1035
52, 1035
135, 1035
5, 1035
7, 1035
67, 1035
43, 1035
127, 1035
38, 1035
135, 1035
36, 1035
6, 1035
30, 1035
10, 1035
59, 1035
76, 1035
25, 1035
21, 1035
48, 1035
23, 1035
15, 1035
51, 1035
10, 1035
22, 1035
67, 1035
27, 1035
221, 1035
48, 1035
67, 1035
12, 1035
12, 1035
27, 1035
3, 1035
13, 1035
10, 1035
30, 1035
14, 1035
16, 1035
39, 1035
75, 1035
46, 1035
58, 1035
42, 1035
32, 1035
25, 1035
4, 1035
32, 1035
15, 1035
1, 1035
9, 1035
51, 1035
10, 1035
5, 1035
4, 1035
15, 1035
2, 1035
106, 1035
4, 1035
96, 1035
22, 1035
110, 1035
30, 1035
0, 1035
3, 1035
40, 1035
20, 1035
34, 1035
7, 1035
5, 1035
36, 1035
60, 1035
34, 1035
38, 1035
50, 1035
7, 1035
4, 1035
11, 1035
53, 1035
25, 1035
61, 1035
201, 1035
18, 1035
9, 1035
20, 1035
2, 1035
6, 1035
7, 1035
1, 1035
34, 1035
11, 1035
104, 1035
175, 1035
17, 1035
3, 1035
65, 1035
57, 1035
64, 1035
7, 1035
22, 1035
20, 1035
32, 1035
51, 1035
49, 1035
61, 1035
26, 1035
6, 1035
9, 1035
13, 1035
3, 1035
10, 1035
15, 1035
112, 1035
7, 1035
61, 1035
87, 1035
33, 1035
4, 1035
76, 1035
10, 1035
71, 1035
115, 1035
158, 1035
7, 1035
118, 1035
320, 1035
125, 1035
33, 1035
229, 1035
11, 1035
38, 1035
7, 1035
22, 1035
113, 1035
12, 1035
313, 1035
148, 1035
209, 1035
89, 1035
196, 1035
103, 1035
55, 1035
38, 1035
135, 1035
17, 1035
122, 1035
122, 1035
161, 1035
17, 1035
55, 1035
10, 1035
23, 1035
85, 1035
186, 1035
78, 1035
171, 1035
50, 1035
87, 1035
23, 1035
3, 1035
5, 1035
62, 1035
279, 1035
56, 1035
15, 1035
79, 1035
72, 1035
173, 1035
268, 1035
62, 1035
78, 1035
40, 1035
13, 1035
131, 1035
28, 1035
63, 1035
52, 1035
44, 1035
327, 1035
5, 1035
37, 1035
104, 1035
25, 1035
301, 1035
176, 1035
106, 1035
101, 1035
253, 1035
120, 1035
509, 1035
35, 1035
293, 1035
140, 1035
35, 1035
21, 1035
163, 1035
22, 1035
214, 1035
174, 1035
9, 1035
38, 1035
5, 1035
18, 1035
41, 1035
108, 1035
16, 1035
141, 1035
217, 1035
86, 1035
31, 1035
75, 1035
398, 1035
20, 1035
13, 1035
31, 1035
70, 1035
89, 1035
22, 1035
20, 1035
41, 1035
237, 1035
38, 1035
318, 1035
29, 1035
45, 1035
107, 1035
125, 1035
92, 1035
13, 1035
127, 1035
162, 1035
110, 1035
107, 1035
106, 1035
75, 1035
17, 1035
176, 1035
315, 1035
136, 1035
48, 1035
59, 1035
226, 1035
14, 1035
18, 1035
242, 1035
128, 1035
68, 1035
340, 1035
105, 1035
57, 1035
190, 1035
39, 1035
152, 1035
102, 1035
83, 1035
678, 1035
8, 1035
292, 1035
7, 1035
436, 1035
22, 1035
28, 1035
106, 1035
591, 1035
697, 1035
848, 1035
17, 1035
620, 1035
93, 1035
57, 1035
19, 1035
964, 1035
1238, 1238
303, 1238
69, 1238
3, 1238
119, 1238
33, 1238
15, 1238
16, 1238
11, 1238
153, 1238
30, 1238
84, 1238
31, 1238
81, 1238
64, 1238
3335, 3335
59, 3335
236860, 236860
