#Algorithm: SARSA, Speed: 1, Boost: 4, PM: False, Env size: (20, 20), Car size: (5, 4),
#Counter: 10000000, Nsteps: 10000000, Gamma: 1, LearnRate: 0.01, Eps: 0.5, Epsdecay: 0.9
0, 0
0, 0
0, 0
0, 0
0, 0
0, 0
4, 4
1, 4
0, 4
3, 4
2, 4
4, 4
1, 4
3, 4
0, 4
0, 4
6, 6
2, 6
5, 6
0, 6
3, 6
3, 6
3, 6
4, 6
0, 6
2, 6
1, 6
5, 6
4, 6
8, 8
0, 8
2, 8
3, 8
11, 11
1, 11
0, 11
3, 11
0, 11
2, 11
1, 11
0, 11
2, 11
1, 11
19, 19
4, 19
7, 19
2, 19
3, 19
7, 19
1, 19
8, 19
1, 19
0, 19
3, 19
5, 19
3, 19
0, 19
0, 19
1, 19
1, 19
8, 19
1, 19
2, 19
4, 19
5, 19
18, 19
0, 19
6, 19
10, 19
2, 19
6, 19
5, 19
0, 19
2, 19
4, 19
2, 19
1, 19
5, 19
3, 19
8, 19
2, 19
2, 19
3, 19
3, 19
1, 19
1, 19
3, 19
6, 19
11, 19
7, 19
4, 19
8, 19
3, 19
13, 19
4, 19
1, 19
4, 19
0, 19
1, 19
0, 19
1, 19
6, 19
0, 19
4, 19
12, 19
2, 19
1, 19
6, 19
0, 19
6, 19
1, 19
9, 19
1, 19
3, 19
9, 19
10, 19
0, 19
4, 19
2, 19
18, 19
5, 19
26, 26
3, 26
2, 26
2, 26
0, 26
8, 26
23, 26
7, 26
2, 26
1, 26
9, 26
16, 26
6, 26
12, 26
5, 26
6, 26
1, 26
3, 26
4, 26
2, 26
0, 26
10, 26
5, 26
8, 26
2, 26
1, 26
4, 26
3, 26
2, 26
1, 26
4, 26
4, 26
4, 26
0, 26
1, 26
5, 26
10, 26
3, 26
3, 26
4, 26
15, 26
12, 26
2, 26
3, 26
5, 26
0, 26
20, 26
6, 26
10, 26
7, 26
20, 26
1, 26
5, 26
4, 26
7, 26
2, 26
3, 26
2, 26
8, 26
8, 26
10, 26
15, 26
5, 26
25, 26
3, 26
5, 26
1, 26
8, 26
5, 26
2, 26
8, 26
10, 26
5, 26
6, 26
6, 26
1, 26
3, 26
4, 26
0, 26
13, 26
8, 26
1, 26
20, 26
3, 26
0, 26
2, 26
3, 26
5, 26
4, 26
5, 26
2, 26
14, 26
9, 26
7, 26
16, 26
6, 26
7, 26
4, 26
0, 26
1, 26
1, 26
30, 30
6, 30
7, 30
9, 30
3, 30
4, 30
3, 30
9, 30
13, 30
0, 30
27, 30
0, 30
2, 30
0, 30
14, 30
7, 30
6, 30
7, 30
12, 30
24, 30
15, 30
2, 30
2, 30
1, 30
3, 30
12, 30
5, 30
25, 30
11, 30
5, 30
11, 30
37, 37
21, 37
6, 37
12, 37
22, 37
1, 37
2, 37
5, 37
2, 37
35, 37
2, 37
2, 37
0, 37
8, 37
16, 37
6, 37
13, 37
21, 37
4, 37
14, 37
17, 37
6, 37
3, 37
9, 37
0, 37
7, 37
16, 37
0, 37
5, 37
19, 37
8, 37
8, 37
0, 37
0, 37
7, 37
3, 37
13, 37
0, 37
3, 37
1, 37
0, 37
1, 37
2, 37
1, 37
27, 37
12, 37
1, 37
13, 37
22, 37
6, 37
0, 37
11, 37
3, 37
5, 37
3, 37
22, 37
19, 37
6, 37
0, 37
4, 37
1, 37
18, 37
14, 37
10, 37
6, 37
8, 37
22, 37
2, 37
8, 37
6, 37
0, 37
4, 37
4, 37
13, 37
6, 37
5, 37
5, 37
15, 37
1, 37
0, 37
1, 37
7, 37
4, 37
5, 37
3, 37
1, 37
7, 37
1, 37
5, 37
6, 37
20, 37
5, 37
0, 37
14, 37
17, 37
3, 37
5, 37
7, 37
24, 37
8, 37
8, 37
20, 37
3, 37
18, 37
1, 37
8, 37
2, 37
8, 37
30, 37
12, 37
1, 37
14, 37
10, 37
5, 37
1, 37
15, 37
3, 37
10, 37
13, 37
0, 37
2, 37
13, 37
11, 37
21, 37
17, 37
6, 37
1, 37
14, 37
4, 37
7, 37
3, 37
13, 37
1, 37
11, 37
18, 37
14, 37
7, 37
3, 37
17, 37
3, 37
49, 49
0, 49
7, 49
16, 49
4, 49
14, 49
4, 49
18, 49
8, 49
5, 49
25, 49
4, 49
16, 49
3, 49
3, 49
26, 49
0, 49
6, 49
13, 49
6, 49
17, 49
22, 49
10, 49
42, 49
8, 49
1, 49
0, 49
7, 49
11, 49
14, 49
4, 49
14, 49
5, 49
14, 49
6, 49
2, 49
6, 49
13, 49
8, 49
2, 49
4, 49
1, 49
5, 49
18, 49
4, 49
10, 49
9, 49
12, 49
16, 49
10, 49
12, 49
3, 49
6, 49
5, 49
3, 49
13, 49
4, 49
10, 49
6, 49
1, 49
0, 49
4, 49
1, 49
8, 49
14, 49
18, 49
13, 49
7, 49
14, 49
2, 49
0, 49
9, 49
10, 49
10, 49
12, 49
25, 49
31, 49
8, 49
6, 49
16, 49
12, 49
9, 49
9, 49
19, 49
35, 49
24, 49
20, 49
23, 49
4, 49
5, 49
1, 49
31, 49
15, 49
28, 49
0, 49
20, 49
3, 49
9, 49
49, 49
2, 49
9, 49
5, 49
2, 49
6, 49
6, 49
3, 49
0, 49
0, 49
12, 49
5, 49
11, 49
0, 49
13, 49
15, 49
4, 49
30, 49
1, 49
9, 49
15, 49
28, 49
0, 49
21, 49
57, 57
6, 57
8, 57
5, 57
13, 57
14, 57
11, 57
4, 57
30, 57
14, 57
5, 57
9, 57
3, 57
71, 71
30, 71
9, 71
0, 71
32, 71
10, 71
4, 71
20, 71
9, 71
19, 71
1, 71
9, 71
7, 71
35, 71
23, 71
22, 71
26, 71
1, 71
2, 71
64, 71
19, 71
9, 71
5, 71
0, 71
33, 71
4, 71
3, 71
23, 71
22, 71
6, 71
10, 71
13, 71
31, 71
3, 71
140, 140
20, 140
30, 140
32, 140
2, 140
56, 140
1, 140
131, 140
102, 140
10, 140
139, 140
36, 140
188, 188
40, 188
50, 188
58, 188
155, 188
40, 188
14, 188
86, 188
30, 188
34, 188
269, 269
51, 269
12, 269
23, 269
406, 406
16, 406
170, 406
256, 406
1, 406
113, 406
21, 406
33, 406
58, 406
147, 406
425, 425
7, 425
263, 425
35, 425
244, 425
40, 425
193, 425
221, 425
117, 425
10, 425
28, 425
86, 425
123, 425
104, 425
543, 543
32, 543
23, 543
166, 543
298, 543
423, 543
316, 543
307, 543
148, 543
124, 543
30, 543
30, 543
26, 543
13, 543
171, 543
20, 543
54, 543
419, 543
17, 543
50, 543
24, 543
145, 543
70, 543
154, 543
61, 543
16, 543
93, 543
19, 543
151, 543
86, 543
150, 543
173, 543
149, 543
158, 543
9, 543
13, 543
241, 543
170, 543
248, 543
100, 543
7, 543
131, 543
11, 543
372, 543
165, 543
96, 543
140, 543
79, 543
36, 543
135, 543
207, 543
45, 543
72, 543
85, 543
9, 543
19, 543
29, 543
27, 543
18, 543
43, 543
5, 543
49, 543
314, 543
123, 543
739, 739
212, 739
176, 739
242, 739
395, 739
749, 749
65, 749
539, 749
577, 749
98, 749
316, 749
274, 749
10, 749
450, 749
105, 749
1306, 1306
293, 1306
14, 1306
412, 1306
229, 1306
265, 1306
350, 1306
109, 1306
847, 1306
47, 1306
147, 1306
38, 1306
58, 1306
632, 1306
107, 1306
129, 1306
512, 1306
69, 1306
177, 1306
295, 1306
222, 1306
136, 1306
217, 1306
32, 1306
266, 1306
88, 1306
221, 1306
194, 1306
411, 1306
47, 1306
760, 1306
66, 1306
275, 1306
212, 1306
518, 1306
411, 1306
80, 1306
269, 1306
120, 1306
147, 1306
38, 1306
573, 1306
35, 1306
29, 1306
127, 1306
500, 1306
176, 1306
184, 1306
147, 1306
278, 1306
374, 1306
21, 1306
49, 1306
122, 1306
559, 1306
24, 1306
201, 1306
91, 1306
412, 1306
434, 1306
96, 1306
181, 1306
327, 1306
676, 1306
307, 1306
385, 1306
106, 1306
51, 1306
80, 1306
57, 1306
225, 1306
113, 1306
66, 1306
14, 1306
150, 1306
393, 1306
205, 1306
31, 1306
34, 1306
31, 1306
191, 1306
28, 1306
123, 1306
305, 1306
357, 1306
241, 1306
13, 1306
187, 1306
17, 1306
161, 1306
26, 1306
184, 1306
24, 1306
153, 1306
68, 1306
45, 1306
57, 1306
169, 1306
345, 1306
445, 1306
531, 1306
497, 1306
428, 1306
52, 1306
410, 1306
56, 1306
85, 1306
87, 1306
175, 1306
333, 1306
578, 1306
321, 1306
53, 1306
39, 1306
343, 1306
45, 1306
222, 1306
329, 1306
212, 1306
527, 1306
380, 1306
417, 1306
315, 1306
63, 1306
71, 1306
1720, 1720
220, 1720
620, 1720
203, 1720
102, 1720
213, 1720
358, 1720
2, 1720
497, 1720
36, 1720
134, 1720
34, 1720
19, 1720
406, 1720
109, 1720
528, 1720
323, 1720
198, 1720
780, 1720
298, 1720
68, 1720
438, 1720
53, 1720
95, 1720
56, 1720
218, 1720
195, 1720
31, 1720
136, 1720
686, 1720
68, 1720
115, 1720
226, 1720
65, 1720
303, 1720
46, 1720
112, 1720
93, 1720
156, 1720
21, 1720
97, 1720
258, 1720
372, 1720
157, 1720
441, 1720
136, 1720
325, 1720
44, 1720
14, 1720
350, 1720
186, 1720
427, 1720
438, 1720
22, 1720
67, 1720
129, 1720
5, 1720
10, 1720
70, 1720
419, 1720
25, 1720
200, 1720
113, 1720
25, 1720
182, 1720
104, 1720
164, 1720
278, 1720
27, 1720
342, 1720
5, 1720
65, 1720
21, 1720
296, 1720
2, 1720
251, 1720
37, 1720
4, 1720
30, 1720
107, 1720
316, 1720
308, 1720
651, 1720
46, 1720
163, 1720
7, 1720
413, 1720
162, 1720
38, 1720
356, 1720
107, 1720
330, 1720
324, 1720
11, 1720
32, 1720
1120, 1720
22, 1720
223, 1720
478, 1720
7, 1720
4, 1720
218, 1720
238, 1720
331, 1720
32, 1720
157, 1720
545, 1720
82, 1720
21, 1720
123, 1720
321, 1720
160, 1720
253, 1720
400, 1720
218, 1720
377, 1720
13, 1720
114, 1720
13, 1720
190, 1720
103, 1720
16, 1720
51, 1720
505, 1720
440, 1720
133, 1720
371, 1720
188, 1720
799, 1720
131, 1720
285, 1720
133, 1720
1474, 1720
369, 1720
86, 1720
558, 1720
43, 1720
91, 1720
52, 1720
313, 1720
393, 1720
290, 1720
115, 1720
248, 1720
146, 1720
354, 1720
639, 1720
138, 1720
461, 1720
66, 1720
769, 1720
209, 1720
58, 1720
103, 1720
134, 1720
305, 1720
105, 1720
85, 1720
66, 1720
118, 1720
121, 1720
339, 1720
67, 1720
247, 1720
82, 1720
518, 1720
389, 1720
25, 1720
59, 1720
21, 1720
512, 1720
67, 1720
68, 1720
312, 1720
228, 1720
107, 1720
278, 1720
52, 1720
370, 1720
195, 1720
51, 1720
139, 1720
52, 1720
805, 1720
838, 1720
126, 1720
13, 1720
44, 1720
318, 1720
96, 1720
504, 1720
145, 1720
153, 1720
25, 1720
37, 1720
940, 1720
46, 1720
120, 1720
161, 1720
96, 1720
136, 1720
288, 1720
25, 1720
40, 1720
313, 1720
106, 1720
207, 1720
84, 1720
89, 1720
946, 1720
56, 1720
203, 1720
279, 1720
232, 1720
368, 1720
36, 1720
404, 1720
383, 1720
91, 1720
526, 1720
164, 1720
741, 1720
184, 1720
348, 1720
434, 1720
604, 1720
204, 1720
92, 1720
267, 1720
12, 1720
202, 1720
322, 1720
187, 1720
570, 1720
486, 1720
770, 1720
14, 1720
26, 1720
54, 1720
145, 1720
132, 1720
534, 1720
205, 1720
43, 1720
145, 1720
202, 1720
115, 1720
286, 1720
202, 1720
3, 1720
477, 1720
340, 1720
285, 1720
302, 1720
45, 1720
355, 1720
1334, 1720
50, 1720
164, 1720
194, 1720
252, 1720
61, 1720
44, 1720
64, 1720
179, 1720
71, 1720
121, 1720
137, 1720
297, 1720
422, 1720
191, 1720
5, 1720
868, 1720
32, 1720
283, 1720
37, 1720
399, 1720
24, 1720
119, 1720
370, 1720
402, 1720
132, 1720
852, 1720
501, 1720
1, 1720
80, 1720
156, 1720
152, 1720
480, 1720
351, 1720
1392, 1720
69, 1720
17, 1720
13, 1720
32, 1720
343, 1720
65, 1720
317, 1720
28, 1720
432, 1720
280, 1720
705, 1720
9, 1720
953, 1720
123, 1720
11, 1720
98, 1720
51, 1720
274, 1720
149, 1720
54, 1720
546, 1720
501, 1720
98, 1720
211, 1720
249, 1720
845, 1720
963, 1720
381, 1720
68, 1720
80, 1720
170, 1720
175, 1720
189, 1720
35, 1720
444, 1720
491, 1720
459, 1720
89, 1720
161, 1720
190, 1720
388, 1720
4, 1720
93, 1720
130, 1720
38, 1720
224, 1720
32, 1720
153, 1720
214, 1720
228, 1720
3, 1720
34, 1720
427, 1720
55, 1720
56, 1720
224, 1720
73, 1720
97, 1720
170, 1720
43, 1720
216, 1720
108, 1720
22, 1720
11, 1720
408, 1720
24, 1720
197, 1720
45, 1720
87, 1720
61, 1720
16, 1720
17, 1720
65, 1720
226, 1720
131, 1720
107, 1720
348, 1720
187, 1720
116, 1720
117, 1720
44, 1720
258, 1720
84, 1720
92, 1720
211, 1720
102, 1720
234, 1720
135, 1720
228, 1720
1037, 1720
109, 1720
319, 1720
45, 1720
119, 1720
396, 1720
49, 1720
208, 1720
171, 1720
83, 1720
298, 1720
87, 1720
200, 1720
988, 1720
275, 1720
347, 1720
210, 1720
55, 1720
130, 1720
243, 1720
220, 1720
93, 1720
206, 1720
124, 1720
89, 1720
356, 1720
89, 1720
265, 1720
39, 1720
28, 1720
5, 1720
115, 1720
161, 1720
257, 1720
139, 1720
32, 1720
49, 1720
21, 1720
164, 1720
314, 1720
185, 1720
84, 1720
122, 1720
145, 1720
225, 1720
98, 1720
462, 1720
350, 1720
27, 1720
417, 1720
246, 1720
447, 1720
1682, 1720
85, 1720
1053, 1720
300, 1720
16, 1720
57, 1720
173, 1720
18, 1720
98, 1720
621, 1720
252, 1720
558, 1720
305, 1720
89, 1720
315, 1720
4, 1720
51, 1720
417, 1720
258, 1720
75, 1720
86, 1720
112, 1720
270, 1720
1044, 1720
625, 1720
742, 1720
367, 1720
59, 1720
463, 1720
346, 1720
162, 1720
262, 1720
33, 1720
52, 1720
314, 1720
100, 1720
253, 1720
110, 1720
343, 1720
758, 1720
455, 1720
154, 1720
631, 1720
250, 1720
1302, 1720
615, 1720
120, 1720
16, 1720
1119, 1720
168, 1720
271, 1720
113, 1720
303, 1720
61, 1720
52, 1720
161, 1720
24, 1720
506, 1720
183, 1720
327, 1720
477, 1720
67, 1720
7, 1720
308, 1720
369, 1720
146, 1720
195, 1720
101, 1720
132, 1720
96, 1720
77, 1720
193, 1720
44, 1720
232, 1720
315, 1720
57, 1720
222, 1720
173, 1720
116, 1720
248, 1720
56, 1720
157, 1720
405, 1720
344, 1720
27, 1720
576, 1720
190, 1720
432, 1720
40, 1720
20, 1720
695, 1720
108, 1720
554, 1720
726, 1720
665, 1720
1104, 1720
349, 1720
347, 1720
109, 1720
79, 1720
2158, 2158
525, 2158
252, 2158
344, 2158
629, 2158
85, 2158
201, 2158
364, 2158
618, 2158
903, 2158
509, 2158
367, 2158
384, 2158
233, 2158
77, 2158
352, 2158
79, 2158
95, 2158
634, 2158
38, 2158
31, 2158
254, 2158
365, 2158
606, 2158
1138, 2158
8, 2158
485, 2158
405, 2158
291, 2158
87, 2158
181, 2158
265, 2158
218, 2158
669, 2158
199, 2158
1663, 2158
1568, 2158
214, 2158
809, 2158
212, 2158
30, 2158
121, 2158
229, 2158
89, 2158
319, 2158
894, 2158
202, 2158
178, 2158
119, 2158
511, 2158
612, 2158
131, 2158
350, 2158
775, 2158
635, 2158
268, 2158
3036, 3036
339, 3036
1297, 3036
1053, 3036
1330, 3036
550, 3036
25, 3036
53, 3036
47, 3036
326, 3036
80, 3036
585, 3036
475, 3036
281, 3036
198, 3036
293, 3036
171, 3036
13, 3036
231, 3036
31, 3036
442, 3036
94, 3036
181, 3036
400, 3036
384, 3036
410, 3036
256, 3036
1129, 3036
1393, 3036
204, 3036
218, 3036
271, 3036
543, 3036
734, 3036
234, 3036
412, 3036
579, 3036
169, 3036
37, 3036
122, 3036
303, 3036
649, 3036
376, 3036
430, 3036
59, 3036
497, 3036
548, 3036
111, 3036
475, 3036
870, 3036
327, 3036
283, 3036
286, 3036
465, 3036
598, 3036
289, 3036
594, 3036
62, 3036
1153, 3036
138, 3036
1156, 3036
624, 3036
448, 3036
686, 3036
906, 3036
98, 3036
195, 3036
430, 3036
164, 3036
235, 3036
1655, 3036
25, 3036
377, 3036
180, 3036
40, 3036
1000, 3036
867, 3036
97, 3036
661, 3036
2774, 3036
359, 3036
42, 3036
1, 3036
662, 3036
573, 3036
386, 3036
160, 3036
43, 3036
354, 3036
222, 3036
4, 3036
198, 3036
284, 3036
1142, 3036
460, 3036
63, 3036
435, 3036
12, 3036
23, 3036
3, 3036
105, 3036
182, 3036
95, 3036
877, 3036
548, 3036
1003, 3036
700, 3036
123, 3036
286, 3036
414, 3036
184, 3036
43, 3036
2290, 3036
439, 3036
212, 3036
802, 3036
108, 3036
128, 3036
1675, 3036
292, 3036
186, 3036
270, 3036
230, 3036
386, 3036
8, 3036
178, 3036
528, 3036
83, 3036
795, 3036
45, 3036
452, 3036
962, 3036
310, 3036
29, 3036
289, 3036
124, 3036
75, 3036
698, 3036
648, 3036
204, 3036
269, 3036
1965, 3036
61, 3036
89, 3036
40, 3036
79, 3036
381, 3036
668, 3036
102, 3036
241, 3036
1015, 3036
1081, 3036
58, 3036
252, 3036
73, 3036
413, 3036
577, 3036
73, 3036
511, 3036
75, 3036
740, 3036
63, 3036
199, 3036
83, 3036
133, 3036
1684, 3036
88, 3036
369, 3036
673, 3036
28, 3036
183, 3036
88, 3036
287, 3036
336, 3036
45, 3036
93, 3036
412, 3036
45, 3036
247, 3036
302, 3036
141, 3036
339, 3036
24, 3036
194, 3036
1153, 3036
400, 3036
337, 3036
541, 3036
418, 3036
987, 3036
464, 3036
187, 3036
273, 3036
143, 3036
548, 3036
526, 3036
314, 3036
48, 3036
1444, 3036
19, 3036
842, 3036
191, 3036
173, 3036
13, 3036
404, 3036
702, 3036
166, 3036
543, 3036
168, 3036
1293, 3036
136, 3036
212, 3036
1343, 3036
924, 3036
208, 3036
72, 3036
7, 3036
425, 3036
670, 3036
600, 3036
504, 3036
20, 3036
321, 3036
23, 3036
15, 3036
485, 3036
198, 3036
427, 3036
302, 3036
445, 3036
1025, 3036
210, 3036
448, 3036
148, 3036
4, 3036
837, 3036
1309, 3036
315, 3036
423, 3036
220, 3036
14, 3036
3, 3036
1235, 3036
335, 3036
86, 3036
170, 3036
187, 3036
63, 3036
133, 3036
232, 3036
736, 3036
294, 3036
311, 3036
481, 3036
178, 3036
1011, 3036
137, 3036
136, 3036
969, 3036
657, 3036
686, 3036
704, 3036
233, 3036
186, 3036
100, 3036
369, 3036
43, 3036
429, 3036
1122, 3036
743, 3036
867, 3036
621, 3036
4, 3036
60, 3036
178, 3036
669, 3036
7, 3036
270, 3036
402, 3036
525, 3036
114, 3036
468, 3036
25, 3036
591, 3036
803, 3036
968, 3036
284, 3036
126, 3036
730, 3036
73, 3036
312, 3036
230, 3036
755, 3036
258, 3036
349, 3036
540, 3036
785, 3036
339, 3036
147, 3036
609, 3036
1640, 3036
309, 3036
120, 3036
212, 3036
202, 3036
126, 3036
446, 3036
300, 3036
20, 3036
569, 3036
24, 3036
375, 3036
382, 3036
1611, 3036
84, 3036
38, 3036
220, 3036
91, 3036
98, 3036
56, 3036
737, 3036
1032, 3036
328, 3036
154, 3036
233, 3036
2004, 3036
236, 3036
142, 3036
188, 3036
949, 3036
140, 3036
58, 3036
499, 3036
1047, 3036
347, 3036
36, 3036
95, 3036
941, 3036
346, 3036
745, 3036
66, 3036
309, 3036
95, 3036
152, 3036
94, 3036
523, 3036
202, 3036
138, 3036
226, 3036
1002, 3036
24, 3036
63, 3036
675, 3036
187, 3036
297, 3036
4, 3036
95, 3036
1037, 3036
433, 3036
528, 3036
58, 3036
133, 3036
39, 3036
551, 3036
1128, 3036
151, 3036
345, 3036
677, 3036
1189, 3036
635, 3036
117, 3036
837, 3036
130, 3036
1467, 3036
788, 3036
40, 3036
206, 3036
238, 3036
538, 3036
139, 3036
79, 3036
188, 3036
452, 3036
136, 3036
463, 3036
263, 3036
2479, 3036
1357, 3036
39, 3036
207, 3036
70, 3036
313, 3036
1420, 3036
93, 3036
99, 3036
119, 3036
42, 3036
230, 3036
271, 3036
424, 3036
877, 3036
337, 3036
470, 3036
845, 3036
137, 3036
71, 3036
204, 3036
326, 3036
293, 3036
72, 3036
479, 3036
1262, 3036
82, 3036
119, 3036
881, 3036
36, 3036
110, 3036
1649, 3036
1120, 3036
115, 3036
908, 3036
525, 3036
34, 3036
418, 3036
181, 3036
44, 3036
37, 3036
856, 3036
491, 3036
20, 3036
55, 3036
48, 3036
74, 3036
226, 3036
105, 3036
160, 3036
878, 3036
91, 3036
2396, 3036
1185, 3036
114, 3036
1396, 3036
305, 3036
325, 3036
2475, 3036
31, 3036
1468, 3036
72, 3036
676, 3036
778, 3036
907, 3036
587, 3036
375, 3036
62, 3036
199, 3036
1027, 3036
1044, 3036
490, 3036
7, 3036
172, 3036
291, 3036
537, 3036
661, 3036
33, 3036
177, 3036
951, 3036
110, 3036
695, 3036
303, 3036
922, 3036
37, 3036
106, 3036
96, 3036
9, 3036
343, 3036
251, 3036
212, 3036
175, 3036
365, 3036
294, 3036
144, 3036
107, 3036
320, 3036
188, 3036
455, 3036
164, 3036
98, 3036
32, 3036
45, 3036
177, 3036
115, 3036
263, 3036
921, 3036
521, 3036
258, 3036
240, 3036
48, 3036
258, 3036
338, 3036
1422, 3036
223, 3036
442, 3036
607, 3036
120, 3036
437, 3036
73, 3036
35, 3036
121, 3036
130, 3036
843, 3036
269, 3036
507, 3036
177, 3036
251, 3036
547, 3036
545, 3036
172, 3036
126, 3036
648, 3036
356, 3036
77, 3036
1629, 3036
156, 3036
404, 3036
630, 3036
163, 3036
18, 3036
131, 3036
485, 3036
561, 3036
17, 3036
25, 3036
100, 3036
168, 3036
45, 3036
874, 3036
1015, 3036
101, 3036
21, 3036
501, 3036
312, 3036
653, 3036
275, 3036
870, 3036
47, 3036
317, 3036
98, 3036
223, 3036
176, 3036
86, 3036
594, 3036
104, 3036
739, 3036
573, 3036
421, 3036
76, 3036
502, 3036
35, 3036
365, 3036
692, 3036
100, 3036
67, 3036
254, 3036
318, 3036
622, 3036
539, 3036
803, 3036
209, 3036
58, 3036
616, 3036
189, 3036
107, 3036
122, 3036
63, 3036
484, 3036
311, 3036
185, 3036
124, 3036
449, 3036
47, 3036
900, 3036
1264, 3036
824, 3036
112, 3036
46, 3036
184, 3036
346, 3036
161, 3036
17, 3036
631, 3036
415, 3036
595, 3036
422, 3036
1376, 3036
1, 3036
99, 3036
344, 3036
601, 3036
496, 3036
116, 3036
1040, 3036
164, 3036
762, 3036
749, 3036
623, 3036
191, 3036
380, 3036
1092, 3036
1054, 3036
481, 3036
18, 3036
58, 3036
461, 3036
224, 3036
186, 3036
77, 3036
216, 3036
806, 3036
110, 3036
220, 3036
483, 3036
248, 3036
1238, 3036
923, 3036
370, 3036
615, 3036
376, 3036
603, 3036
219, 3036
343, 3036
457, 3036
73, 3036
29, 3036
1355, 3036
275, 3036
1219, 3036
136, 3036
133, 3036
49, 3036
821, 3036
247, 3036
696, 3036
1216, 3036
393, 3036
247, 3036
114, 3036
134, 3036
659, 3036
133, 3036
399, 3036
115, 3036
824, 3036
787, 3036
126, 3036
779, 3036
875, 3036
885, 3036
449, 3036
205, 3036
928, 3036
32, 3036
107, 3036
81, 3036
719, 3036
283, 3036
56, 3036
1150, 3036
363, 3036
480, 3036
932, 3036
197, 3036
117, 3036
74, 3036
26, 3036
792, 3036
114, 3036
185, 3036
214, 3036
168, 3036
372, 3036
350, 3036
162, 3036
225, 3036
62, 3036
46, 3036
72, 3036
177, 3036
610, 3036
1190, 3036
38, 3036
488, 3036
135, 3036
821, 3036
346, 3036
33, 3036
327, 3036
422, 3036
657, 3036
1941, 3036
1355, 3036
536, 3036
90, 3036
1076, 3036
278, 3036
357, 3036
182, 3036
366, 3036
113, 3036
208, 3036
9, 3036
838, 3036
640, 3036
543, 3036
