#Algorithm: SARSA, Speed: 1, Boost: 3, PM: False, Env size: (20, 20), Car size: (3, 2),
#Counter: 100, Nsteps: 10000000, Gamma: 1, LearnRate: 0.01, Eps: 0.5, Epsdecay: 0.9
1, 1
0, 1
3, 3
0, 3
4, 4
1, 4
0, 4
1, 4
1, 4
10, 10
13, 13
175, 175
100, 175
136, 175
73, 175
40, 175
55, 175
217, 217
226, 226
113, 226
108, 226
36, 226
98, 226
190, 226
76, 226
72, 226
121, 226
85, 226
113, 226
221, 226
156, 226
21, 226
118, 226
207, 226
119, 226
69, 226
80, 226
231, 231
71, 231
57, 231
241, 241
813, 813
210, 813
99, 813
212, 813
118, 813
52, 813
224, 813
1023, 1023
274, 1023
151, 1023
91, 1023
1152, 1152
582, 1152
239, 1152
140, 1152
65, 1152
1209, 1209
803, 1209
306, 1209
386, 1209
111, 1209
1225, 1225
1297, 1297
1215, 1297
780, 1297
19, 1297
1201, 1297
1242, 1297
253, 1297
1281, 1297
1414, 1414
1339, 1414
1314, 1414
1403, 1414
26, 1414
1340, 1414
833, 1414
46, 1414
1350, 1414
1334, 1414
1407, 1414
1468, 1468
1407, 1468
1414, 1468
1406, 1468
1248, 1468
16, 1468
1268, 1468
1275, 1468
1447, 1468
1412, 1468
1286, 1468
1304, 1468
1373, 1468
1319, 1468
1318, 1468
1409, 1468
1406, 1468
1407, 1468
1430, 1468
1418, 1468
1415, 1468
1415, 1468
276, 1468
164, 1468
218, 1468
127, 1468
1416, 1468
1421, 1468
1405, 1468
1419, 1468
1409, 1468
1479, 1479
1400, 1479
1412, 1479
1411, 1479
1415, 1479
1419, 1479
1414, 1479
1418, 1479
1459, 1479
1402, 1479
1238, 1479
1405, 1479
1404, 1479
1279, 1479
1406, 1479
1321, 1479
1243, 1479
1239, 1479
1499, 1499
211, 1499
1400, 1499
1317, 1499
1401, 1499
1422, 1499
1357, 1499
1305, 1499
1426, 1499
1417, 1499
1414, 1499
1413, 1499
1412, 1499
1412, 1499
1417, 1499
1422, 1499
1413, 1499
1475, 1499
1428, 1499
1510, 1510
1436, 1510
1421, 1510
1421, 1510
1429, 1510
1417, 1510
1246, 1510
1417, 1510
1422, 1510
1407, 1510
1438, 1510
1431, 1510
1404, 1510
1401, 1510
1444, 1510
1415, 1510
1454, 1510
1400, 1510
1420, 1510
1408, 1510
1411, 1510
1414, 1510
1400, 1510
1420, 1510
1404, 1510
1402, 1510
1406, 1510
94, 1510
1421, 1510
1425, 1510
1446, 1510
1410, 1510
1446, 1510
1400, 1510
1403, 1510
1326, 1510
1351, 1510
1339, 1510
1312, 1510
1404, 1510
1490, 1510
1405, 1510
1407, 1510
1294, 1510
1295, 1510
1232, 1510
1204, 1510
1422, 1510
1405, 1510
1416, 1510
1436, 1510
1407, 1510
1434, 1510
1408, 1510
1403, 1510
1405, 1510
1422, 1510
1416, 1510
1418, 1510
1408, 1510
1407, 1510
1416, 1510
1404, 1510
1415, 1510
1409, 1510
1410, 1510
1447, 1510
1412, 1510
1495, 1510
1423, 1510
1425, 1510
1412, 1510
1400, 1510
1402, 1510
1403, 1510
1417, 1510
1414, 1510
1407, 1510
1401, 1510
1426, 1510
1402, 1510
1447, 1510
1416, 1510
1452, 1510
1427, 1510
1474, 1510
1421, 1510
1400, 1510
1432, 1510
1402, 1510
1417, 1510
1423, 1510
1404, 1510
1441, 1510
1403, 1510
1414, 1510
1405, 1510
1405, 1510
1418, 1510
1435, 1510
1414, 1510
1401, 1510
1414, 1510
1429, 1510
1420, 1510
1404, 1510
1414, 1510
1445, 1510
1413, 1510
1408, 1510
1425, 1510
1417, 1510
1474, 1510
1407, 1510
1432, 1510
1473, 1510
1419, 1510
1402, 1510
1404, 1510
1400, 1510
1416, 1510
1422, 1510
1445, 1510
1415, 1510
1445, 1510
1409, 1510
1414, 1510
1426, 1510
1413, 1510
1412, 1510
1402, 1510
1446, 1510
1421, 1510
1406, 1510
1434, 1510
1407, 1510
1422, 1510
1400, 1510
1424, 1510
1457, 1510
1414, 1510
1438, 1510
1401, 1510
1408, 1510
1429, 1510
1429, 1510
1405, 1510
1411, 1510
1404, 1510
1426, 1510
1406, 1510
1417, 1510
1422, 1510
1441, 1510
1423, 1510
1418, 1510
1403, 1510
1411, 1510
1410, 1510
1439, 1510
1401, 1510
1415, 1510
1414, 1510
1532, 1532
1402, 1532
1412, 1532
1430, 1532
1402, 1532
1435, 1532
1433, 1532
1404, 1532
1419, 1532
1434, 1532
1404, 1532
1431, 1532
1401, 1532
1450, 1532
1414, 1532
1415, 1532
1407, 1532
1414, 1532
1406, 1532
1400, 1532
1406, 1532
1448, 1532
1416, 1532
1403, 1532
1416, 1532
1402, 1532
1443, 1532
1437, 1532
1409, 1532
1415, 1532
1401, 1532
1430, 1532
1411, 1532
1401, 1532
1404, 1532
1471, 1532
1461, 1532
1322, 1532
1316, 1532
1245, 1532
1303, 1532
1451, 1532
1401, 1532
1285, 1532
1395, 1532
1466, 1532
1219, 1532
1206, 1532
1411, 1532
1405, 1532
1433, 1532
1431, 1532
1406, 1532
1402, 1532
1450, 1532
1410, 1532
1419, 1532
1412, 1532
1410, 1532
1458, 1532
1404, 1532
1408, 1532
1420, 1532
1414, 1532
1417, 1532
1414, 1532
1426, 1532
1518, 1532
1407, 1532
1409, 1532
1438, 1532
1414, 1532
1425, 1532
1435, 1532
1453, 1532
1414, 1532
1423, 1532
1459, 1532
1453, 1532
1418, 1532
1400, 1532
1415, 1532
1413, 1532
1421, 1532
1469, 1532
1431, 1532
1429, 1532
1402, 1532
1409, 1532
1465, 1532
1416, 1532
1426, 1532
1438, 1532
1405, 1532
1417, 1532
1411, 1532
1400, 1532
1426, 1532
1404, 1532
1420, 1532
1410, 1532
1431, 1532
1412, 1532
1404, 1532
1409, 1532
1441, 1532
1417, 1532
1440, 1532
1417, 1532
1406, 1532
1413, 1532
1408, 1532
1400, 1532
1455, 1532
1465, 1532
1402, 1532
1406, 1532
1415, 1532
1424, 1532
1402, 1532
1419, 1532
1450, 1532
1463, 1532
1411, 1532
1411, 1532
1407, 1532
1419, 1532
1404, 1532
1402, 1532
1407, 1532
1444, 1532
1426, 1532
1405, 1532
1430, 1532
1404, 1532
1403, 1532
1421, 1532
1409, 1532
1401, 1532
1422, 1532
1415, 1532
1414, 1532
1438, 1532
1411, 1532
1405, 1532
1400, 1532
1442, 1532
1412, 1532
1421, 1532
1403, 1532
1405, 1532
1446, 1532
1407, 1532
1416, 1532
1414, 1532
1403, 1532
1428, 1532
1422, 1532
1438, 1532
1423, 1532
1414, 1532
1444, 1532
1410, 1532
1457, 1532
1509, 1532
1475, 1532
1419, 1532
1407, 1532
1435, 1532
1413, 1532
1438, 1532
1455, 1532
1417, 1532
1421, 1532
1409, 1532
1411, 1532
1415, 1532
1419, 1532
1422, 1532
1421, 1532
1465, 1532
1401, 1532
1489, 1532
1407, 1532
1441, 1532
1419, 1532
1404, 1532
1448, 1532
1438, 1532
1457, 1532
1410, 1532
1438, 1532
1419, 1532
1432, 1532
1422, 1532
1401, 1532
1408, 1532
1419, 1532
1442, 1532
1404, 1532
1426, 1532
1427, 1532
1454, 1532
1415, 1532
1440, 1532
1426, 1532
1406, 1532
1407, 1532
1430, 1532
1415, 1532
1441, 1532
1421, 1532
1403, 1532
1505, 1532
1404, 1532
1417, 1532
1414, 1532
1428, 1532
1514, 1532
1404, 1532
1440, 1532
1458, 1532
1411, 1532
1441, 1532
1474, 1532
1402, 1532
1419, 1532
1419, 1532
1437, 1532
1409, 1532
1458, 1532
1463, 1532
1437, 1532
1441, 1532
1418, 1532
1406, 1532
1409, 1532
1474, 1532
1428, 1532
1419, 1532
1420, 1532
1419, 1532
1404, 1532
1407, 1532
1412, 1532
1403, 1532
1410, 1532
1427, 1532
1414, 1532
1426, 1532
1426, 1532
1467, 1532
1419, 1532
1436, 1532
1476, 1532
1418, 1532
1412, 1532
1494, 1532
1403, 1532
1461, 1532
1406, 1532
1409, 1532
1435, 1532
1400, 1532
1412, 1532
1441, 1532
1408, 1532
1415, 1532
1403, 1532
1458, 1532
1412, 1532
1404, 1532
1409, 1532
1416, 1532
1427, 1532
1407, 1532
1407, 1532
1419, 1532
1410, 1532
1426, 1532
1403, 1532
1404, 1532
1400, 1532
1400, 1532
1405, 1532
1403, 1532
1431, 1532
1414, 1532
1414, 1532
1436, 1532
1450, 1532
1406, 1532
1410, 1532
1416, 1532
1410, 1532
1444, 1532
1422, 1532
1403, 1532
1409, 1532
1406, 1532
1405, 1532
1405, 1532
1411, 1532
1417, 1532
1403, 1532
1422, 1532
1405, 1532
1413, 1532
1424, 1532
1451, 1532
1438, 1532
1427, 1532
1405, 1532
1403, 1532
1403, 1532
1459, 1532
1409, 1532
1402, 1532
1447, 1532
1403, 1532
1407, 1532
1427, 1532
1407, 1532
1413, 1532
1427, 1532
1403, 1532
1410, 1532
1434, 1532
1412, 1532
1445, 1532
1444, 1532
1414, 1532
1482, 1532
1402, 1532
1472, 1532
1455, 1532
1413, 1532
1421, 1532
1412, 1532
1408, 1532
1439, 1532
1404, 1532
1425, 1532
1421, 1532
1443, 1532
1435, 1532
1407, 1532
1458, 1532
1418, 1532
1413, 1532
1428, 1532
1410, 1532
1411, 1532
1407, 1532
1429, 1532
1448, 1532
1420, 1532
1408, 1532
1412, 1532
1448, 1532
1443, 1532
1404, 1532
1410, 1532
1439, 1532
1411, 1532
1413, 1532
1400, 1532
1472, 1532
1444, 1532
1400, 1532
1417, 1532
1400, 1532
1400, 1532
1401, 1532
1407, 1532
1422, 1532
1421, 1532
1401, 1532
1406, 1532
1414, 1532
1428, 1532
1408, 1532
1445, 1532
1409, 1532
1422, 1532
1432, 1532
1429, 1532
1429, 1532
1445, 1532
1457, 1532
1453, 1532
1432, 1532
1400, 1532
1409, 1532
1418, 1532
1421, 1532
1401, 1532
1435, 1532
1410, 1532
1411, 1532
1409, 1532
1411, 1532
1417, 1532
1465, 1532
1409, 1532
1420, 1532
1408, 1532
1423, 1532
1485, 1532
1410, 1532
1442, 1532
1474, 1532
1404, 1532
1401, 1532
1412, 1532
1407, 1532
1421, 1532
1429, 1532
1418, 1532
1408, 1532
1434, 1532
1413, 1532
1400, 1532
1419, 1532
1402, 1532
1408, 1532
1418, 1532
1422, 1532
1431, 1532
1405, 1532
1440, 1532
1432, 1532
1408, 1532
1420, 1532
1435, 1532
1403, 1532
1419, 1532
1416, 1532
1478, 1532
1404, 1532
1412, 1532
1456, 1532
1417, 1532
1430, 1532
1428, 1532
1425, 1532
1403, 1532
1406, 1532
1459, 1532
1405, 1532
1429, 1532
1401, 1532
1471, 1532
1405, 1532
1423, 1532
1459, 1532
1420, 1532
1409, 1532
1409, 1532
1407, 1532
1401, 1532
1412, 1532
1408, 1532
1450, 1532
1404, 1532
1410, 1532
1440, 1532
1419, 1532
1442, 1532
1454, 1532
1421, 1532
1417, 1532
1418, 1532
1410, 1532
1418, 1532
1403, 1532
1402, 1532
1444, 1532
1406, 1532
1403, 1532
1414, 1532
1423, 1532
1438, 1532
1412, 1532
1408, 1532
1414, 1532
1405, 1532
1416, 1532
1410, 1532
1416, 1532
1449, 1532
1414, 1532
1414, 1532
1434, 1532
1448, 1532
1516, 1532
1414, 1532
1411, 1532
1418, 1532
1411, 1532
1402, 1532
1409, 1532
1400, 1532
1411, 1532
1442, 1532
1410, 1532
1411, 1532
1402, 1532
1409, 1532
1410, 1532
1410, 1532
1408, 1532
1407, 1532
1410, 1532
1404, 1532
1417, 1532
1406, 1532
1457, 1532
1434, 1532
1400, 1532
1446, 1532
1416, 1532
1412, 1532
1432, 1532
1434, 1532
1443, 1532
1404, 1532
1403, 1532
1407, 1532
1405, 1532
1408, 1532
1411, 1532
1401, 1532
1462, 1532
1404, 1532
1413, 1532
1426, 1532
1441, 1532
1424, 1532
1442, 1532
1400, 1532
1410, 1532
1435, 1532
1452, 1532
1424, 1532
1407, 1532
1405, 1532
1404, 1532
1431, 1532
1414, 1532
1412, 1532
1436, 1532
1419, 1532
1401, 1532
1424, 1532
1410, 1532
1421, 1532
1423, 1532
1420, 1532
1408, 1532
1403, 1532
1415, 1532
1427, 1532
1409, 1532
1409, 1532
1401, 1532
1404, 1532
1403, 1532
1408, 1532
1448, 1532
1433, 1532
1424, 1532
1426, 1532
1407, 1532
1420, 1532
1423, 1532
1415, 1532
1413, 1532
1401, 1532
1513, 1532
1405, 1532
1414, 1532
1418, 1532
1408, 1532
1429, 1532
1439, 1532
1416, 1532
1414, 1532
1419, 1532
1429, 1532
1450, 1532
1401, 1532
1435, 1532
1406, 1532
1416, 1532
1439, 1532
1429, 1532
1417, 1532
1412, 1532
1455, 1532
1401, 1532
1441, 1532
1410, 1532
1481, 1532
1413, 1532
1444, 1532
1407, 1532
1405, 1532
1411, 1532
1400, 1532
1411, 1532
1407, 1532
1418, 1532
1442, 1532
1438, 1532
1402, 1532
1459, 1532
1427, 1532
1423, 1532
1414, 1532
1436, 1532
1403, 1532
1403, 1532
1421, 1532
1453, 1532
1400, 1532
1400, 1532
1447, 1532
1415, 1532
1413, 1532
1411, 1532
1444, 1532
1400, 1532
1427, 1532
1404, 1532
1406, 1532
1428, 1532
1413, 1532
1418, 1532
1403, 1532
1418, 1532
1409, 1532
1456, 1532
1413, 1532
1426, 1532
1448, 1532
1424, 1532
1475, 1532
1433, 1532
1408, 1532
1415, 1532
1422, 1532
1451, 1532
1400, 1532
1411, 1532
1400, 1532
1404, 1532
1414, 1532
1406, 1532
1403, 1532
1406, 1532
1415, 1532
1456, 1532
1474, 1532
1404, 1532
1421, 1532
1416, 1532
1403, 1532
1412, 1532
1402, 1532
1446, 1532
1414, 1532
1431, 1532
1403, 1532
1408, 1532
1429, 1532
1408, 1532
1431, 1532
1551, 1551
1427, 1551
1409, 1551
1444, 1551
1422, 1551
1422, 1551
1441, 1551
1410, 1551
1402, 1551
1407, 1551
1409, 1551
1420, 1551
1440, 1551
1431, 1551
1442, 1551
1429, 1551
1432, 1551
1407, 1551
1410, 1551
1401, 1551
1401, 1551
1413, 1551
1404, 1551
1467, 1551
1424, 1551
1423, 1551
1406, 1551
1404, 1551
1402, 1551
1412, 1551
1409, 1551
1404, 1551
1408, 1551
1423, 1551
1416, 1551
1420, 1551
1400, 1551
1403, 1551
1422, 1551
1421, 1551
1453, 1551
1403, 1551
1402, 1551
1433, 1551
1434, 1551
1403, 1551
1420, 1551
1437, 1551
1402, 1551
1407, 1551
1410, 1551
1403, 1551
1405, 1551
1420, 1551
1423, 1551
1404, 1551
1401, 1551
1421, 1551
1444, 1551
1408, 1551
1425, 1551
1426, 1551
1401, 1551
1436, 1551
1408, 1551
1419, 1551
1432, 1551
1405, 1551
1424, 1551
1402, 1551
1414, 1551
1422, 1551
1425, 1551
1424, 1551
1429, 1551
1403, 1551
1406, 1551
1452, 1551
1415, 1551
1405, 1551
1437, 1551
1424, 1551
1446, 1551
1485, 1551
1413, 1551
1462, 1551
1405, 1551
1400, 1551
1466, 1551
1411, 1551
1402, 1551
1407, 1551
1507, 1551
1400, 1551
1471, 1551
1445, 1551
1411, 1551
1400, 1551
1411, 1551
1441, 1551
1411, 1551
1455, 1551
1407, 1551
1401, 1551
1421, 1551
1410, 1551
1476, 1551
1445, 1551
1457, 1551
1400, 1551
1402, 1551
1421, 1551
1441, 1551
1405, 1551
1429, 1551
1468, 1551
1411, 1551
1437, 1551
1405, 1551
1454, 1551
1429, 1551
1405, 1551
1421, 1551
1438, 1551
1426, 1551
1409, 1551
1427, 1551
1427, 1551
1406, 1551
1402, 1551
1423, 1551
1425, 1551
1420, 1551
1443, 1551
1400, 1551
1430, 1551
1404, 1551
1400, 1551
1414, 1551
1431, 1551
1424, 1551
1419, 1551
1565, 1565
1414, 1565
1405, 1565
1422, 1565
1419, 1565
1416, 1565
1410, 1565
1419, 1565
1417, 1565
1427, 1565
1433, 1565
1417, 1565
1403, 1565
1409, 1565
1595, 1595
1402, 1595
1404, 1595
1437, 1595
1414, 1595
1405, 1595
1413, 1595
1406, 1595
1418, 1595
1407, 1595
1427, 1595
1411, 1595
1402, 1595
1421, 1595
1403, 1595
1409, 1595
1444, 1595
1405, 1595
1424, 1595
1417, 1595
1413, 1595
1407, 1595
1422, 1595
1478, 1595
1404, 1595
1414, 1595
1416, 1595
1402, 1595
1407, 1595
1427, 1595
1412, 1595
1422, 1595
1443, 1595
1403, 1595
1406, 1595
1420, 1595
1401, 1595
1402, 1595
1401, 1595
1400, 1595
1404, 1595
1412, 1595
1415, 1595
1473, 1595
1455, 1595
1400, 1595
1420, 1595
1450, 1595
1417, 1595
1405, 1595
1437, 1595
1403, 1595
1412, 1595
1408, 1595
1414, 1595
1409, 1595
1448, 1595
1430, 1595
1431, 1595
1427, 1595
1409, 1595
1440, 1595
1409, 1595
1459, 1595
1405, 1595
1493, 1595
1416, 1595
1422, 1595
1468, 1595
1414, 1595
1407, 1595
1546, 1595
1425, 1595
1402, 1595
1417, 1595
1414, 1595
1406, 1595
1411, 1595
1405, 1595
1413, 1595
1433, 1595
1406, 1595
1420, 1595
1409, 1595
1459, 1595
1403, 1595
1405, 1595
1428, 1595
1402, 1595
1441, 1595
1411, 1595
1404, 1595
1456, 1595
1404, 1595
1457, 1595
1418, 1595
1403, 1595
1411, 1595
1401, 1595
1420, 1595
1429, 1595
1404, 1595
1415, 1595
1425, 1595
1465, 1595
1406, 1595
1437, 1595
1404, 1595
1422, 1595
1404, 1595
1421, 1595
1415, 1595
1415, 1595
1421, 1595
1407, 1595
1428, 1595
1487, 1595
1432, 1595
1413, 1595
1445, 1595
1476, 1595
1410, 1595
1425, 1595
1403, 1595
1515, 1595
1402, 1595
1467, 1595
1404, 1595
1410, 1595
1433, 1595
1422, 1595
1408, 1595
1420, 1595
1439, 1595
1416, 1595
1429, 1595
1422, 1595
1404, 1595
1419, 1595
1420, 1595
1400, 1595
1400, 1595
1404, 1595
1421, 1595
1419, 1595
1498, 1595
1417, 1595
1402, 1595
1437, 1595
1439, 1595
1401, 1595
1406, 1595
1401, 1595
1410, 1595
1406, 1595
1404, 1595
1431, 1595
1402, 1595
1429, 1595
1416, 1595
1428, 1595
1442, 1595
1417, 1595
1401, 1595
1440, 1595
1415, 1595
1458, 1595
1412, 1595
1423, 1595
1424, 1595
1431, 1595
1405, 1595
1417, 1595
1422, 1595
1413, 1595
1418, 1595
1416, 1595
1402, 1595
1405, 1595
1456, 1595
1404, 1595
1417, 1595
1498, 1595
1449, 1595
1410, 1595
1412, 1595
1416, 1595
1400, 1595
1422, 1595
1460, 1595
1416, 1595
1411, 1595
1407, 1595
1401, 1595
1404, 1595
1421, 1595
1436, 1595
1415, 1595
1407, 1595
1489, 1595
1458, 1595
1412, 1595
1403, 1595
1415, 1595
1412, 1595
1408, 1595
1439, 1595
1405, 1595
1427, 1595
1447, 1595
1437, 1595
1416, 1595
1403, 1595
1475, 1595
1422, 1595
1401, 1595
1407, 1595
1411, 1595
1415, 1595
1402, 1595
1403, 1595
1436, 1595
1445, 1595
1414, 1595
1433, 1595
1406, 1595
1420, 1595
1400, 1595
1446, 1595
1411, 1595
1413, 1595
1456, 1595
1442, 1595
1410, 1595
1407, 1595
1441, 1595
1413, 1595
1421, 1595
1462, 1595
1411, 1595
1439, 1595
1402, 1595
1401, 1595
1413, 1595
1414, 1595
1456, 1595
1406, 1595
1411, 1595
1418, 1595
1406, 1595
1418, 1595
1417, 1595
1410, 1595
1423, 1595
1400, 1595
1451, 1595
1407, 1595
1438, 1595
1423, 1595
1421, 1595
1410, 1595
1425, 1595
1401, 1595
1411, 1595
1414, 1595
1434, 1595
1411, 1595
1430, 1595
1409, 1595
1402, 1595
1465, 1595
1414, 1595
1404, 1595
1405, 1595
1445, 1595
1435, 1595
1403, 1595
1412, 1595
1441, 1595
1419, 1595
1446, 1595
1443, 1595
1437, 1595
1415, 1595
1410, 1595
1401, 1595
1422, 1595
1407, 1595
1403, 1595
1419, 1595
1433, 1595
1403, 1595
1400, 1595
1484, 1595
1422, 1595
1403, 1595
1427, 1595
1402, 1595
1433, 1595
1422, 1595
1439, 1595
1420, 1595
1409, 1595
1438, 1595
1400, 1595
1401, 1595
1410, 1595
1401, 1595
1437, 1595
1401, 1595
1404, 1595
1426, 1595
1457, 1595
1435, 1595
1410, 1595
1407, 1595
1440, 1595
1427, 1595
1401, 1595
1474, 1595
1411, 1595
1408, 1595
1422, 1595
1431, 1595
1412, 1595
1428, 1595
1407, 1595
1447, 1595
1401, 1595
1413, 1595
1408, 1595
1439, 1595
1412, 1595
1509, 1595
1402, 1595
1423, 1595
1422, 1595
1407, 1595
1403, 1595
1450, 1595
1408, 1595
1406, 1595
1421, 1595
1461, 1595
1407, 1595
