#Algorithm: ExpectedSARSA, Speed: 1, Boost: 5, PM: True, Env size: (20, 20), Car size: (6, 5),
#Counter: 100, Nsteps: 10000000, Gamma: 1, LearnRate: 0.01, Eps: 0.5, Epsdecay: 0.9
0, 0
4, 4
1, 4
3, 4
1, 4
1, 4
5, 5
2, 5
1, 5
2, 5
1, 5
4, 5
50, 50
0, 50
1, 50
4, 50
0, 50
0, 50
3, 50
0, 50
52, 52
25, 52
7, 52
2, 52
1, 52
1, 52
3, 52
1, 52
72, 72
2, 72
7, 72
1, 72
2, 72
15, 72
7, 72
1, 72
60, 72
0, 72
2, 72
17, 72
72, 72
4, 72
2, 72
23, 72
130, 130
0, 130
0, 130
133, 133
46, 133
7, 133
114, 133
107, 133
205, 205
205, 205
212, 212
174, 212
101, 212
101, 212
31, 212
201, 212
126, 212
122, 212
146, 212
107, 212
205, 212
200, 212
143, 212
109, 212
117, 212
138, 212
209, 212
202, 212
204, 212
144, 212
135, 212
200, 212
134, 212
197, 212
6, 212
160, 212
112, 212
119, 212
209, 212
204, 212
209, 212
201, 212
201, 212
202, 212
201, 212
202, 212
109, 212
200, 212
185, 212
105, 212
125, 212
204, 212
183, 212
36, 212
28, 212
18, 212
2, 212
204, 212
202, 212
200, 212
210, 212
210, 212
68, 212
2, 212
150, 212
5, 212
103, 212
33, 212
6, 212
206, 212
215, 215
187, 215
18, 215
202, 215
201, 215
212, 215
188, 215
108, 215
122, 215
200, 215
200, 215
201, 215
203, 215
17, 215
201, 215
42, 215
16, 215
6, 215
30, 215
157, 215
208, 215
211, 215
202, 215
138, 215
200, 215
205, 215
97, 215
29, 215
1, 215
106, 215
7, 215
200, 215
176, 215
1, 215
33, 215
200, 215
107, 215
147, 215
131, 215
108, 215
217, 217
202, 217
201, 217
201, 217
204, 217
213, 217
203, 217
183, 217
201, 217
200, 217
7, 217
200, 217
168, 217
39, 217
1, 217
209, 217
201, 217
200, 217
204, 217
9, 217
124, 217
0, 217
100, 217
203, 217
0, 217
4, 217
5, 217
133, 217
207, 217
35, 217
2, 217
200, 217
194, 217
157, 217
200, 217
201, 217
143, 217
200, 217
168, 217
117, 217
107, 217
142, 217
200, 217
205, 217
201, 217
154, 217
205, 217
201, 217
112, 217
203, 217
17, 217
5, 217
21, 217
205, 217
175, 217
192, 217
126, 217
51, 217
0, 217
0, 217
0, 217
4, 217
58, 217
212, 217
204, 217
132, 217
210, 217
208, 217
201, 217
108, 217
184, 217
201, 217
190, 217
128, 217
208, 217
206, 217
201, 217
200, 217
206, 217
218, 218
196, 218
147, 218
109, 218
196, 218
202, 218
200, 218
196, 218
201, 218
203, 218
49, 218
98, 218
27, 218
1, 218
16, 218
1, 218
31, 218
203, 218
200, 218
121, 218
155, 218
200, 218
206, 218
102, 218
200, 218
172, 218
206, 218
206, 218
166, 218
31, 218
2, 218
203, 218
117, 218
103, 218
106, 218
205, 218
205, 218
205, 218
207, 218
207, 218
200, 218
194, 218
200, 218
201, 218
151, 218
3, 218
26, 218
80, 218
41, 218
28, 218
2, 218
207, 218
204, 218
5, 218
100, 218
133, 218
116, 218
206, 218
108, 218
201, 218
159, 218
207, 218
12, 218
141, 218
16, 218
100, 218
67, 218
201, 218
203, 218
211, 218
201, 218
62, 218
200, 218
180, 218
4, 218
1, 218
207, 218
207, 218
80, 218
80, 218
64, 218
10, 218
0, 218
45, 218
200, 218
209, 218
10, 218
0, 218
205, 218
204, 218
211, 218
107, 218
131, 218
106, 218
201, 218
160, 218
203, 218
201, 218
217, 218
201, 218
200, 218
200, 218
138, 218
168, 218
157, 218
141, 218
203, 218
202, 218
201, 218
172, 218
216, 218
20, 218
34, 218
1, 218
54, 218
169, 218
0, 218
64, 218
33, 218
141, 218
201, 218
203, 218
214, 218
208, 218
206, 218
203, 218
188, 218
114, 218
118, 218
204, 218
202, 218
125, 218
202, 218
200, 218
206, 218
200, 218
204, 218
129, 218
202, 218
140, 218
148, 218
201, 218
202, 218
199, 218
136, 218
2, 218
18, 218
1, 218
9, 218
15, 218
213, 218
51, 218
202, 218
164, 218
138, 218
208, 218
109, 218
205, 218
197, 218
101, 218
112, 218
207, 218
201, 218
211, 218
207, 218
203, 218
129, 218
159, 218
209, 218
202, 218
151, 218
205, 218
200, 218
8, 218
203, 218
200, 218
211, 218
155, 218
169, 218
111, 218
138, 218
203, 218
200, 218
192, 218
156, 218
35, 218
0, 218
178, 218
109, 218
58, 218
0, 218
62, 218
111, 218
203, 218
200, 218
200, 218
206, 218
204, 218
200, 218
53, 218
211, 218
201, 218
145, 218
1, 218
202, 218
200, 218
202, 218
202, 218
202, 218
203, 218
174, 218
59, 218
133, 218
143, 218
86, 218
200, 218
149, 218
0, 218
53, 218
200, 218
206, 218
80, 218
145, 218
11, 218
16, 218
40, 218
4, 218
15, 218
202, 218
211, 218
181, 218
165, 218
29, 218
202, 218
171, 218
200, 218
206, 218
201, 218
107, 218
200, 218
203, 218
200, 218
142, 218
28, 218
14, 218
171, 218
150, 218
205, 218
148, 218
3, 218
105, 218
205, 218
205, 218
202, 218
131, 218
206, 218
193, 218
11, 218
5, 218
0, 218
0, 218
4, 218
203, 218
20, 218
204, 218
209, 218
200, 218
201, 218
150, 218
177, 218
148, 218
209, 218
203, 218
205, 218
203, 218
134, 218
200, 218
102, 218
15, 218
13, 218
167, 218
55, 218
3, 218
213, 218
202, 218
1, 218
201, 218
208, 218
190, 218
65, 218
5, 218
142, 218
130, 218
60, 218
0, 218
92, 218
67, 218
202, 218
201, 218
200, 218
137, 218
173, 218
98, 218
202, 218
200, 218
205, 218
200, 218
203, 218
24, 218
200, 218
214, 218
110, 218
112, 218
100, 218
201, 218
97, 218
200, 218
202, 218
191, 218
64, 218
0, 218
89, 218
117, 218
45, 218
124, 218
3, 218
69, 218
9, 218
39, 218
13, 218
200, 218
144, 218
202, 218
210, 218
200, 218
180, 218
29, 218
6, 218
9, 218
128, 218
201, 218
203, 218
200, 218
200, 218
181, 218
200, 218
58, 218
204, 218
201, 218
128, 218
80, 218
18, 218
2, 218
173, 218
2, 218
73, 218
203, 218
101, 218
105, 218
116, 218
205, 218
200, 218
214, 218
209, 218
200, 218
196, 218
17, 218
54, 218
132, 218
184, 218
204, 218
115, 218
202, 218
201, 218
133, 218
201, 218
200, 218
200, 218
186, 218
207, 218
206, 218
4, 218
0, 218
200, 218
200, 218
200, 218
9, 218
1, 218
0, 218
21, 218
202, 218
202, 218
46, 218
1, 218
136, 218
188, 218
8, 218
40, 218
180, 218
192, 218
120, 218
160, 218
206, 218
200, 218
202, 218
207, 218
201, 218
204, 218
102, 218
102, 218
119, 218
202, 218
201, 218
108, 218
201, 218
200, 218
204, 218
202, 218
216, 218
201, 218
138, 218
147, 218
150, 218
141, 218
71, 218
108, 218
188, 218
121, 218
84, 218
1, 218
20, 218
2, 218
15, 218
7, 218
169, 218
198, 218
200, 218
157, 218
183, 218
202, 218
203, 218
201, 218
202, 218
201, 218
167, 218
128, 218
204, 218
208, 218
200, 218
222, 222
203, 222
72, 222
211, 222
182, 222
202, 222
80, 222
2, 222
200, 222
49, 222
179, 222
59, 222
7, 222
101, 222
207, 222
130, 222
105, 222
154, 222
207, 222
20, 222
200, 222
20, 222
200, 222
204, 222
101, 222
105, 222
205, 222
201, 222
201, 222
200, 222
202, 222
200, 222
205, 222
135, 222
148, 222
202, 222
98, 222
201, 222
203, 222
200, 222
202, 222
207, 222
56, 222
105, 222
122, 222
121, 222
101, 222
201, 222
202, 222
103, 222
217, 222
12, 222
0, 222
35, 222
14, 222
36, 222
0, 222
102, 222
1, 222
64, 222
160, 222
200, 222
204, 222
200, 222
203, 222
210, 222
101, 222
157, 222
202, 222
122, 222
210, 222
204, 222
200, 222
180, 222
165, 222
219, 222
8, 222
144, 222
35, 222
208, 222
24, 222
2, 222
123, 222
3, 222
9, 222
147, 222
85, 222
218, 222
200, 222
203, 222
179, 222
206, 222
173, 222
206, 222
129, 222
201, 222
134, 222
29, 222
166, 222
203, 222
132, 222
178, 222
201, 222
107, 222
110, 222
138, 222
204, 222
203, 222
201, 222
129, 222
201, 222
205, 222
200, 222
185, 222
205, 222
205, 222
165, 222
135, 222
201, 222
200, 222
191, 222
22, 222
27, 222
137, 222
200, 222
195, 222
17, 222
81, 222
41, 222
201, 222
165, 222
0, 222
89, 222
203, 222
140, 222
203, 222
183, 222
130, 222
8, 222
19, 222
203, 222
16, 222
13, 222
2, 222
171, 222
207, 222
206, 222
205, 222
173, 222
169, 222
117, 222
133, 222
202, 222
192, 222
103, 222
127, 222
205, 222
207, 222
203, 222
209, 222
139, 222
202, 222
217, 222
200, 222
200, 222
65, 222
105, 222
49, 222
9, 222
66, 222
0, 222
49, 222
149, 222
34, 222
4, 222
210, 222
205, 222
57, 222
190, 222
186, 222
23, 222
102, 222
201, 222
201, 222
220, 222
201, 222
200, 222
200, 222
211, 222
200, 222
203, 222
62, 222
209, 222
200, 222
161, 222
200, 222
167, 222
202, 222
141, 222
201, 222
207, 222
24, 222
3, 222
206, 222
9, 222
18, 222
2, 222
127, 222
148, 222
192, 222
2, 222
150, 222
154, 222
101, 222
201, 222
149, 222
202, 222
201, 222
214, 222
223, 223
201, 223
203, 223
205, 223
16, 223
201, 223
202, 223
202, 223
25, 223
20, 223
12, 223
200, 223
200, 223
14, 223
200, 223
162, 223
82, 223
143, 223
123, 223
18, 223
0, 223
17, 223
59, 223
10, 223
114, 223
104, 223
18, 223
134, 223
200, 223
217, 223
201, 223
209, 223
201, 223
204, 223
154, 223
201, 223
200, 223
201, 223
36, 223
100, 223
36, 223
200, 223
37, 223
112, 223
200, 223
121, 223
108, 223
43, 223
12, 223
1, 223
105, 223
88, 223
0, 223
143, 223
29, 223
204, 223
173, 223
202, 223
204, 223
144, 223
211, 223
202, 223
203, 223
133, 223
206, 223
202, 223
203, 223
207, 223
201, 223
202, 223
153, 223
20, 223
190, 223
166, 223
137, 223
149, 223
45, 223
59, 223
7, 223
146, 223
204, 223
53, 223
0, 223
209, 223
61, 223
200, 223
211, 223
200, 223
202, 223
200, 223
202, 223
7, 223
143, 223
110, 223
174, 223
204, 223
209, 223
182, 223
216, 223
202, 223
200, 223
204, 223
161, 223
200, 223
140, 223
204, 223
160, 223
2, 223
111, 223
115, 223
203, 223
206, 223
135, 223
173, 223
8, 223
6, 223
14, 223
92, 223
200, 223
166, 223
18, 223
151, 223
204, 223
42, 223
201, 223
204, 223
134, 223
215, 223
212, 223
200, 223
102, 223
24, 223
113, 223
203, 223
138, 223
202, 223
202, 223
207, 223
201, 223
138, 223
200, 223
182, 223
205, 223
202, 223
202, 223
201, 223
134, 223
105, 223
185, 223
133, 223
211, 223
207, 223
201, 223
201, 223
177, 223
178, 223
51, 223
9, 223
0, 223
59, 223
31, 223
13, 223
191, 223
107, 223
201, 223
94, 223
2, 223
215, 223
59, 223
152, 223
202, 223
132, 223
133, 223
156, 223
200, 223
203, 223
203, 223
202, 223
201, 223
200, 223
202, 223
1, 223
32, 223
35, 223
206, 223
202, 223
124, 223
201, 223
109, 223
159, 223
200, 223
23, 223
203, 223
201, 223
201, 223
200, 223
139, 223
43, 223
22, 223
20, 223
195, 223
20, 223
1, 223
26, 223
180, 223
2, 223
204, 223
23, 223
206, 223
216, 223
202, 223
206, 223
201, 223
122, 223
100, 223
144, 223
201, 223
216, 223
202, 223
200, 223
200, 223
168, 223
167, 223
200, 223
201, 223
161, 223
77, 223
120, 223
104, 223
0, 223
34, 223
208, 223
203, 223
150, 223
0, 223
205, 223
192, 223
201, 223
203, 223
22, 223
0, 223
101, 223
134, 223
100, 223
202, 223
100, 223
206, 223
213, 223
162, 223
208, 223
217, 223
203, 223
204, 223
165, 223
124, 223
204, 223
209, 223
201, 223
200, 223
101, 223
184, 223
163, 223
12, 223
10, 223
117, 223
4, 223
9, 223
158, 223
25, 223
186, 223
25, 223
7, 223
200, 223
118, 223
19, 223
119, 223
177, 223
188, 223
205, 223
150, 223
150, 223
170, 223
191, 223
186, 223
203, 223
200, 223
210, 223
185, 223
202, 223
202, 223
204, 223
204, 223
55, 223
45, 223
0, 223
200, 223
199, 223
5, 223
7, 223
22, 223
158, 223
194, 223
134, 223
122, 223
203, 223
200, 223
206, 223
174, 223
200, 223
32, 223
206, 223
201, 223
174, 223
210, 223
206, 223
186, 223
201, 223
48, 223
108, 223
101, 223
204, 223
209, 223
205, 223
202, 223
179, 223
204, 223
200, 223
200, 223
189, 223
204, 223
200, 223
132, 223
101, 223
119, 223
206, 223
156, 223
187, 223
40, 223
2, 223
19, 223
12, 223
209, 223
60, 223
12, 223
191, 223
206, 223
211, 223
203, 223
204, 223
202, 223
193, 223
205, 223
158, 223
200, 223
203, 223
205, 223
211, 223
200, 223
175, 223
32, 223
56, 223
201, 223
203, 223
169, 223
37, 223
20, 223
99, 223
200, 223
200, 223
2, 223
210, 223
22, 223
2, 223
40, 223
1, 223
1, 223
27, 223
204, 223
202, 223
102, 223
201, 223
104, 223
14, 223
3, 223
21, 223
20, 223
163, 223
201, 223
117, 223
128, 223
200, 223
160, 223
1, 223
41, 223
202, 223
207, 223
210, 223
202, 223
200, 223
204, 223
155, 223
125, 223
119, 223
203, 223
204, 223
83, 223
203, 223
156, 223
4, 223
1, 223
0, 223
89, 223
6, 223
205, 223
206, 223
78, 223
56, 223
207, 223
191, 223
201, 223
203, 223
201, 223
68, 223
205, 223
2, 223
0, 223
190, 223
149, 223
201, 223
206, 223
201, 223
200, 223
209, 223
200, 223
180, 223
205, 223
206, 223
200, 223
86, 223
42, 223
0, 223
203, 223
103, 223
201, 223
19, 223
1, 223
166, 223
36, 223
216, 223
200, 223
201, 223
202, 223
105, 223
191, 223
101, 223
170, 223
200, 223
207, 223
137, 223
167, 223
200, 223
209, 223
165, 223
210, 223
200, 223
203, 223
62, 223
142, 223
39, 223
122, 223
198, 223
209, 223
197, 223
140, 223
206, 223
23, 223
209, 223
14, 223
3, 223
206, 223
160, 223
83, 223
1, 223
125, 223
210, 223
203, 223
1, 223
55, 223
212, 223
200, 223
206, 223
202, 223
203, 223
201, 223
139, 223
168, 223
1, 223
69, 223
219, 223
201, 223
201, 223
163, 223
163, 223
108, 223
116, 223
4, 223
217, 223
77, 223
183, 223
89, 223
145, 223
36, 223
0, 223
104, 223
0, 223
117, 223
20, 223
0, 223
139, 223
210, 223
209, 223
203, 223
44, 223
200, 223
201, 223
202, 223
154, 223
201, 223
202, 223
203, 223
200, 223
201, 223
208, 223
200, 223
62, 223
201, 223
111, 223
202, 223
214, 223
212, 223
127, 223
204, 223
150, 223
11, 223
4, 223
16, 223
107, 223
120, 223
203, 223
168, 223
8, 223
16, 223
204, 223
200, 223
203, 223
205, 223
188, 223
200, 223
203, 223
153, 223
13, 223
12, 223
205, 223
194, 223
204, 223
192, 223
202, 223
116, 223
133, 223
104, 223
110, 223
201, 223
210, 223
142, 223
110, 223
111, 223
141, 223
203, 223
201, 223
205, 223
202, 223
200, 223
172, 223
0, 223
29, 223
3, 223
200, 223
2, 223
2, 223
85, 223
37, 223
155, 223
205, 223
204, 223
213, 223
200, 223
200, 223
206, 223
204, 223
165, 223
166, 223
1, 223
139, 223
15, 223
0, 223
106, 223
202, 223
203, 223
203, 223
155, 223
112, 223
189, 223
200, 223
103, 223
1, 223
201, 223
41, 223
201, 223
76, 223
2, 223
220, 223
111, 223
176, 223
200, 223
204, 223
205, 223
201, 223
204, 223
213, 223
202, 223
204, 223
201, 223
146, 223
118, 223
173, 223
69, 223
62, 223
16, 223
15, 223
4, 223
72, 223
210, 223
201, 223
229, 229
203, 229
200, 229
190, 229
106, 229
27, 229
70, 229
15, 229
1, 229
105, 229
205, 229
124, 229
210, 229
206, 229
201, 229
200, 229
83, 229
80, 229
0, 229
39, 229
202, 229
207, 229
9, 229
195, 229
0, 229
68, 229
163, 229
224, 229
200, 229
200, 229
201, 229
8, 229
118, 229
42, 229
78, 229
10, 229
32, 229
202, 229
194, 229
102, 229
200, 229
197, 229
211, 229
111, 229
176, 229
203, 229
202, 229
204, 229
202, 229
26, 229
202, 229
64, 229
41, 229
36, 229
203, 229
54, 229
222, 229
39, 229
0, 229
42, 229
0, 229
86, 229
214, 229
106, 229
203, 229
52, 229
200, 229
200, 229
202, 229
200, 229
149, 229
106, 229
146, 229
207, 229
225, 229
200, 229
166, 229
200, 229
167, 229
201, 229
202, 229
200, 229
205, 229
185, 229
203, 229
210, 229
172, 229
111, 229
2, 229
214, 229
58, 229
34, 229
16, 229
130, 229
14, 229
0, 229
206, 229
64, 229
214, 229
71, 229
203, 229
155, 229
98, 229
127, 229
0, 229
105, 229
206, 229
189, 229
202, 229
220, 229
202, 229
204, 229
200, 229
201, 229
208, 229
104, 229
32, 229
210, 229
202, 229
201, 229
206, 229
185, 229
140, 229
136, 229
203, 229
210, 229
134, 229
102, 229
175, 229
107, 229
206, 229
200, 229
148, 229
141, 229
203, 229
205, 229
123, 229
0, 229
213, 229
142, 229
21, 229
0, 229
13, 229
209, 229
201, 229
68, 229
202, 229
202, 229
212, 229
93, 229
70, 229
112, 229
202, 229
157, 229
207, 229
205, 229
82, 229
16, 229
1, 229
101, 229
106, 229
2, 229
19, 229
104, 229
201, 229
200, 229
47, 229
109, 229
107, 229
207, 229
201, 229
201, 229
14, 229
116, 229
1, 229
86, 229
25, 229
0, 229
2, 229
15, 229
7, 229
11, 229
205, 229
200, 229
201, 229
82, 229
200, 229
208, 229
217, 229
156, 229
106, 229
113, 229
145, 229
133, 229
100, 229
117, 229
200, 229
128, 229
194, 229
17, 229
63, 229
5, 229
39, 229
4, 229
54, 229
212, 229
207, 229
21, 229
210, 229
201, 229
201, 229
184, 229
202, 229
201, 229
204, 229
203, 229
201, 229
205, 229
203, 229
207, 229
203, 229
200, 229
131, 229
111, 229
200, 229
122, 229
27, 229
138, 229
116, 229
179, 229
185, 229
127, 229
128, 229
5, 229
204, 229
200, 229
201, 229
205, 229
205, 229
134, 229
200, 229
51, 229
2, 229
7, 229
44, 229
200, 229
169, 229
210, 229
52, 229
200, 229
218, 229
201, 229
140, 229
191, 229
31, 229
1, 229
7, 229
141, 229
9, 229
36, 229
1, 229
203, 229
203, 229
204, 229
163, 229
200, 229
149, 229
111, 229
100, 229
200, 229
201, 229
201, 229
201, 229
203, 229
140, 229
81, 229
1, 229
81, 229
204, 229
134, 229
213, 229
17, 229
2, 229
15, 229
15, 229
143, 229
168, 229
208, 229
193, 229
137, 229
164, 229
210, 229
217, 229
200, 229
216, 229
164, 229
200, 229
202, 229
190, 229
204, 229
203, 229
200, 229
211, 229
200, 229
209, 229
201, 229
48, 229
139, 229
18, 229
97, 229
22, 229
17, 229
109, 229
227, 229
67, 229
177, 229
13, 229
26, 229
3, 229
78, 229
43, 229
203, 229
153, 229
139, 229
208, 229
22, 229
204, 229
208, 229
201, 229
201, 229
190, 229
213, 229
167, 229
106, 229
108, 229
25, 229
171, 229
100, 229
117, 229
208, 229
20, 229
0, 229
108, 229
200, 229
178, 229
200, 229
105, 229
0, 229
151, 229
200, 229
207, 229
201, 229
202, 229
216, 229
219, 229
202, 229
206, 229
198, 229
196, 229
163, 229
189, 229
204, 229
160, 229
141, 229
210, 229
205, 229
175, 229
150, 229
171, 229
200, 229
201, 229
124, 229
172, 229
200, 229
231, 231
205, 231
202, 231
142, 231
177, 231
3, 231
122, 231
180, 231
160, 231
145, 231
14, 231
2, 231
212, 231
201, 231
200, 231
152, 231
202, 231
201, 231
206, 231
201, 231
208, 231
9, 231
33, 231
215, 231
212, 231
154, 231
205, 231
111, 231
7, 231
203, 231
152, 231
1, 231
2, 231
183, 231
211, 231
203, 231
205, 231
186, 231
24, 231
124, 231
145, 231
157, 231
206, 231
201, 231
212, 231
204, 231
210, 231
173, 231
204, 231
214, 231
192, 231
203, 231
205, 231
202, 231
205, 231
200, 231
203, 231
200, 231
209, 231
211, 231
193, 231
195, 231
171, 231
203, 231
210, 231
204, 231
206, 231
202, 231
204, 231
177, 231
217, 231
140, 231
202, 231
217, 231
201, 231
202, 231
215, 231
204, 231
213, 231
204, 231
218, 231
206, 231
203, 231
206, 231
203, 231
201, 231
200, 231
200, 231
206, 231
201, 231
179, 231
203, 231
208, 231
200, 231
209, 231
200, 231
194, 231
211, 231
204, 231
201, 231
212, 231
201, 231
223, 231
204, 231
5, 231
201, 231
172, 231
142, 231
150, 231
201, 231
191, 231
5, 231
201, 231
216, 231
173, 231
200, 231
200, 231
200, 231
201, 231
200, 231
211, 231
200, 231
204, 231
202, 231
183, 231
32, 231
11, 231
207, 231
213, 231
203, 231
183, 231
92, 231
12, 231
40, 231
14, 231
23, 231
68, 231
48, 231
3, 231
75, 231
3, 231
205, 231
199, 231
203, 231
135, 231
50, 231
143, 231
25, 231
28, 231
108, 231
126, 231
202, 231
203, 231
202, 231
202, 231
203, 231
207, 231
210, 231
138, 231
144, 231
210, 231
200, 231
205, 231
114, 231
101, 231
104, 231
117, 231
110, 231
165, 231
203, 231
201, 231
202, 231
204, 231
93, 231
144, 231
4, 231
147, 231
151, 231
10, 231
177, 231
200, 231
213, 231
169, 231
64, 231
210, 231
206, 231
176, 231
200, 231
103, 231
105, 231
129, 231
209, 231
202, 231
200, 231
137, 231
108, 231
100, 231
202, 231
204, 231
203, 231
175, 231
202, 231
197, 231
165, 231
199, 231
108, 231
202, 231
158, 231
97, 231
33, 231
1, 231
164, 231
49, 231
133, 231
10, 231
63, 231
140, 231
206, 231
111, 231
213, 231
22, 231
1, 231
139, 231
2, 231
209, 231
205, 231
221, 231
200, 231
204, 231
200, 231
9, 231
201, 231
204, 231
204, 231
132, 231
109, 231
171, 231
129, 231
153, 231
202, 231
174, 231
9, 231
200, 231
214, 231
31, 231
30, 231
4, 231
137, 231
99, 231
218, 231
201, 231
202, 231
206, 231
201, 231
172, 231
115, 231
156, 231
135, 231
204, 231
205, 231
203, 231
107, 231
42, 231
25, 231
200, 231
202, 231
200, 231
23, 231
3, 231
195, 231
209, 231
159, 231
206, 231
202, 231
33, 231
204, 231
6, 231
35, 231
0, 231
15, 231
79, 231
4, 231
1, 231
138, 231
143, 231
125, 231
92, 231
149, 231
203, 231
144, 231
203, 231
164, 231
213, 231
212, 231
139, 231
202, 231
200, 231
200, 231
123, 231
231, 231
110, 231
152, 231
151, 231
115, 231
155, 231
185, 231
194, 231
198, 231
205, 231
185, 231
26, 231
203, 231
201, 231
208, 231
203, 231
214, 231
210, 231
211, 231
205, 231
195, 231
207, 231
202, 231
8, 231
188, 231
204, 231
172, 231
200, 231
203, 231
203, 231
201, 231
9, 231
4, 231
203, 231
49, 231
2, 231
117, 231
214, 231
201, 231
24, 231
138, 231
0, 231
32, 231
200, 231
213, 231
203, 231
200, 231
201, 231
218, 231
205, 231
139, 231
149, 231
207, 231
210, 231
204, 231
162, 231
206, 231
103, 231
115, 231
176, 231
213, 231
191, 231
201, 231
205, 231
210, 231
202, 231
200, 231
203, 231
200, 231
131, 231
208, 231
139, 231
109, 231
138, 231
105, 231
115, 231
151, 231
172, 231
208, 231
213, 231
201, 231
205, 231
122, 231
201, 231
202, 231
200, 231
201, 231
209, 231
202, 231
202, 231
202, 231
202, 231
203, 231
211, 231
202, 231
212, 231
204, 231
205, 231
207, 231
218, 231
205, 231
208, 231
191, 231
201, 231
200, 231
206, 231
201, 231
203, 231
152, 231
203, 231
200, 231
201, 231
216, 231
204, 231
211, 231
207, 231
200, 231
200, 231
207, 231
209, 231
203, 231
202, 231
208, 231
204, 231
200, 231
200, 231
208, 231
202, 231
120, 231
137, 231
143, 231
200, 231
4, 231
7, 231
14, 231
179, 231
159, 231
128, 231
130, 231
166, 231
13, 231
44, 231
42, 231
201, 231
200, 231
204, 231
201, 231
208, 231
207, 231
192, 231
173, 231
0, 231
70, 231
186, 231
200, 231
203, 231
209, 231
204, 231
202, 231
201, 231
212, 231
205, 231
210, 231
205, 231
203, 231
201, 231
186, 231
25, 231
0, 231
20, 231
64, 231
9, 231
43, 231
13, 231
70, 231
25, 231
26, 231
2, 231
134, 231
200, 231
80, 231
127, 231
152, 231
209, 231
204, 231
201, 231
207, 231
201, 231
205, 231
64, 231
190, 231
108, 231
14, 231
139, 231
202, 231
14, 231
213, 231
200, 231
198, 231
153, 231
106, 231
115, 231
208, 231
204, 231
217, 231
205, 231
190, 231
200, 231
200, 231
210, 231
174, 231
23, 231
0, 231
38, 231
18, 231
0, 231
212, 231
206, 231
163, 231
206, 231
224, 231
144, 231
151, 231
7, 231
203, 231
201, 231
208, 231
212, 231
204, 231
220, 231
216, 231
204, 231
203, 231
214, 231
191, 231
61, 231
31, 231
36, 231
28, 231
25, 231
6, 231
27, 231
39, 231
68, 231
17, 231
102, 231
118, 231
178, 231
15, 231
57, 231
201, 231
174, 231
202, 231
204, 231
204, 231
205, 231
185, 231
3, 231
68, 231
10, 231
20, 231
8, 231
108, 231
8, 231
106, 231
139, 231
2, 231
158, 231
111, 231
201, 231
204, 231
132, 231
212, 231
208, 231
200, 231
208, 231
165, 231
219, 231
180, 231
159, 231
216, 231
207, 231
202, 231
205, 231
202, 231
203, 231
203, 231
205, 231
202, 231
36, 231
189, 231
4, 231
208, 231
103, 231
108, 231
171, 231
200, 231
12, 231
186, 231
1, 231
39, 231
0, 231
60, 231
0, 231
102, 231
200, 231
100, 231
208, 231
209, 231
200, 231
53, 231
2, 231
201, 231
169, 231
13, 231
102, 231
145, 231
111, 231
116, 231
202, 231
200, 231
118, 231
8, 231
167, 231
203, 231
202, 231
144, 231
159, 231
4, 231
8, 231
27, 231
0, 231
200, 231
9, 231
201, 231
206, 231
26, 231
208, 231
209, 231
130, 231
159, 231
201, 231
203, 231
208, 231
203, 231
178, 231
37, 231
114, 231
206, 231
169, 231
210, 231
152, 231
9, 231
125, 231
201, 231
201, 231
21, 231
23, 231
4, 231
45, 231
208, 231
161, 231
111, 231
6, 231
203, 231
27, 231
204, 231
204, 231
201, 231
154, 231
208, 231
22, 231
86, 231
10, 231
103, 231
74, 231
0, 231
224, 231
203, 231
203, 231
10, 231
156, 231
205, 231
201, 231
105, 231
121, 231
149, 231
106, 231
201, 231
187, 231
207, 231
205, 231
162, 231
1, 231
204, 231
200, 231
204, 231
158, 231
136, 231
211, 231
207, 231
183, 231
189, 231
0, 231
149, 231
195, 231
201, 231
162, 231
7, 231
201, 231
202, 231
160, 231
185, 231
151, 231
200, 231
202, 231
215, 231
210, 231
206, 231
218, 231
203, 231
203, 231
203, 231
221, 231
240, 240
214, 240
203, 240
202, 240
213, 240
201, 240
202, 240
153, 240
205, 240
200, 240
202, 240
202, 240
212, 240
201, 240
205, 240
203, 240
206, 240
202, 240
212, 240
201, 240
209, 240
207, 240
205, 240
211, 240
202, 240
201, 240
107, 240
117, 240
201, 240
202, 240
123, 240
149, 240
171, 240
210, 240
207, 240
207, 240
212, 240
205, 240
203, 240
204, 240
188, 240
202, 240
200, 240
205, 240
201, 240
205, 240
202, 240
203, 240
205, 240
201, 240
201, 240
204, 240
204, 240
203, 240
201, 240
183, 240
216, 240
4, 240
10, 240
19, 240
194, 240
158, 240
219, 240
209, 240
201, 240
220, 240
202, 240
219, 240
202, 240
204, 240
204, 240
204, 240
201, 240
202, 240
200, 240
202, 240
189, 240
211, 240
233, 240
200, 240
207, 240
205, 240
209, 240
31, 240
10, 240
8, 240
2, 240
17, 240
47, 240
14, 240
14, 240
11, 240
14, 240
36, 240
50, 240
65, 240
17, 240
3, 240
91, 240
7, 240
18, 240
145, 240
213, 240
121, 240
129, 240
120, 240
200, 240
201, 240
132, 240
212, 240
106, 240
20, 240
141, 240
206, 240
176, 240
202, 240
181, 240
208, 240
175, 240
204, 240
200, 240
175, 240
202, 240
77, 240
5, 240
65, 240
101, 240
3, 240
4, 240
1, 240
119, 240
2, 240
100, 240
31, 240
9, 240
40, 240
150, 240
207, 240
200, 240
78, 240
20, 240
150, 240
124, 240
208, 240
64, 240
4, 240
8, 240
205, 240
166, 240
225, 240
103, 240
21, 240
0, 240
126, 240
144, 240
160, 240
41, 240
24, 240
1, 240
160, 240
200, 240
202, 240
32, 240
5, 240
204, 240
201, 240
205, 240
208, 240
211, 240
203, 240
144, 240
201, 240
132, 240
145, 240
203, 240
200, 240
111, 240
120, 240
211, 240
125, 240
142, 240
195, 240
189, 240
209, 240
206, 240
114, 240
200, 240
44, 240
3, 240
209, 240
61, 240
200, 240
187, 240
0, 240
211, 240
127, 240
75, 240
189, 240
203, 240
202, 240
163, 240
158, 240
181, 240
201, 240
200, 240
111, 240
201, 240
200, 240
200, 240
210, 240
201, 240
38, 240
19, 240
39, 240
67, 240
16, 240
25, 240
54, 240
15, 240
202, 240
202, 240
200, 240
19, 240
10, 240
98, 240
100, 240
200, 240
209, 240
212, 240
204, 240
151, 240
193, 240
165, 240
9, 240
3, 240
75, 240
3, 240
45, 240
200, 240
217, 240
200, 240
12, 240
138, 240
154, 240
201, 240
174, 240
162, 240
114, 240
57, 240
24, 240
111, 240
28, 240
203, 240
200, 240
204, 240
147, 240
200, 240
201, 240
13, 240
7, 240
3, 240
28, 240
200, 240
206, 240
207, 240
161, 240
17, 240
105, 240
198, 240
54, 240
2, 240
122, 240
102, 240
200, 240
137, 240
202, 240
12, 240
1, 240
165, 240
12, 240
8, 240
28, 240
144, 240
208, 240
205, 240
202, 240
183, 240
204, 240
200, 240
204, 240
74, 240
200, 240
205, 240
201, 240
198, 240
102, 240
200, 240
28, 240
70, 240
156, 240
160, 240
112, 240
0, 240
2, 240
74, 240
7, 240
9, 240
204, 240
187, 240
157, 240
6, 240
40, 240
4, 240
208, 240
200, 240
156, 240
186, 240
211, 240
167, 240
200, 240
205, 240
204, 240
200, 240
201, 240
74, 240
102, 240
104, 240
159, 240
211, 240
200, 240
190, 240
188, 240
12, 240
57, 240
48, 240
1, 240
24, 240
124, 240
109, 240
160, 240
201, 240
205, 240
129, 240
22, 240
17, 240
200, 240
42, 240
203, 240
149, 240
124, 240
105, 240
211, 240
156, 240
123, 240
101, 240
132, 240
114, 240
168, 240
172, 240
219, 240
131, 240
157, 240
139, 240
24, 240
201, 240
209, 240
169, 240
204, 240
201, 240
194, 240
201, 240
195, 240
204, 240
203, 240
203, 240
201, 240
201, 240
202, 240
202, 240
126, 240
5, 240
125, 240
127, 240
183, 240
123, 240
175, 240
146, 240
47, 240
201, 240
203, 240
198, 240
196, 240
202, 240
208, 240
204, 240
208, 240
201, 240
167, 240
2, 240
71, 240
204, 240
65, 240
0, 240
212, 240
213, 240
204, 240
222, 240
188, 240
200, 240
170, 240
201, 240
207, 240
216, 240
204, 240
201, 240
212, 240
200, 240
207, 240
200, 240
200, 240
209, 240
213, 240
201, 240
204, 240
216, 240
202, 240
200, 240
200, 240
202, 240
134, 240
207, 240
205, 240
206, 240
200, 240
202, 240
214, 240
201, 240
201, 240
208, 240
208, 240
203, 240
207, 240
204, 240
217, 240
201, 240
210, 240
206, 240
201, 240
211, 240
205, 240
202, 240
204, 240
210, 240
202, 240
200, 240
208, 240
206, 240
200, 240
200, 240
227, 240
203, 240
205, 240
205, 240
203, 240
212, 240
205, 240
202, 240
208, 240
201, 240
206, 240
204, 240
221, 240
205, 240
215, 240
202, 240
204, 240
200, 240
201, 240
204, 240
200, 240
201, 240
204, 240
205, 240
209, 240
200, 240
204, 240
205, 240
224, 240
213, 240
212, 240
204, 240
201, 240
203, 240
203, 240
201, 240
204, 240
217, 240
206, 240
204, 240
207, 240
200, 240
200, 240
205, 240
205, 240
205, 240
210, 240
247, 247
200, 247
209, 247
207, 247
202, 247
200, 247
202, 247
201, 247
209, 247
201, 247
200, 247
208, 247
200, 247
201, 247
207, 247
205, 247
203, 247
203, 247
206, 247
201, 247
213, 247
205, 247
202, 247
202, 247
200, 247
209, 247
202, 247
201, 247
205, 247
201, 247
206, 247
207, 247
210, 247
203, 247
204, 247
201, 247
200, 247
202, 247
209, 247
203, 247
223, 247
207, 247
204, 247
205, 247
200, 247
205, 247
203, 247
205, 247
203, 247
207, 247
201, 247
209, 247
207, 247
218, 247
201, 247
222, 247
202, 247
202, 247
200, 247
219, 247
208, 247
201, 247
208, 247
201, 247
206, 247
208, 247
203, 247
214, 247
204, 247
200, 247
200, 247
201, 247
205, 247
216, 247
226, 247
210, 247
203, 247
206, 247
206, 247
201, 247
203, 247
201, 247
203, 247
205, 247
202, 247
211, 247
205, 247
201, 247
217, 247
212, 247
205, 247
202, 247
201, 247
200, 247
201, 247
200, 247
203, 247
202, 247
202, 247
200, 247
205, 247
209, 247
201, 247
222, 247
213, 247
208, 247
214, 247
207, 247
201, 247
203, 247
201, 247
203, 247
208, 247
209, 247
200, 247
204, 247
206, 247
229, 247
215, 247
200, 247
204, 247
214, 247
207, 247
204, 247
206, 247
214, 247
214, 247
200, 247
211, 247
203, 247
205, 247
200, 247
202, 247
216, 247
211, 247
202, 247
202, 247
204, 247
206, 247
203, 247
204, 247
203, 247
214, 247
207, 247
201, 247
202, 247
201, 247
208, 247
200, 247
218, 247
207, 247
200, 247
202, 247
209, 247
215, 247
205, 247
211, 247
200, 247
200, 247
201, 247
202, 247
200, 247
205, 247
206, 247
204, 247
207, 247
200, 247
204, 247
210, 247
201, 247
204, 247
211, 247
207, 247
202, 247
205, 247
206, 247
201, 247
200, 247
211, 247
202, 247
203, 247
208, 247
203, 247
214, 247
200, 247
203, 247
201, 247
206, 247
201, 247
204, 247
206, 247
203, 247
212, 247
208, 247
202, 247
205, 247
204, 247
205, 247
206, 247
200, 247
215, 247
211, 247
218, 247
204, 247
209, 247
200, 247
210, 247
212, 247
213, 247
213, 247
202, 247
207, 247
206, 247
200, 247
208, 247
200, 247
201, 247
201, 247
201, 247
200, 247
200, 247
207, 247
201, 247
209, 247
202, 247
200, 247
204, 247
202, 247
203, 247
202, 247
208, 247
205, 247
202, 247
210, 247
218, 247
204, 247
207, 247
203, 247
207, 247
213, 247
204, 247
205, 247
210, 247
208, 247
201, 247
201, 247
203, 247
201, 247
203, 247
203, 247
200, 247
204, 247
204, 247
211, 247
211, 247
204, 247
208, 247
205, 247
205, 247
202, 247
202, 247
201, 247
201, 247
218, 247
235, 247
203, 247
216, 247
210, 247
205, 247
202, 247
205, 247
200, 247
202, 247
204, 247
207, 247
213, 247
206, 247
222, 247
211, 247
211, 247
200, 247
207, 247
201, 247
204, 247
203, 247
202, 247
212, 247
206, 247
202, 247
215, 247
200, 247
204, 247
207, 247
204, 247
204, 247
206, 247
206, 247
202, 247
214, 247
202, 247
216, 247
215, 247
200, 247
203, 247
210, 247
200, 247
202, 247
202, 247
200, 247
204, 247
200, 247
204, 247
200, 247
208, 247
212, 247
200, 247
208, 247
205, 247
201, 247
202, 247
206, 247
201, 247
205, 247
201, 247
203, 247
201, 247
202, 247
200, 247
211, 247
201, 247
209, 247
206, 247
200, 247
201, 247
209, 247
201, 247
213, 247
201, 247
204, 247
203, 247
209, 247
207, 247
201, 247
205, 247
200, 247
206, 247
200, 247
205, 247
209, 247
201, 247
211, 247
203, 247
216, 247
200, 247
209, 247
203, 247
207, 247
200, 247
232, 247
209, 247
206, 247
204, 247
203, 247
200, 247
216, 247
215, 247
207, 247
214, 247
200, 247
205, 247
200, 247
217, 247
214, 247
204, 247
201, 247
207, 247
200, 247
200, 247
201, 247
200, 247
210, 247
201, 247
200, 247
203, 247
200, 247
204, 247
202, 247
201, 247
204, 247
203, 247
200, 247
202, 247
202, 247
204, 247
206, 247
202, 247
203, 247
203, 247
213, 247
203, 247
202, 247
203, 247
202, 247
203, 247
202, 247
203, 247
209, 247
212, 247
201, 247
207, 247
202, 247
203, 247
200, 247
204, 247
201, 247
218, 247
200, 247
200, 247
204, 247
201, 247
202, 247
208, 247
206, 247
231, 247
212, 247
201, 247
212, 247
208, 247
210, 247
200, 247
205, 247
207, 247
205, 247
208, 247
200, 247
203, 247
201, 247
201, 247
200, 247
202, 247
203, 247
210, 247
205, 247
201, 247
209, 247
202, 247
202, 247
206, 247
202, 247
207, 247
205, 247
206, 247
202, 247
202, 247
218, 247
217, 247
201, 247
205, 247
209, 247
216, 247
202, 247
201, 247
200, 247
200, 247
200, 247
203, 247
209, 247
202, 247
202, 247
202, 247
207, 247
207, 247
206, 247
211, 247
203, 247
224, 247
206, 247
212, 247
214, 247
202, 247
200, 247
206, 247
202, 247
204, 247
221, 247
203, 247
206, 247
202, 247
219, 247
205, 247
205, 247
207, 247
200, 247
212, 247
200, 247
200, 247
230, 247
207, 247
207, 247
212, 247
217, 247
203, 247
204, 247
209, 247
200, 247
200, 247
210, 247
209, 247
202, 247
214, 247
201, 247
202, 247
200, 247
212, 247
215, 247
218, 247
200, 247
200, 247
200, 247
203, 247
201, 247
200, 247
201, 247
204, 247
200, 247
203, 247
201, 247
204, 247
205, 247
201, 247
208, 247
201, 247
202, 247
202, 247
204, 247
214, 247
205, 247
214, 247
204, 247
200, 247
204, 247
205, 247
201, 247
208, 247
204, 247
201, 247
203, 247
202, 247
204, 247
203, 247
201, 247
205, 247
210, 247
208, 247
219, 247
203, 247
207, 247
212, 247
220, 247
209, 247
202, 247
208, 247
203, 247
204, 247
204, 247
201, 247
200, 247
210, 247
205, 247
200, 247
207, 247
204, 247
200, 247
208, 247
219, 247
208, 247
203, 247
205, 247
202, 247
203, 247
201, 247
202, 247
201, 247
204, 247
205, 247
214, 247
204, 247
204, 247
209, 247
204, 247
201, 247
219, 247
204, 247
201, 247
204, 247
200, 247
208, 247
220, 247
209, 247
206, 247
202, 247
208, 247
215, 247
202, 247
200, 247
207, 247
206, 247
212, 247
204, 247
200, 247
212, 247
213, 247
203, 247
201, 247
212, 247
204, 247
200, 247
203, 247
205, 247
201, 247
212, 247
202, 247
207, 247
206, 247
209, 247
205, 247
203, 247
208, 247
208, 247
205, 247
200, 247
203, 247
201, 247
200, 247
200, 247
208, 247
206, 247
208, 247
200, 247
202, 247
201, 247
210, 247
214, 247
202, 247
202, 247
208, 247
219, 247
202, 247
205, 247
200, 247
200, 247
204, 247
225, 247
205, 247
202, 247
200, 247
215, 247
200, 247
204, 247
213, 247
200, 247
208, 247
212, 247
215, 247
223, 247
208, 247
213, 247
222, 247
201, 247
201, 247
207, 247
215, 247
215, 247
206, 247
207, 247
202, 247
205, 247
204, 247
205, 247
205, 247
206, 247
204, 247
217, 247
202, 247
205, 247
204, 247
244, 247
213, 247
203, 247
210, 247
204, 247
200, 247
201, 247
202, 247
202, 247
204, 247
200, 247
205, 247
200, 247
200, 247
206, 247
203, 247
206, 247
200, 247
207, 247
209, 247
214, 247
206, 247
205, 247
201, 247
203, 247
216, 247
202, 247
214, 247
203, 247
203, 247
206, 247
210, 247
202, 247
202, 247
201, 247
200, 247
203, 247
208, 247
200, 247
216, 247
201, 247
200, 247
200, 247
209, 247
200, 247
203, 247
207, 247
201, 247
204, 247
200, 247
201, 247
211, 247
203, 247
200, 247
210, 247
205, 247
202, 247
202, 247
206, 247
204, 247
200, 247
208, 247
204, 247
207, 247
201, 247
207, 247
203, 247
202, 247
205, 247
202, 247
201, 247
200, 247
210, 247
209, 247
202, 247
202, 247
202, 247
204, 247
201, 247
207, 247
209, 247
204, 247
219, 247
219, 247
208, 247
201, 247
200, 247
200, 247
201, 247
225, 247
200, 247
201, 247
203, 247
204, 247
202, 247
201, 247
219, 247
205, 247
201, 247
209, 247
208, 247
205, 247
201, 247
202, 247
200, 247
228, 247
205, 247
208, 247
205, 247
204, 247
217, 247
211, 247
205, 247
204, 247
213, 247
203, 247
208, 247
203, 247
201, 247
202, 247
200, 247
200, 247
201, 247
200, 247
205, 247
211, 247
206, 247
202, 247
202, 247
200, 247
209, 247
209, 247
203, 247
202, 247
211, 247
206, 247
203, 247
216, 247
213, 247
205, 247
220, 247
202, 247
203, 247
204, 247
200, 247
202, 247
209, 247
217, 247
209, 247
200, 247
202, 247
200, 247
206, 247
201, 247
212, 247
203, 247
209, 247
238, 247
212, 247
204, 247
216, 247
213, 247
200, 247
208, 247
202, 247
229, 247
200, 247
201, 247
213, 247
212, 247
201, 247
212, 247
205, 247
223, 247
204, 247
200, 247
200, 247
200, 247
203, 247
204, 247
203, 247
205, 247
200, 247
200, 247
209, 247
200, 247
200, 247
207, 247
202, 247
200, 247
228, 247
201, 247
206, 247
201, 247
203, 247
222, 247
215, 247
201, 247
203, 247
204, 247
205, 247
207, 247
221, 247
203, 247
200, 247
212, 247
200, 247
206, 247
214, 247
219, 247
218, 247
200, 247
210, 247
211, 247
212, 247
200, 247
202, 247
201, 247
203, 247
208, 247
226, 247
209, 247
201, 247
211, 247
220, 247
208, 247
202, 247
206, 247
203, 247
200, 247
203, 247
202, 247
205, 247
203, 247
207, 247
202, 247
211, 247
206, 247
215, 247
200, 247
203, 247
202, 247
208, 247
200, 247
201, 247
201, 247
212, 247
200, 247
200, 247
200, 247
219, 247
203, 247
212, 247
222, 247
201, 247
203, 247
202, 247
204, 247
200, 247
207, 247
214, 247
202, 247
202, 247
200, 247
201, 247
202, 247
209, 247
202, 247
202, 247
207, 247
202, 247
201, 247
201, 247
226, 247
200, 247
212, 247
212, 247
214, 247
209, 247
206, 247
208, 247
204, 247
204, 247
204, 247
202, 247
