#Algorithm: ExpectedSARSA, Speed: 1, Boost: 1, PM: True, Env size: (20, 20), Car size: (5, 4),
#Counter: 100, Nsteps: 10000000, Gamma: 1, LearnRate: 0.01, Eps: 0.5, Epsdecay: 0.9
1, 1
0, 1
0, 1
1, 1
5, 5
9, 9
5, 9
1, 9
0, 9
3, 9
5, 9
1, 9
0, 9
2, 9
0, 9
1, 9
0, 9
3, 9
1, 9
1, 9
2, 9
0, 9
1, 9
4, 9
1, 9
7, 9
3, 9
3, 9
2, 9
0, 9
7, 9
0, 9
5, 9
3, 9
1, 9
8, 9
0, 9
3, 9
4, 9
0, 9
0, 9
0, 9
3, 9
1, 9
5, 9
4, 9
2, 9
4, 9
0, 9
0, 9
2, 9
11, 11
3, 11
6, 11
6, 11
6, 11
8, 11
2, 11
2, 11
1, 11
0, 11
1, 11
8, 11
14, 14
4, 14
2, 14
4, 14
6, 14
1, 14
20, 20
11, 20
3, 20
1, 20
0, 20
6, 20
0, 20
1, 20
4, 20
10, 20
4, 20
2, 20
1, 20
4, 20
1, 20
6, 20
0, 20
3, 20
1, 20
8, 20
0, 20
2, 20
6, 20
1, 20
0, 20
2, 20
36, 36
2, 36
3, 36
20, 36
1, 36
4, 36
14, 36
5, 36
4, 36
2, 36
13, 36
3, 36
0, 36
0, 36
9, 36
10, 36
7, 36
29, 36
6, 36
14, 36
2, 36
2, 36
29, 36
18, 36
0, 36
6, 36
4, 36
0, 36
9, 36
0, 36
7, 36
5, 36
7, 36
117, 117
14, 117
29, 117
1, 117
14, 117
2, 117
4, 117
104, 117
1, 117
12, 117
42, 117
142, 142
107, 142
20, 142
135, 142
3, 142
2, 142
1, 142
5, 142
2, 142
68, 142
3, 142
11, 142
103, 142
102, 142
22, 142
6, 142
24, 142
239, 239
300, 300
301, 301
303, 303
313, 313
307, 313
312, 313
307, 313
306, 313
342, 342
306, 342
314, 342
302, 342
352, 352
309, 352
324, 352
343, 352
305, 352
309, 352
304, 352
304, 352
315, 352
323, 352
334, 352
308, 352
301, 352
332, 352
311, 352
303, 352
331, 352
319, 352
313, 352
318, 352
322, 352
313, 352
303, 352
315, 352
313, 352
310, 352
305, 352
301, 352
305, 352
302, 352
303, 352
304, 352
312, 352
303, 352
302, 352
312, 352
316, 352
311, 352
306, 352
302, 352
301, 352
315, 352
317, 352
300, 352
304, 352
302, 352
315, 352
312, 352
301, 352
314, 352
315, 352
338, 352
305, 352
301, 352
315, 352
301, 352
329, 352
310, 352
367, 367
331, 367
304, 367
300, 367
315, 367
310, 367
301, 367
302, 367
308, 367
306, 367
336, 367
304, 367
345, 367
311, 367
303, 367
310, 367
306, 367
307, 367
307, 367
301, 367
333, 367
321, 367
325, 367
303, 367
300, 367
310, 367
305, 367
322, 367
306, 367
317, 367
303, 367
336, 367
314, 367
309, 367
302, 367
302, 367
304, 367
345, 367
313, 367
304, 367
317, 367
308, 367
322, 367
300, 367
340, 367
307, 367
309, 367
307, 367
320, 367
362, 367
300, 367
301, 367
300, 367
304, 367
329, 367
306, 367
314, 367
305, 367
308, 367
303, 367
303, 367
318, 367
300, 367
311, 367
317, 367
347, 367
300, 367
300, 367
309, 367
318, 367
303, 367
303, 367
312, 367
314, 367
302, 367
302, 367
306, 367
309, 367
325, 367
302, 367
304, 367
314, 367
370, 370
338, 370
349, 370
332, 370
304, 370
344, 370
328, 370
317, 370
302, 370
324, 370
309, 370
308, 370
301, 370
305, 370
309, 370
301, 370
303, 370
351, 370
313, 370
313, 370
323, 370
308, 370
301, 370
317, 370
316, 370
315, 370
304, 370
352, 370
300, 370
301, 370
342, 370
303, 370
333, 370
301, 370
320, 370
306, 370
319, 370
313, 370
303, 370
311, 370
314, 370
305, 370
312, 370
323, 370
320, 370
315, 370
308, 370
301, 370
307, 370
312, 370
304, 370
309, 370
306, 370
323, 370
377, 377
377, 377
307, 377
316, 377
306, 377
303, 377
308, 377
300, 377
302, 377
306, 377
306, 377
302, 377
309, 377
314, 377
304, 377
307, 377
305, 377
301, 377
310, 377
308, 377
300, 377
311, 377
309, 377
316, 377
303, 377
318, 377
330, 377
309, 377
341, 377
316, 377
309, 377
323, 377
368, 377
323, 377
322, 377
315, 377
303, 377
311, 377
304, 377
313, 377
337, 377
305, 377
311, 377
306, 377
303, 377
301, 377
348, 377
322, 377
303, 377
324, 377
303, 377
301, 377
300, 377
318, 377
300, 377
305, 377
300, 377
315, 377
329, 377
306, 377
306, 377
301, 377
321, 377
301, 377
309, 377
304, 377
327, 377
321, 377
304, 377
338, 377
323, 377
308, 377
310, 377
305, 377
346, 377
341, 377
301, 377
352, 377
321, 377
324, 377
313, 377
305, 377
305, 377
350, 377
304, 377
310, 377
308, 377
305, 377
308, 377
308, 377
346, 377
306, 377
305, 377
300, 377
300, 377
323, 377
302, 377
315, 377
355, 377
308, 377
311, 377
317, 377
313, 377
303, 377
322, 377
324, 377
300, 377
366, 377
306, 377
312, 377
301, 377
324, 377
305, 377
300, 377
301, 377
301, 377
302, 377
325, 377
303, 377
305, 377
342, 377
328, 377
320, 377
362, 377
305, 377
351, 377
306, 377
302, 377
304, 377
325, 377
353, 377
302, 377
311, 377
300, 377
317, 377
310, 377
307, 377
340, 377
358, 377
354, 377
342, 377
342, 377
311, 377
324, 377
303, 377
312, 377
300, 377
356, 377
300, 377
301, 377
331, 377
325, 377
342, 377
311, 377
316, 377
310, 377
310, 377
336, 377
309, 377
321, 377
328, 377
306, 377
303, 377
304, 377
302, 377
308, 377
301, 377
301, 377
304, 377
305, 377
306, 377
334, 377
302, 377
322, 377
300, 377
309, 377
301, 377
302, 377
307, 377
301, 377
324, 377
304, 377
300, 377
308, 377
322, 377
316, 377
301, 377
318, 377
333, 377
303, 377
375, 377
303, 377
327, 377
321, 377
324, 377
306, 377
328, 377
304, 377
341, 377
331, 377
312, 377
308, 377
300, 377
302, 377
304, 377
359, 377
322, 377
305, 377
355, 377
326, 377
316, 377
307, 377
305, 377
312, 377
319, 377
311, 377
301, 377
319, 377
308, 377
331, 377
322, 377
317, 377
360, 377
347, 377
302, 377
307, 377
308, 377
307, 377
324, 377
304, 377
307, 377
302, 377
304, 377
312, 377
300, 377
301, 377
352, 377
322, 377
310, 377
302, 377
342, 377
325, 377
313, 377
303, 377
330, 377
317, 377
302, 377
321, 377
348, 377
313, 377
330, 377
315, 377
304, 377
309, 377
301, 377
315, 377
307, 377
300, 377
332, 377
303, 377
320, 377
316, 377
305, 377
312, 377
325, 377
348, 377
320, 377
300, 377
314, 377
307, 377
314, 377
301, 377
305, 377
308, 377
303, 377
323, 377
369, 377
310, 377
316, 377
372, 377
320, 377
369, 377
307, 377
304, 377
304, 377
390, 390
317, 390
302, 390
326, 390
338, 390
347, 390
307, 390
314, 390
329, 390
311, 390
327, 390
330, 390
307, 390
312, 390
304, 390
327, 390
306, 390
302, 390
348, 390
332, 390
300, 390
301, 390
315, 390
303, 390
311, 390
313, 390
309, 390
409, 409
304, 409
307, 409
312, 409
310, 409
347, 409
301, 409
312, 409
307, 409
308, 409
307, 409
331, 409
375, 409
341, 409
345, 409
306, 409
351, 409
320, 409
307, 409
302, 409
301, 409
300, 409
302, 409
350, 409
300, 409
303, 409
328, 409
313, 409
310, 409
300, 409
326, 409
359, 409
308, 409
335, 409
310, 409
352, 409
330, 409
327, 409
300, 409
349, 409
303, 409
344, 409
314, 409
310, 409
321, 409
313, 409
310, 409
301, 409
320, 409
300, 409
345, 409
320, 409
302, 409
301, 409
303, 409
311, 409
302, 409
301, 409
315, 409
329, 409
356, 409
301, 409
334, 409
312, 409
315, 409
328, 409
304, 409
307, 409
309, 409
342, 409
301, 409
308, 409
321, 409
315, 409
303, 409
305, 409
312, 409
306, 409
328, 409
337, 409
303, 409
301, 409
312, 409
309, 409
317, 409
306, 409
309, 409
301, 409
312, 409
326, 409
320, 409
311, 409
402, 409
361, 409
320, 409
301, 409
327, 409
309, 409
357, 409
308, 409
304, 409
311, 409
305, 409
304, 409
313, 409
312, 409
305, 409
331, 409
310, 409
334, 409
308, 409
317, 409
337, 409
374, 409
320, 409
314, 409
316, 409
329, 409
307, 409
327, 409
305, 409
308, 409
329, 409
327, 409
302, 409
300, 409
300, 409
316, 409
315, 409
301, 409
303, 409
311, 409
302, 409
309, 409
321, 409
304, 409
307, 409
301, 409
305, 409
301, 409
310, 409
309, 409
301, 409
313, 409
324, 409
305, 409
309, 409
300, 409
322, 409
306, 409
315, 409
332, 409
352, 409
303, 409
304, 409
302, 409
315, 409
301, 409
307, 409
300, 409
323, 409
300, 409
375, 409
306, 409
308, 409
309, 409
300, 409
316, 409
304, 409
339, 409
326, 409
309, 409
314, 409
326, 409
324, 409
315, 409
305, 409
317, 409
301, 409
310, 409
363, 409
329, 409
300, 409
302, 409
309, 409
302, 409
343, 409
300, 409
300, 409
304, 409
301, 409
343, 409
301, 409
301, 409
302, 409
307, 409
314, 409
311, 409
316, 409
308, 409
301, 409
305, 409
306, 409
303, 409
315, 409
303, 409
332, 409
318, 409
326, 409
327, 409
320, 409
306, 409
332, 409
307, 409
305, 409
339, 409
326, 409
314, 409
371, 409
313, 409
341, 409
320, 409
301, 409
300, 409
315, 409
327, 409
314, 409
311, 409
313, 409
305, 409
316, 409
319, 409
301, 409
303, 409
331, 409
302, 409
310, 409
309, 409
308, 409
321, 409
327, 409
307, 409
311, 409
307, 409
335, 409
314, 409
305, 409
307, 409
315, 409
302, 409
303, 409
324, 409
354, 409
302, 409
312, 409
309, 409
302, 409
319, 409
322, 409
335, 409
317, 409
304, 409
306, 409
310, 409
323, 409
336, 409
332, 409
312, 409
301, 409
309, 409
306, 409
341, 409
303, 409
351, 409
301, 409
317, 409
324, 409
367, 409
107, 409
101, 409
109, 409
106, 409
100, 409
100, 409
121, 409
110, 409
110, 409
111, 409
110, 409
116, 409
104, 409
114, 409
100, 409
114, 409
126, 409
102, 409
105, 409
103, 409
101, 409
163, 409
101, 409
136, 409
114, 409
104, 409
113, 409
101, 409
121, 409
106, 409
100, 409
103, 409
114, 409
100, 409
111, 409
100, 409
102, 409
104, 409
110, 409
106, 409
132, 409
118, 409
125, 409
100, 409
114, 409
108, 409
108, 409
115, 409
105, 409
103, 409
107, 409
103, 409
115, 409
105, 409
108, 409
119, 409
111, 409
106, 409
106, 409
100, 409
106, 409
108, 409
100, 409
100, 409
102, 409
141, 409
101, 409
105, 409
103, 409
117, 409
105, 409
103, 409
111, 409
105, 409
102, 409
133, 409
104, 409
100, 409
108, 409
107, 409
108, 409
102, 409
118, 409
138, 409
118, 409
101, 409
107, 409
101, 409
106, 409
107, 409
107, 409
115, 409
100, 409
106, 409
110, 409
111, 409
118, 409
104, 409
107, 409
101, 409
104, 409
105, 409
104, 409
100, 409
101, 409
100, 409
114, 409
117, 409
111, 409
107, 409
100, 409
108, 409
109, 409
100, 409
118, 409
104, 409
105, 409
126, 409
124, 409
100, 409
100, 409
101, 409
113, 409
112, 409
100, 409
122, 409
100, 409
102, 409
107, 409
105, 409
101, 409
114, 409
180, 409
116, 409
100, 409
106, 409
107, 409
108, 409
106, 409
106, 409
127, 409
101, 409
105, 409
100, 409
109, 409
105, 409
130, 409
124, 409
102, 409
132, 409
102, 409
105, 409
127, 409
111, 409
110, 409
100, 409
101, 409
108, 409
114, 409
113, 409
102, 409
112, 409
100, 409
105, 409
111, 409
117, 409
112, 409
101, 409
100, 409
107, 409
105, 409
134, 409
105, 409
102, 409
114, 409
109, 409
102, 409
118, 409
106, 409
103, 409
100, 409
101, 409
118, 409
110, 409
101, 409
100, 409
107, 409
102, 409
116, 409
106, 409
103, 409
100, 409
107, 409
105, 409
100, 409
113, 409
106, 409
102, 409
119, 409
111, 409
112, 409
114, 409
103, 409
102, 409
103, 409
101, 409
110, 409
100, 409
103, 409
103, 409
115, 409
151, 409
110, 409
124, 409
101, 409
101, 409
101, 409
107, 409
107, 409
114, 409
104, 409
102, 409
112, 409
102, 409
104, 409
116, 409
120, 409
103, 409
112, 409
104, 409
106, 409
106, 409
101, 409
126, 409
100, 409
102, 409
108, 409
102, 409
110, 409
104, 409
103, 409
103, 409
100, 409
111, 409
101, 409
100, 409
101, 409
140, 409
101, 409
100, 409
104, 409
117, 409
104, 409
105, 409
105, 409
100, 409
117, 409
104, 409
103, 409
101, 409
104, 409
101, 409
107, 409
100, 409
106, 409
114, 409
104, 409
109, 409
100, 409
100, 409
108, 409
102, 409
101, 409
126, 409
101, 409
110, 409
127, 409
106, 409
101, 409
102, 409
111, 409
111, 409
113, 409
117, 409
112, 409
143, 409
100, 409
106, 409
101, 409
101, 409
106, 409
108, 409
129, 409
119, 409
100, 409
107, 409
101, 409
102, 409
118, 409
104, 409
100, 409
105, 409
103, 409
106, 409
104, 409
111, 409
105, 409
102, 409
101, 409
100, 409
112, 409
109, 409
102, 409
111, 409
106, 409
108, 409
103, 409
109, 409
107, 409
132, 409
121, 409
119, 409
107, 409
110, 409
110, 409
100, 409
115, 409
100, 409
104, 409
109, 409
106, 409
119, 409
103, 409
100, 409
104, 409
100, 409
105, 409
100, 409
136, 409
112, 409
105, 409
105, 409
106, 409
131, 409
113, 409
100, 409
100, 409
100, 409
101, 409
106, 409
103, 409
100, 409
100, 409
103, 409
109, 409
103, 409
101, 409
140, 409
121, 409
110, 409
110, 409
109, 409
109, 409
102, 409
106, 409
121, 409
116, 409
103, 409
115, 409
134, 409
102, 409
120, 409
104, 409
121, 409
116, 409
115, 409
101, 409
108, 409
112, 409
102, 409
127, 409
107, 409
109, 409
128, 409
116, 409
100, 409
106, 409
122, 409
106, 409
110, 409
111, 409
155, 409
100, 409
102, 409
124, 409
101, 409
103, 409
126, 409
110, 409
106, 409
105, 409
100, 409
109, 409
100, 409
104, 409
114, 409
144, 409
102, 409
154, 409
107, 409
100, 409
110, 409
104, 409
102, 409
131, 409
134, 409
131, 409
103, 409
119, 409
102, 409
100, 409
103, 409
118, 409
102, 409
101, 409
105, 409
116, 409
118, 409
106, 409
104, 409
110, 409
100, 409
107, 409
102, 409
100, 409
101, 409
101, 409
104, 409
137, 409
111, 409
105, 409
114, 409
123, 409
108, 409
101, 409
102, 409
107, 409
100, 409
120, 409
127, 409
103, 409
108, 409
110, 409
106, 409
121, 409
111, 409
136, 409
103, 409
105, 409
113, 409
105, 409
107, 409
125, 409
100, 409
102, 409
113, 409
108, 409
116, 409
100, 409
102, 409
100, 409
110, 409
187, 409
113, 409
105, 409
105, 409
100, 409
112, 409
108, 409
102, 409
102, 409
114, 409
128, 409
101, 409
116, 409
106, 409
103, 409
103, 409
121, 409
122, 409
117, 409
111, 409
113, 409
103, 409
102, 409
107, 409
101, 409
101, 409
101, 409
102, 409
102, 409
100, 409
105, 409
100, 409
110, 409
101, 409
100, 409
107, 409
116, 409
103, 409
104, 409
108, 409
121, 409
109, 409
107, 409
101, 409
104, 409
108, 409
101, 409
100, 409
101, 409
124, 409
118, 409
106, 409
100, 409
102, 409
102, 409
109, 409
113, 409
104, 409
125, 409
121, 409
106, 409
114, 409
103, 409
104, 409
118, 409
122, 409
102, 409
101, 409
103, 409
111, 409
102, 409
114, 409
123, 409
101, 409
105, 409
102, 409
102, 409
100, 409
112, 409
103, 409
101, 409
100, 409
101, 409
120, 409
109, 409
133, 409
104, 409
122, 409
102, 409
100, 409
109, 409
106, 409
109, 409
142, 409
100, 409
108, 409
108, 409
113, 409
103, 409
100, 409
106, 409
100, 409
121, 409
103, 409
112, 409
103, 409
101, 409
126, 409
102, 409
106, 409
105, 409
100, 409
102, 409
116, 409
103, 409
105, 409
116, 409
110, 409
106, 409
102, 409
100, 409
201, 409
108, 409
123, 409
147, 409
157, 409
166, 409
119, 409
112, 409
107, 409
109, 409
107, 409
148, 409
104, 409
100, 409
114, 409
103, 409
111, 409
103, 409
100, 409
138, 409
108, 409
115, 409
119, 409
102, 409
102, 409
100, 409
102, 409
129, 409
102, 409
101, 409
109, 409
105, 409
101, 409
102, 409
122, 409
121, 409
156, 409
120, 409
136, 409
119, 409
123, 409
141, 409
101, 409
120, 409
105, 409
103, 409
101, 409
111, 409
109, 409
142, 409
107, 409
102, 409
159, 409
101, 409
128, 409
128, 409
101, 409
110, 409
115, 409
100, 409
109, 409
120, 409
113, 409
101, 409
107, 409
108, 409
114, 409
115, 409
109, 409
107, 409
115, 409
126, 409
109, 409
106, 409
103, 409
103, 409
100, 409
133, 409
155, 409
107, 409
152, 409
104, 409
122, 409
136, 409
102, 409
153, 409
116, 409
135, 409
312, 409
312, 409
305, 409
329, 409
302, 409
331, 409
359, 409
339, 409
307, 409
323, 409
322, 409
310, 409
315, 409
120, 409
173, 409
113, 409
103, 409
100, 409
318, 409
303, 409
330, 409
348, 409
305, 409
303, 409
368, 409
306, 409
314, 409
338, 409
305, 409
306, 409
303, 409
314, 409
321, 409
319, 409
312, 409
300, 409
320, 409
301, 409
310, 409
303, 409
300, 409
304, 409
301, 409
344, 409
300, 409
300, 409
300, 409
309, 409
301, 409
328, 409
317, 409
328, 409
307, 409
304, 409
317, 409
319, 409
303, 409
308, 409
301, 409
319, 409
302, 409
308, 409
341, 409
138, 409
114, 409
109, 409
101, 409
102, 409
108, 409
114, 409
135, 409
122, 409
106, 409
7, 409
105, 409
150, 409
110, 409
132, 409
118, 409
341, 409
105, 409
121, 409
113, 409
112, 409
103, 409
131, 409
101, 409
106, 409
318, 409
312, 409
304, 409
324, 409
112, 409
323, 409
130, 409
101, 409
113, 409
106, 409
100, 409
112, 409
106, 409
103, 409
311, 409
108, 409
120, 409
116, 409
24, 409
3, 409
134, 409
112, 409
110, 409
312, 409
332, 409
332, 409
315, 409
103, 409
103, 409
306, 409
307, 409
318, 409
310, 409
259, 409
317, 409
314, 409
313, 409
332, 409
306, 409
300, 409
311, 409
314, 409
118, 409
102, 409
124, 409
109, 409
100, 409
113, 409
123, 409
102, 409
118, 409
113, 409
314, 409
102, 409
19, 409
14, 409
111, 409
1, 409
152, 409
69, 409
0, 409
108, 409
132, 409
286, 409
2, 409
310, 409
305, 409
301, 409
333, 409
320, 409
328, 409
189, 409
281, 409
326, 409
330, 409
325, 409
202, 409
305, 409
304, 409
321, 409
310, 409
321, 409
305, 409
331, 409
329, 409
318, 409
113, 409
105, 409
115, 409
101, 409
110, 409
64, 409
1, 409
100, 409
100, 409
126, 409
122, 409
112, 409
139, 409
102, 409
105, 409
227, 409
0, 409
260, 409
306, 409
357, 409
301, 409
291, 409
300, 409
305, 409
325, 409
309, 409
320, 409
112, 409
103, 409
107, 409
128, 409
100, 409
106, 409
101, 409
123, 409
106, 409
101, 409
127, 409
137, 409
119, 409
103, 409
307, 409
235, 409
303, 409
312, 409
329, 409
301, 409
304, 409
306, 409
325, 409
313, 409
127, 409
105, 409
117, 409
129, 409
123, 409
116, 409
306, 409
341, 409
102, 409
135, 409
214, 409
277, 409
1, 409
267, 409
309, 409
18, 409
3, 409
302, 409
341, 409
314, 409
138, 409
119, 409
100, 409
101, 409
160, 409
168, 409
130, 409
101, 409
112, 409
238, 409
309, 409
307, 409
308, 409
319, 409
314, 409
303, 409
300, 409
306, 409
301, 409
311, 409
308, 409
355, 409
124, 409
106, 409
136, 409
105, 409
315, 409
320, 409
300, 409
305, 409
361, 409
106, 409
142, 409
145, 409
143, 409
309, 409
315, 409
319, 409
376, 409
38, 409
106, 409
2, 409
85, 409
19, 409
108, 409
113, 409
100, 409
111, 409
2, 409
1, 409
106, 409
122, 409
138, 409
101, 409
106, 409
218, 409
235, 409
335, 409
300, 409
261, 409
309, 409
311, 409
371, 409
111, 409
119, 409
105, 409
113, 409
101, 409
106, 409
100, 409
109, 409
101, 409
151, 409
116, 409
112, 409
121, 409
12, 409
21, 409
118, 409
122, 409
347, 409
107, 409
103, 409
107, 409
124, 409
119, 409
113, 409
131, 409
110, 409
145, 409
106, 409
120, 409
126, 409
117, 409
139, 409
315, 409
2, 409
327, 409
271, 409
8, 409
300, 409
321, 409
297, 409
279, 409
317, 409
292, 409
309, 409
252, 409
327, 409
312, 409
321, 409
306, 409
305, 409
307, 409
301, 409
340, 409
338, 409
334, 409
110, 409
101, 409
102, 409
117, 409
129, 409
124, 409
118, 409
120, 409
100, 409
142, 409
118, 409
141, 409
107, 409
112, 409
309, 409
307, 409
320, 409
300, 409
336, 409
309, 409
310, 409
302, 409
318, 409
302, 409
271, 409
314, 409
355, 409
272, 409
356, 409
121, 409
109, 409
111, 409
135, 409
106, 409
248, 409
3, 409
276, 409
1, 409
308, 409
312, 409
342, 409
312, 409
315, 409
319, 409
1, 409
291, 409
335, 409
293, 409
281, 409
307, 409
308, 409
331, 409
382, 409
304, 409
267, 409
300, 409
301, 409
343, 409
301, 409
303, 409
114, 409
102, 409
123, 409
108, 409
162, 409
104, 409
104, 409
133, 409
132, 409
104, 409
123, 409
101, 409
123, 409
113, 409
107, 409
300, 409
309, 409
307, 409
302, 409
319, 409
321, 409
257, 409
311, 409
109, 409
105, 409
175, 409
129, 409
102, 409
110, 409
285, 409
302, 409
314, 409
323, 409
327, 409
310, 409
307, 409
327, 409
303, 409
322, 409
231, 409
6, 409
2, 409
26, 409
303, 409
301, 409
300, 409
335, 409
100, 409
140, 409
139, 409
0, 409
122, 409
120, 409
117, 409
102, 409
106, 409
130, 409
101, 409
240, 409
263, 409
292, 409
317, 409
321, 409
107, 409
147, 409
87, 409
102, 409
119, 409
110, 409
138, 409
110, 409
119, 409
120, 409
318, 409
321, 409
327, 409
379, 409
266, 409
323, 409
306, 409
316, 409
302, 409
314, 409
328, 409
272, 409
319, 409
320, 409
341, 409
310, 409
51, 409
1, 409
182, 409
1, 409
320, 409
349, 409
354, 409
200, 409
312, 409
336, 409
300, 409
311, 409
200, 409
343, 409
304, 409
305, 409
321, 409
320, 409
211, 409
221, 409
300, 409
312, 409
314, 409
323, 409
338, 409
307, 409
300, 409
333, 409
326, 409
315, 409
301, 409
304, 409
303, 409
300, 409
300, 409
302, 409
300, 409
329, 409
300, 409
311, 409
321, 409
301, 409
309, 409
301, 409
343, 409
302, 409
311, 409
303, 409
303, 409
307, 409
304, 409
311, 409
314, 409
337, 409
355, 409
312, 409
304, 409
302, 409
300, 409
351, 409
130, 409
106, 409
125, 409
107, 409
112, 409
116, 409
107, 409
133, 409
101, 409
120, 409
110, 409
101, 409
110, 409
138, 409
113, 409
155, 409
136, 409
100, 409
153, 409
133, 409
111, 409
102, 409
120, 409
126, 409
112, 409
102, 409
116, 409
107, 409
136, 409
119, 409
121, 409
110, 409
104, 409
109, 409
157, 409
145, 409
125, 409
105, 409
240, 409
310, 409
300, 409
375, 409
101, 409
100, 409
121, 409
132, 409
110, 409
106, 409
121, 409
2, 409
137, 409
124, 409
101, 409
121, 409
124, 409
104, 409
120, 409
123, 409
100, 409
119, 409
102, 409
117, 409
100, 409
126, 409
65, 409
5, 409
105, 409
100, 409
104, 409
118, 409
134, 409
102, 409
111, 409
109, 409
118, 409
115, 409
106, 409
110, 409
107, 409
106, 409
110, 409
100, 409
117, 409
104, 409
115, 409
103, 409
107, 409
101, 409
106, 409
116, 409
103, 409
102, 409
125, 409
106, 409
103, 409
113, 409
105, 409
102, 409
105, 409
106, 409
109, 409
105, 409
100, 409
102, 409
110, 409
101, 409
110, 409
103, 409
102, 409
103, 409
103, 409
105, 409
109, 409
113, 409
100, 409
103, 409
126, 409
115, 409
117, 409
103, 409
140, 409
103, 409
102, 409
111, 409
107, 409
110, 409
111, 409
108, 409
152, 409
106, 409
100, 409
109, 409
102, 409
104, 409
106, 409
105, 409
112, 409
102, 409
116, 409
116, 409
115, 409
128, 409
122, 409
105, 409
104, 409
105, 409
117, 409
104, 409
105, 409
100, 409
101, 409
102, 409
100, 409
123, 409
100, 409
102, 409
109, 409
100, 409
104, 409
100, 409
103, 409
119, 409
103, 409
103, 409
116, 409
106, 409
101, 409
100, 409
117, 409
101, 409
135, 409
102, 409
102, 409
111, 409
104, 409
103, 409
100, 409
100, 409
100, 409
127, 409
106, 409
123, 409
112, 409
112, 409
100, 409
104, 409
105, 409
101, 409
103, 409
104, 409
101, 409
101, 409
114, 409
103, 409
116, 409
100, 409
104, 409
100, 409
103, 409
106, 409
102, 409
104, 409
101, 409
128, 409
110, 409
100, 409
109, 409
114, 409
3, 409
105, 409
131, 409
116, 409
106, 409
207, 409
317, 409
300, 409
354, 409
314, 409
307, 409
301, 409
247, 409
320, 409
318, 409
304, 409
294, 409
3, 409
324, 409
320, 409
307, 409
171, 409
0, 409
352, 409
317, 409
304, 409
345, 409
100, 409
100, 409
132, 409
1, 409
0, 409
105, 409
3, 409
69, 409
245, 409
327, 409
304, 409
279, 409
347, 409
358, 409
356, 409
323, 409
321, 409
111, 409
103, 409
102, 409
114, 409
103, 409
124, 409
100, 409
112, 409
117, 409
63, 409
0, 409
117, 409
126, 409
118, 409
129, 409
122, 409
117, 409
213, 409
19, 409
0, 409
313, 409
304, 409
305, 409
305, 409
308, 409
316, 409
303, 409
322, 409
301, 409
332, 409
330, 409
303, 409
317, 409
105, 409
166, 409
145, 409
158, 409
111, 409
112, 409
5, 409
138, 409
274, 409
315, 409
334, 409
315, 409
225, 409
219, 409
359, 409
129, 409
102, 409
104, 409
118, 409
118, 409
104, 409
123, 409
143, 409
151, 409
139, 409
106, 409
12, 409
0, 409
118, 409
110, 409
82, 409
2, 409
323, 409
323, 409
301, 409
308, 409
312, 409
310, 409
366, 409
322, 409
324, 409
317, 409
308, 409
291, 409
329, 409
217, 409
315, 409
315, 409
314, 409
300, 409
238, 409
263, 409
308, 409
316, 409
319, 409
302, 409
334, 409
354, 409
307, 409
312, 409
343, 409
266, 409
386, 409
306, 409
0, 409
3, 409
315, 409
107, 409
4, 409
306, 409
328, 409
300, 409
340, 409
307, 409
292, 409
310, 409
323, 409
309, 409
301, 409
311, 409
327, 409
358, 409
306, 409
340, 409
322, 409
319, 409
303, 409
307, 409
315, 409
314, 409
303, 409
312, 409
301, 409
305, 409
314, 409
307, 409
317, 409
319, 409
333, 409
242, 409
262, 409
295, 409
355, 409
306, 409
327, 409
338, 409
309, 409
328, 409
111, 409
118, 409
102, 409
109, 409
156, 409
101, 409
106, 409
113, 409
106, 409
126, 409
146, 409
124, 409
113, 409
131, 409
101, 409
123, 409
130, 409
122, 409
105, 409
127, 409
102, 409
101, 409
112, 409
165, 409
121, 409
165, 409
112, 409
107, 409
117, 409
103, 409
106, 409
130, 409
147, 409
127, 409
111, 409
143, 409
2, 409
112, 409
135, 409
327, 409
100, 409
36, 409
1, 409
104, 409
103, 409
106, 409
145, 409
110, 409
118, 409
150, 409
103, 409
101, 409
257, 409
1, 409
329, 409
305, 409
304, 409
352, 409
103, 409
133, 409
105, 409
124, 409
114, 409
117, 409
116, 409
110, 409
111, 409
117, 409
102, 409
303, 409
307, 409
293, 409
300, 409
329, 409
306, 409
307, 409
319, 409
310, 409
309, 409
269, 409
234, 409
351, 409
288, 409
331, 409
336, 409
325, 409
304, 409
319, 409
314, 409
370, 409
303, 409
187, 409
2, 409
182, 409
0, 409
340, 409
324, 409
301, 409
301, 409
317, 409
329, 409
311, 409
309, 409
334, 409
310, 409
230, 409
314, 409
319, 409
370, 409
330, 409
300, 409
315, 409
327, 409
329, 409
302, 409
258, 409
283, 409
302, 409
305, 409
300, 409
312, 409
300, 409
331, 409
305, 409
341, 409
306, 409
300, 409
314, 409
303, 409
306, 409
307, 409
327, 409
118, 409
116, 409
101, 409
156, 409
3, 409
102, 409
114, 409
110, 409
103, 409
116, 409
113, 409
118, 409
105, 409
140, 409
104, 409
107, 409
108, 409
117, 409
101, 409
129, 409
107, 409
102, 409
120, 409
105, 409
204, 409
313, 409
340, 409
62, 409
104, 409
109, 409
105, 409
156, 409
101, 409
115, 409
131, 409
112, 409
101, 409
5, 409
1, 409
153, 409
121, 409
128, 409
104, 409
224, 409
120, 409
5, 409
304, 409
316, 409
346, 409
302, 409
316, 409
308, 409
312, 409
300, 409
385, 409
308, 409
233, 409
352, 409
313, 409
202, 409
232, 409
326, 409
303, 409
307, 409
326, 409
304, 409
300, 409
314, 409
310, 409
319, 409
108, 409
128, 409
100, 409
139, 409
113, 409
102, 409
104, 409
114, 409
146, 409
107, 409
107, 409
101, 409
102, 409
103, 409
114, 409
113, 409
143, 409
105, 409
101, 409
136, 409
313, 409
303, 409
22, 409
8, 409
359, 409
216, 409
313, 409
184, 409
5, 409
321, 409
377, 409
121, 409
143, 409
157, 409
101, 409
117, 409
113, 409
101, 409
137, 409
113, 409
110, 409
127, 409
118, 409
109, 409
238, 409
303, 409
335, 409
302, 409
326, 409
312, 409
246, 409
240, 409
304, 409
300, 409
310, 409
302, 409
341, 409
304, 409
307, 409
311, 409
324, 409
309, 409
315, 409
325, 409
301, 409
305, 409
305, 409
331, 409
102, 409
101, 409
135, 409
123, 409
117, 409
107, 409
116, 409
111, 409
132, 409
105, 409
117, 409
104, 409
114, 409
107, 409
118, 409
113, 409
100, 409
118, 409
103, 409
114, 409
100, 409
105, 409
104, 409
114, 409
126, 409
107, 409
100, 409
101, 409
101, 409
106, 409
108, 409
159, 409
100, 409
101, 409
112, 409
122, 409
130, 409
109, 409
102, 409
100, 409
110, 409
100, 409
104, 409
104, 409
105, 409
103, 409
104, 409
100, 409
105, 409
120, 409
129, 409
111, 409
100, 409
102, 409
142, 409
138, 409
132, 409
105, 409
104, 409
101, 409
309, 409
269, 409
323, 409
303, 409
314, 409
302, 409
302, 409
312, 409
326, 409
306, 409
308, 409
319, 409
324, 409
100, 409
195, 409
140, 409
0, 409
1, 409
212, 409
118, 409
5, 409
2, 409
3, 409
282, 409
331, 409
275, 409
358, 409
121, 409
111, 409
106, 409
135, 409
118, 409
107, 409
116, 409
130, 409
115, 409
116, 409
102, 409
101, 409
117, 409
116, 409
106, 409
116, 409
114, 409
115, 409
104, 409
106, 409
100, 409
111, 409
104, 409
105, 409
105, 409
101, 409
101, 409
101, 409
101, 409
107, 409
115, 409
101, 409
100, 409
105, 409
102, 409
102, 409
103, 409
117, 409
104, 409
100, 409
101, 409
100, 409
101, 409
104, 409
106, 409
100, 409
117, 409
113, 409
121, 409
123, 409
104, 409
104, 409
110, 409
103, 409
108, 409
103, 409
111, 409
108, 409
102, 409
101, 409
102, 409
114, 409
106, 409
103, 409
113, 409
103, 409
110, 409
133, 409
112, 409
106, 409
105, 409
100, 409
102, 409
120, 409
104, 409
104, 409
105, 409
101, 409
103, 409
109, 409
107, 409
108, 409
124, 409
103, 409
109, 409
111, 409
114, 409
100, 409
123, 409
102, 409
106, 409
104, 409
108, 409
109, 409
106, 409
124, 409
111, 409
117, 409
112, 409
106, 409
139, 409
119, 409
123, 409
106, 409
103, 409
109, 409
104, 409
104, 409
141, 409
105, 409
102, 409
114, 409
100, 409
105, 409
108, 409
101, 409
106, 409
122, 409
104, 409
107, 409
109, 409
105, 409
125, 409
103, 409
35, 409
100, 409
116, 409
110, 409
112, 409
104, 409
118, 409
104, 409
115, 409
102, 409
101, 409
104, 409
108, 409
103, 409
101, 409
100, 409
103, 409
107, 409
104, 409
14, 409
107, 409
111, 409
110, 409
109, 409
101, 409
101, 409
103, 409
100, 409
111, 409
102, 409
100, 409
112, 409
113, 409
103, 409
100, 409
113, 409
113, 409
108, 409
114, 409
100, 409
102, 409
103, 409
109, 409
105, 409
100, 409
109, 409
100, 409
107, 409
102, 409
103, 409
104, 409
103, 409
112, 409
106, 409
105, 409
104, 409
103, 409
101, 409
113, 409
100, 409
116, 409
103, 409
101, 409
104, 409
101, 409
128, 409
129, 409
120, 409
92, 409
103, 409
322, 409
311, 409
307, 409
311, 409
303, 409
306, 409
304, 409
304, 409
304, 409
303, 409
300, 409
324, 409
318, 409
326, 409
326, 409
313, 409
323, 409
319, 409
116, 409
287, 409
2, 409
30, 409
0, 409
304, 409
319, 409
309, 409
308, 409
300, 409
324, 409
334, 409
305, 409
301, 409
309, 409
327, 409
127, 409
3, 409
215, 409
319, 409
254, 409
329, 409
216, 409
308, 409
339, 409
301, 409
354, 409
303, 409
225, 409
301, 409
346, 409
328, 409
278, 409
368, 409
114, 409
111, 409
300, 409
356, 409
109, 409
100, 409
41, 409
104, 409
126, 409
120, 409
101, 409
298, 409
314, 409
304, 409
308, 409
322, 409
305, 409
307, 409
304, 409
304, 409
354, 409
312, 409
304, 409
316, 409
306, 409
316, 409
308, 409
309, 409
316, 409
301, 409
313, 409
339, 409
305, 409
274, 409
326, 409
307, 409
301, 409
319, 409
382, 409
200, 409
0, 409
162, 409
2, 409
343, 409
322, 409
340, 409
303, 409
361, 409
328, 409
244, 409
301, 409
312, 409
312, 409
318, 409
123, 409
104, 409
122, 409
212, 409
211, 409
316, 409
316, 409
317, 409
313, 409
304, 409
309, 409
304, 409
327, 409
308, 409
314, 409
318, 409
309, 409
300, 409
301, 409
310, 409
303, 409
336, 409
332, 409
327, 409
114, 409
103, 409
126, 409
103, 409
312, 409
300, 409
324, 409
317, 409
300, 409
331, 409
112, 409
100, 409
238, 409
316, 409
326, 409
105, 409
118, 409
107, 409
122, 409
0, 409
102, 409
312, 409
322, 409
284, 409
1, 409
276, 409
8, 409
329, 409
303, 409
317, 409
341, 409
346, 409
309, 409
301, 409
313, 409
319, 409
115, 409
110, 409
112, 409
0, 409
105, 409
229, 409
208, 409
224, 409
302, 409
302, 409
346, 409
304, 409
323, 409
114, 409
107, 409
122, 409
306, 409
302, 409
303, 409
301, 409
372, 409
13, 409
139, 409
325, 409
319, 409
301, 409
353, 409
303, 409
312, 409
345, 409
284, 409
2, 409
5, 409
1, 409
325, 409
317, 409
310, 409
313, 409
302, 409
311, 409
314, 409
307, 409
325, 409
328, 409
346, 409
318, 409
312, 409
306, 409
243, 409
308, 409
332, 409
375, 409
101, 409
101, 409
112, 409
134, 409
112, 409
4, 409
101, 409
213, 409
206, 409
202, 409
315, 409
326, 409
314, 409
317, 409
312, 409
300, 409
306, 409
323, 409
330, 409
301, 409
311, 409
314, 409
302, 409
329, 409
315, 409
300, 409
316, 409
306, 409
312, 409
334, 409
334, 409
335, 409
102, 409
106, 409
112, 409
100, 409
115, 409
112, 409
100, 409
102, 409
114, 409
118, 409
109, 409
113, 409
145, 409
121, 409
108, 409
125, 409
310, 409
313, 409
325, 409
303, 409
306, 409
303, 409
300, 409
338, 409
312, 409
303, 409
307, 409
306, 409
316, 409
309, 409
323, 409
309, 409
301, 409
315, 409
301, 409
303, 409
308, 409
306, 409
329, 409
303, 409
334, 409
302, 409
330, 409
303, 409
270, 409
2, 409
23, 409
1, 409
321, 409
331, 409
112, 409
105, 409
119, 409
302, 409
371, 409
282, 409
326, 409
367, 409
319, 409
302, 409
321, 409
300, 409
375, 409
10, 409
101, 409
115, 409
238, 409
240, 409
224, 409
302, 409
316, 409
325, 409
343, 409
351, 409
107, 409
142, 409
0, 409
118, 409
104, 409
107, 409
117, 409
121, 409
109, 409
122, 409
111, 409
106, 409
121, 409
121, 409
100, 409
123, 409
338, 409
223, 409
2, 409
305, 409
352, 409
314, 409
155, 409
0, 409
316, 409
306, 409
315, 409
327, 409
322, 409
304, 409
326, 409
313, 409
332, 409
301, 409
305, 409
359, 409
247, 409
310, 409
317, 409
300, 409
310, 409
311, 409
313, 409
347, 409
109, 409
120, 409
101, 409
242, 409
309, 409
303, 409
321, 409
317, 409
290, 409
247, 409
305, 409
315, 409
303, 409
326, 409
331, 409
266, 409
365, 409
321, 409
303, 409
302, 409
320, 409
310, 409
304, 409
305, 409
340, 409
306, 409
310, 409
300, 409
321, 409
309, 409
325, 409
305, 409
306, 409
336, 409
11, 409
319, 409
301, 409
303, 409
302, 409
310, 409
315, 409
323, 409
307, 409
300, 409
345, 409
321, 409
304, 409
341, 409
314, 409
323, 409
216, 409
1, 409
286, 409
3, 409
375, 409
112, 409
125, 409
116, 409
108, 409
121, 409
100, 409
104, 409
103, 409
120, 409
116, 409
113, 409
104, 409
120, 409
104, 409
109, 409
102, 409
101, 409
111, 409
128, 409
103, 409
128, 409
119, 409
138, 409
100, 409
126, 409
103, 409
104, 409
110, 409
121, 409
101, 409
117, 409
118, 409
101, 409
149, 409
13, 409
8, 409
210, 409
211, 409
304, 409
306, 409
338, 409
339, 409
325, 409
316, 409
324, 409
305, 409
327, 409
