#Algorithm: ExpectedSARSA, Speed: 1, Boost: 3, PM: True, Env size: (20, 20), Car size: (3, 2),
#Counter: 100, Nsteps: 10000000, Gamma: 1, LearnRate: 0.01, Eps: 0.5, Epsdecay: 0.9
3, 3
34, 34
0, 34
42, 42
16, 42
106, 106
110, 110
36, 110
4, 110
3, 110
202, 202
1246, 1246
1403, 1403
733, 1403
203, 1403
1400, 1403
722, 1403
1434, 1434
1414, 1434
1403, 1434
1403, 1434
1420, 1434
1451, 1451
1430, 1451
1402, 1451
1469, 1469
1404, 1469
1435, 1469
1420, 1469
1426, 1469
1415, 1469
1409, 1469
1462, 1469
1413, 1469
1404, 1469
1402, 1469
1415, 1469
1427, 1469
1401, 1469
1415, 1469
1405, 1469
1407, 1469
1448, 1469
1401, 1469
1411, 1469
1405, 1469
1439, 1469
1405, 1469
1435, 1469
1435, 1469
1415, 1469
1437, 1469
1472, 1472
1419, 1472
1431, 1472
1414, 1472
1403, 1472
1421, 1472
1435, 1472
1402, 1472
1420, 1472
1410, 1472
1407, 1472
1435, 1472
1406, 1472
1436, 1472
1404, 1472
1402, 1472
1456, 1472
1418, 1472
1405, 1472
1404, 1472
1424, 1472
1402, 1472
1427, 1472
1401, 1472
1437, 1472
1467, 1472
1421, 1472
1431, 1472
1403, 1472
1403, 1472
1415, 1472
1400, 1472
1414, 1472
1401, 1472
1404, 1472
1444, 1472
1405, 1472
1404, 1472
1401, 1472
1409, 1472
1400, 1472
1420, 1472
1429, 1472
1421, 1472
1416, 1472
1431, 1472
1406, 1472
1400, 1472
1436, 1472
1408, 1472
1406, 1472
1403, 1472
1409, 1472
1400, 1472
1408, 1472
1438, 1472
1432, 1472
1401, 1472
1428, 1472
1411, 1472
1425, 1472
1419, 1472
1418, 1472
1404, 1472
1407, 1472
1402, 1472
1412, 1472
1413, 1472
1418, 1472
1401, 1472
1404, 1472
1430, 1472
1401, 1472
1408, 1472
1425, 1472
1408, 1472
1414, 1472
1401, 1472
1401, 1472
1413, 1472
1405, 1472
1419, 1472
1413, 1472
1462, 1472
1437, 1472
1456, 1472
1419, 1472
1408, 1472
1402, 1472
1485, 1485
1407, 1485
1414, 1485
1405, 1485
1417, 1485
1411, 1485
1408, 1485
1419, 1485
1408, 1485
1403, 1485
1401, 1485
1403, 1485
1462, 1485
1414, 1485
1401, 1485
1416, 1485
1413, 1485
1427, 1485
1410, 1485
1419, 1485
1431, 1485
1411, 1485
1405, 1485
1428, 1485
1422, 1485
1435, 1485
1414, 1485
1430, 1485
1401, 1485
1407, 1485
1406, 1485
1407, 1485
1404, 1485
1418, 1485
1410, 1485
1414, 1485
1403, 1485
1419, 1485
1452, 1485
1410, 1485
1400, 1485
1406, 1485
1426, 1485
1437, 1485
1439, 1485
1449, 1485
1401, 1485
1418, 1485
1416, 1485
1442, 1485
1400, 1485
1411, 1485
1400, 1485
1400, 1485
1418, 1485
1451, 1485
1400, 1485
1409, 1485
1404, 1485
1441, 1485
1411, 1485
1404, 1485
1406, 1485
1414, 1485
1417, 1485
1402, 1485
1415, 1485
1422, 1485
1404, 1485
1405, 1485
1412, 1485
1422, 1485
1409, 1485
1412, 1485
1437, 1485
1408, 1485
1404, 1485
1400, 1485
1410, 1485
1401, 1485
1431, 1485
1422, 1485
1400, 1485
1440, 1485
1430, 1485
1402, 1485
1466, 1485
1411, 1485
1405, 1485
1401, 1485
1401, 1485
1456, 1485
1418, 1485
1403, 1485
1423, 1485
1418, 1485
1401, 1485
1406, 1485
1401, 1485
1407, 1485
1406, 1485
1406, 1485
1402, 1485
1440, 1485
1434, 1485
1421, 1485
1400, 1485
1421, 1485
1447, 1485
1415, 1485
1420, 1485
1405, 1485
1414, 1485
1404, 1485
1409, 1485
1404, 1485
1403, 1485
1402, 1485
1426, 1485
1443, 1485
1418, 1485
1409, 1485
1402, 1485
1466, 1485
1415, 1485
1404, 1485
1443, 1485
1453, 1485
1401, 1485
1401, 1485
1406, 1485
1452, 1485
1445, 1485
1408, 1485
1419, 1485
1402, 1485
1463, 1485
1405, 1485
1415, 1485
1406, 1485
1403, 1485
1427, 1485
1407, 1485
1423, 1485
1421, 1485
1404, 1485
1416, 1485
1410, 1485
1417, 1485
1405, 1485
1445, 1485
1431, 1485
1415, 1485
1416, 1485
1400, 1485
1411, 1485
1400, 1485
1407, 1485
1429, 1485
1406, 1485
1417, 1485
1422, 1485
1408, 1485
1403, 1485
1426, 1485
1451, 1485
1404, 1485
1434, 1485
1404, 1485
1414, 1485
1411, 1485
1411, 1485
1422, 1485
1408, 1485
1419, 1485
1450, 1485
1409, 1485
1407, 1485
1459, 1485
1444, 1485
1424, 1485
1401, 1485
1405, 1485
1409, 1485
1430, 1485
1411, 1485
1416, 1485
1442, 1485
1424, 1485
1408, 1485
1413, 1485
1400, 1485
1404, 1485
1419, 1485
1414, 1485
1418, 1485
1418, 1485
1405, 1485
1401, 1485
1403, 1485
1404, 1485
1445, 1485
1404, 1485
1419, 1485
1407, 1485
1468, 1485
1405, 1485
1400, 1485
1428, 1485
1402, 1485
1438, 1485
1437, 1485
1401, 1485
1415, 1485
1404, 1485
1403, 1485
1423, 1485
1406, 1485
1414, 1485
1404, 1485
1409, 1485
1418, 1485
1400, 1485
1401, 1485
1448, 1485
1418, 1485
1406, 1485
1447, 1485
1422, 1485
1405, 1485
1404, 1485
1420, 1485
1419, 1485
1417, 1485
1400, 1485
1406, 1485
1407, 1485
1410, 1485
1432, 1485
1401, 1485
1403, 1485
1455, 1485
1409, 1485
1415, 1485
1404, 1485
1430, 1485
1408, 1485
1409, 1485
1415, 1485
1413, 1485
1403, 1485
1402, 1485
1572, 1572
1406, 1572
1422, 1572
1400, 1572
1402, 1572
1460, 1572
1438, 1572
1423, 1572
1406, 1572
1405, 1572
1414, 1572
1410, 1572
1418, 1572
1422, 1572
1420, 1572
1428, 1572
1442, 1572
1402, 1572
1416, 1572
1407, 1572
1421, 1572
1404, 1572
1407, 1572
1400, 1572
1413, 1572
1430, 1572
1410, 1572
1406, 1572
1406, 1572
1405, 1572
1431, 1572
1411, 1572
1475, 1572
1441, 1572
1410, 1572
1439, 1572
1442, 1572
1436, 1572
1402, 1572
1424, 1572
1413, 1572
1425, 1572
1486, 1572
1414, 1572
1416, 1572
1445, 1572
1415, 1572
1453, 1572
1402, 1572
1401, 1572
1400, 1572
1404, 1572
1401, 1572
1410, 1572
1405, 1572
1414, 1572
1402, 1572
1438, 1572
1402, 1572
1512, 1572
1412, 1572
1400, 1572
1417, 1572
1400, 1572
1402, 1572
1401, 1572
1413, 1572
1413, 1572
1410, 1572
1449, 1572
1400, 1572
1431, 1572
1474, 1572
1429, 1572
1406, 1572
1458, 1572
1408, 1572
1420, 1572
1410, 1572
1437, 1572
1416, 1572
1405, 1572
1421, 1572
1526, 1572
1446, 1572
1443, 1572
1401, 1572
1407, 1572
1409, 1572
1404, 1572
1428, 1572
1416, 1572
1524, 1572
1413, 1572
1410, 1572
1422, 1572
1420, 1572
1415, 1572
1420, 1572
1423, 1572
1493, 1572
1425, 1572
1441, 1572
1433, 1572
1421, 1572
1407, 1572
1403, 1572
1425, 1572
1410, 1572
1430, 1572
1408, 1572
1403, 1572
1401, 1572
1400, 1572
1400, 1572
1404, 1572
1403, 1572
1436, 1572
1435, 1572
1415, 1572
1439, 1572
1454, 1572
1402, 1572
1426, 1572
1407, 1572
1409, 1572
1420, 1572
1430, 1572
1401, 1572
1408, 1572
1417, 1572
1405, 1572
1402, 1572
1420, 1572
1407, 1572
1407, 1572
1406, 1572
1405, 1572
1422, 1572
1576, 1576
1404, 1576
1400, 1576
1412, 1576
1426, 1576
1417, 1576
1413, 1576
1400, 1576
1429, 1576
1409, 1576
1400, 1576
1402, 1576
1414, 1576
1415, 1576
1411, 1576
1419, 1576
1412, 1576
1424, 1576
1422, 1576
1404, 1576
1421, 1576
1425, 1576
1402, 1576
1407, 1576
1435, 1576
1402, 1576
1400, 1576
1431, 1576
1418, 1576
1409, 1576
1413, 1576
1412, 1576
1430, 1576
1408, 1576
1402, 1576
1430, 1576
1440, 1576
1407, 1576
1418, 1576
1411, 1576
1404, 1576
1425, 1576
1420, 1576
1419, 1576
1422, 1576
1403, 1576
1432, 1576
1416, 1576
1405, 1576
1400, 1576
1548, 1576
1422, 1576
1403, 1576
1442, 1576
1407, 1576
1407, 1576
1410, 1576
1416, 1576
1407, 1576
1402, 1576
1424, 1576
1435, 1576
1407, 1576
1403, 1576
1419, 1576
1415, 1576
1404, 1576
1407, 1576
1417, 1576
1412, 1576
1458, 1576
1436, 1576
1400, 1576
1475, 1576
1402, 1576
1410, 1576
1409, 1576
1409, 1576
1448, 1576
1400, 1576
1416, 1576
1402, 1576
1401, 1576
1436, 1576
1401, 1576
1431, 1576
1404, 1576
1434, 1576
1446, 1576
1430, 1576
1490, 1576
1493, 1576
1410, 1576
1441, 1576
1408, 1576
1435, 1576
1402, 1576
1403, 1576
1406, 1576
1422, 1576
1404, 1576
1411, 1576
1442, 1576
1403, 1576
1408, 1576
1410, 1576
1427, 1576
1438, 1576
1424, 1576
1409, 1576
1418, 1576
1415, 1576
1412, 1576
1453, 1576
1418, 1576
1418, 1576
1408, 1576
1401, 1576
1405, 1576
1425, 1576
1461, 1576
1400, 1576
1443, 1576
1430, 1576
1400, 1576
1415, 1576
1409, 1576
1409, 1576
1440, 1576
1402, 1576
1405, 1576
1415, 1576
1401, 1576
1410, 1576
1404, 1576
1436, 1576
1459, 1576
1400, 1576
1422, 1576
1408, 1576
1431, 1576
1404, 1576
1419, 1576
1459, 1576
1460, 1576
1401, 1576
1405, 1576
1450, 1576
1407, 1576
1407, 1576
1411, 1576
1417, 1576
1416, 1576
1400, 1576
1402, 1576
1408, 1576
1406, 1576
1467, 1576
1400, 1576
1405, 1576
1412, 1576
1403, 1576
1424, 1576
1403, 1576
1418, 1576
1444, 1576
1446, 1576
1405, 1576
1403, 1576
1403, 1576
1423, 1576
1435, 1576
1438, 1576
1401, 1576
1448, 1576
1407, 1576
1445, 1576
1422, 1576
1400, 1576
1416, 1576
1441, 1576
1472, 1576
1404, 1576
1477, 1576
1460, 1576
1411, 1576
1416, 1576
1401, 1576
1403, 1576
1422, 1576
1445, 1576
1400, 1576
1425, 1576
1447, 1576
1407, 1576
1409, 1576
1443, 1576
1403, 1576
1430, 1576
1403, 1576
1404, 1576
1420, 1576
1415, 1576
1450, 1576
1433, 1576
1404, 1576
1424, 1576
1421, 1576
1419, 1576
1412, 1576
1417, 1576
1418, 1576
1410, 1576
1413, 1576
1431, 1576
1400, 1576
1429, 1576
1453, 1576
1439, 1576
1416, 1576
1410, 1576
1416, 1576
1443, 1576
1432, 1576
1447, 1576
1416, 1576
1400, 1576
1405, 1576
1424, 1576
1412, 1576
1412, 1576
1415, 1576
1417, 1576
1404, 1576
1404, 1576
1416, 1576
1403, 1576
1407, 1576
1409, 1576
1424, 1576
1401, 1576
1404, 1576
1408, 1576
1404, 1576
1418, 1576
1423, 1576
1430, 1576
1406, 1576
1406, 1576
1435, 1576
1408, 1576
1410, 1576
1401, 1576
1476, 1576
1422, 1576
1402, 1576
1434, 1576
1401, 1576
1403, 1576
1400, 1576
1430, 1576
1403, 1576
1406, 1576
1405, 1576
1464, 1576
1408, 1576
1431, 1576
1403, 1576
1474, 1576
1411, 1576
1413, 1576
1425, 1576
1420, 1576
1409, 1576
1456, 1576
1411, 1576
1405, 1576
1465, 1576
1403, 1576
1401, 1576
1411, 1576
1408, 1576
1430, 1576
1402, 1576
1422, 1576
1419, 1576
1405, 1576
1403, 1576
1413, 1576
1432, 1576
1417, 1576
1415, 1576
1409, 1576
1457, 1576
1430, 1576
1400, 1576
1421, 1576
1455, 1576
1400, 1576
1422, 1576
1425, 1576
1403, 1576
1404, 1576
1402, 1576
1482, 1576
1404, 1576
1403, 1576
1404, 1576
1400, 1576
1401, 1576
1400, 1576
1409, 1576
1410, 1576
1408, 1576
1402, 1576
1409, 1576
1420, 1576
1422, 1576
1418, 1576
1402, 1576
1402, 1576
1407, 1576
1401, 1576
1414, 1576
1408, 1576
1406, 1576
1405, 1576
1409, 1576
1417, 1576
1406, 1576
1401, 1576
1421, 1576
1400, 1576
1411, 1576
1414, 1576
1410, 1576
1403, 1576
1410, 1576
1409, 1576
1414, 1576
1404, 1576
1409, 1576
1432, 1576
1420, 1576
1402, 1576
1502, 1576
1401, 1576
1418, 1576
1471, 1576
1421, 1576
1449, 1576
1450, 1576
1449, 1576
1409, 1576
1404, 1576
1401, 1576
1419, 1576
1417, 1576
1476, 1576
1405, 1576
1441, 1576
1406, 1576
1441, 1576
1415, 1576
1414, 1576
1403, 1576
1406, 1576
1413, 1576
1405, 1576
1414, 1576
1407, 1576
1415, 1576
1413, 1576
1408, 1576
1412, 1576
1407, 1576
1436, 1576
1405, 1576
1427, 1576
1430, 1576
1421, 1576
1402, 1576
1420, 1576
1402, 1576
1416, 1576
1413, 1576
1413, 1576
1403, 1576
1411, 1576
1426, 1576
1415, 1576
1408, 1576
1428, 1576
1422, 1576
1413, 1576
1403, 1576
1454, 1576
1400, 1576
1424, 1576
1424, 1576
1507, 1576
1428, 1576
1405, 1576
1418, 1576
1406, 1576
1401, 1576
1442, 1576
1439, 1576
1457, 1576
1412, 1576
1421, 1576
1471, 1576
1404, 1576
1404, 1576
1437, 1576
1437, 1576
1415, 1576
1429, 1576
1416, 1576
1410, 1576
1426, 1576
1416, 1576
1425, 1576
1425, 1576
1420, 1576
1430, 1576
1418, 1576
1402, 1576
1404, 1576
1405, 1576
1408, 1576
1418, 1576
1415, 1576
1410, 1576
1409, 1576
1416, 1576
1410, 1576
1408, 1576
1422, 1576
1403, 1576
1406, 1576
1417, 1576
1403, 1576
1402, 1576
1414, 1576
1401, 1576
1405, 1576
1430, 1576
1413, 1576
1433, 1576
1447, 1576
1448, 1576
1415, 1576
1402, 1576
1408, 1576
1401, 1576
1404, 1576
1431, 1576
1411, 1576
1426, 1576
1466, 1576
1406, 1576
1411, 1576
1409, 1576
1433, 1576
1403, 1576
1408, 1576
1416, 1576
1419, 1576
1478, 1576
1405, 1576
1416, 1576
1414, 1576
1413, 1576
1426, 1576
1432, 1576
1406, 1576
1419, 1576
1402, 1576
1410, 1576
1407, 1576
1414, 1576
1459, 1576
1430, 1576
1413, 1576
1428, 1576
1462, 1576
1440, 1576
1500, 1576
1430, 1576
1403, 1576
1412, 1576
1412, 1576
1430, 1576
1473, 1576
1412, 1576
1418, 1576
1433, 1576
1407, 1576
1402, 1576
1407, 1576
1400, 1576
1402, 1576
1401, 1576
1435, 1576
1402, 1576
1411, 1576
1400, 1576
1448, 1576
1418, 1576
1404, 1576
1418, 1576
1442, 1576
1414, 1576
1405, 1576
1419, 1576
1409, 1576
1406, 1576
1426, 1576
1420, 1576
1435, 1576
1408, 1576
1426, 1576
1422, 1576
1401, 1576
1423, 1576
1400, 1576
1412, 1576
1432, 1576
1417, 1576
1411, 1576
1412, 1576
1413, 1576
1401, 1576
1426, 1576
1401, 1576
1401, 1576
1403, 1576
1408, 1576
1451, 1576
1418, 1576
1424, 1576
1404, 1576
1411, 1576
1407, 1576
1519, 1576
1400, 1576
1405, 1576
1417, 1576
1458, 1576
1407, 1576
1432, 1576
1422, 1576
1402, 1576
1429, 1576
1401, 1576
1423, 1576
1430, 1576
1406, 1576
1412, 1576
1426, 1576
1405, 1576
1488, 1576
1414, 1576
1421, 1576
1420, 1576
1411, 1576
1419, 1576
1445, 1576
1411, 1576
1408, 1576
1417, 1576
1410, 1576
1400, 1576
1410, 1576
1416, 1576
1423, 1576
1518, 1576
1402, 1576
1416, 1576
1406, 1576
1405, 1576
1404, 1576
1429, 1576
1405, 1576
1400, 1576
1442, 1576
1411, 1576
1431, 1576
1441, 1576
1409, 1576
1413, 1576
1400, 1576
1414, 1576
1412, 1576
1423, 1576
1423, 1576
1430, 1576
1407, 1576
1403, 1576
1456, 1576
1445, 1576
1407, 1576
1412, 1576
1471, 1576
1404, 1576
1444, 1576
1413, 1576
1403, 1576
1421, 1576
1420, 1576
1408, 1576
1416, 1576
1423, 1576
1400, 1576
1425, 1576
1426, 1576
1406, 1576
1406, 1576
1405, 1576
1414, 1576
1410, 1576
1416, 1576
1403, 1576
1413, 1576
1429, 1576
1450, 1576
1448, 1576
1427, 1576
1431, 1576
1419, 1576
1429, 1576
1402, 1576
1409, 1576
1408, 1576
1420, 1576
1453, 1576
1409, 1576
1404, 1576
1420, 1576
1418, 1576
1404, 1576
1413, 1576
1432, 1576
1415, 1576
1414, 1576
1404, 1576
1430, 1576
1411, 1576
1402, 1576
1401, 1576
1417, 1576
1408, 1576
1400, 1576
1412, 1576
1423, 1576
1412, 1576
1462, 1576
1442, 1576
1406, 1576
1402, 1576
1419, 1576
1412, 1576
1410, 1576
1410, 1576
1402, 1576
1403, 1576
1401, 1576
1412, 1576
1402, 1576
1426, 1576
1405, 1576
1438, 1576
1408, 1576
1419, 1576
1408, 1576
1452, 1576
1403, 1576
1439, 1576
1406, 1576
1420, 1576
1420, 1576
1417, 1576
1441, 1576
1400, 1576
1447, 1576
1404, 1576
1415, 1576
1418, 1576
1403, 1576
1429, 1576
1501, 1576
1405, 1576
1419, 1576
1421, 1576
1400, 1576
1404, 1576
1409, 1576
1430, 1576
1414, 1576
1419, 1576
1413, 1576
1434, 1576
1403, 1576
1486, 1576
1434, 1576
1405, 1576
1453, 1576
1445, 1576
1447, 1576
1496, 1576
1419, 1576
1435, 1576
1415, 1576
1400, 1576
1404, 1576
1417, 1576
1408, 1576
1413, 1576
1415, 1576
1408, 1576
1400, 1576
1440, 1576
1405, 1576
1481, 1576
1407, 1576
1400, 1576
1416, 1576
1426, 1576
1417, 1576
1401, 1576
1416, 1576
1414, 1576
1408, 1576
1411, 1576
1409, 1576
1426, 1576
1418, 1576
1456, 1576
1403, 1576
1402, 1576
1406, 1576
1405, 1576
1441, 1576
1402, 1576
1401, 1576
1423, 1576
1476, 1576
1412, 1576
1405, 1576
1429, 1576
1481, 1576
1406, 1576
1401, 1576
1529, 1576
1410, 1576
1410, 1576
1429, 1576
1403, 1576
1452, 1576
1400, 1576
1410, 1576
1430, 1576
1416, 1576
1423, 1576
1451, 1576
1405, 1576
1414, 1576
1400, 1576
1402, 1576
1411, 1576
1437, 1576
1402, 1576
1406, 1576
1400, 1576
1426, 1576
1407, 1576
1448, 1576
1404, 1576
1568, 1576
1410, 1576
1408, 1576
1434, 1576
1428, 1576
1408, 1576
1404, 1576
1404, 1576
1417, 1576
1413, 1576
1415, 1576
1458, 1576
1451, 1576
1400, 1576
1403, 1576
1412, 1576
1427, 1576
1404, 1576
1435, 1576
1403, 1576
1402, 1576
1402, 1576
1411, 1576
1402, 1576
1403, 1576
1419, 1576
1408, 1576
1403, 1576
1403, 1576
1419, 1576
1525, 1576
1423, 1576
1406, 1576
1409, 1576
1410, 1576
1433, 1576
1422, 1576
1407, 1576
1418, 1576
1402, 1576
1407, 1576
1418, 1576
1446, 1576
1411, 1576
1420, 1576
1465, 1576
1406, 1576
1421, 1576
1407, 1576
1413, 1576
1450, 1576
1424, 1576
1412, 1576
1427, 1576
1403, 1576
1436, 1576
1418, 1576
1440, 1576
1449, 1576
1423, 1576
1400, 1576
1404, 1576
1404, 1576
1423, 1576
1431, 1576
1411, 1576
1426, 1576
1418, 1576
1403, 1576
1443, 1576
1442, 1576
1409, 1576
1412, 1576
1403, 1576
1419, 1576
1428, 1576
1431, 1576
1402, 1576
1407, 1576
1403, 1576
1425, 1576
1424, 1576
1409, 1576
1406, 1576
1413, 1576
1408, 1576
1444, 1576
1409, 1576
1404, 1576
1407, 1576
1420, 1576
1412, 1576
1405, 1576
1470, 1576
1424, 1576
1408, 1576
1462, 1576
1408, 1576
1402, 1576
1430, 1576
1409, 1576
1440, 1576
1401, 1576
1403, 1576
1409, 1576
1405, 1576
1461, 1576
1418, 1576
1412, 1576
1478, 1576
1407, 1576
1439, 1576
1413, 1576
1434, 1576
1404, 1576
1408, 1576
1449, 1576
1400, 1576
1413, 1576
1413, 1576
1405, 1576
1409, 1576
1404, 1576
1409, 1576
1454, 1576
1416, 1576
1409, 1576
1421, 1576
1404, 1576
1400, 1576
1424, 1576
1400, 1576
1429, 1576
1414, 1576
1409, 1576
1431, 1576
1414, 1576
1424, 1576
1401, 1576
1441, 1576
