#Algorithm: ExpectedSARSA, Speed: 1, Boost: 4, PM: False, Env size: (20, 20), Car size: (5, 4),
#Counter: 10000000, Nsteps: 10000000, Gamma: 1, LearnRate: 0.01, Eps: 0.5, Epsdecay: 0.9
# hybrid obtained from noboost improved with boost=4
0, 0
0, 0
1, 1
0, 1
2, 2
1, 2
1, 2
0, 2
0, 2
1, 2
1, 2
6, 6
1, 6
5, 6
2, 6
1, 6
1, 6
0, 6
1, 6
1, 6
1, 6
0, 6
0, 6
2, 6
5, 6
5, 6
0, 6
5, 6
0, 6
1, 6
1, 6
4, 6
6, 6
10, 10
0, 10
20, 20
1, 20
13, 20
0, 20
4, 20
7, 20
16, 20
13, 20
2, 20
3, 20
6, 20
1, 20
6, 20
13, 20
1, 20
12, 20
0, 20
0, 20
13, 20
4, 20
0, 20
3, 20
17, 20
5, 20
5, 20
1, 20
0, 20
1, 20
0, 20
3, 20
0, 20
1, 20
2, 20
15, 20
7, 20
5, 20
4, 20
8, 20
3, 20
7, 20
1, 20
3, 20
0, 20
4, 20
13, 20
1, 20
0, 20
3, 20
0, 20
2, 20
3, 20
23, 23
0, 23
6, 23
10, 23
2, 23
9, 23
1, 23
0, 23
0, 23
2, 23
6, 23
5, 23
2, 23
2, 23
1, 23
3, 23
0, 23
1, 23
6, 23
2, 23
4, 23
4, 23
6, 23
14, 23
13, 23
14, 23
11, 23
3, 23
5, 23
1, 23
2, 23
1, 23
1, 23
2, 23
1, 23
16, 23
0, 23
11, 23
1, 23
7, 23
4, 23
3, 23
1, 23
10, 23
2, 23
2, 23
2, 23
3, 23
0, 23
5, 23
1, 23
0, 23
5, 23
8, 23
1, 23
0, 23
4, 23
13, 23
13, 23
26, 26
7, 26
1, 26
7, 26
4, 26
2, 26
6, 26
2, 26
2, 26
23, 26
15, 26
14, 26
2, 26
5, 26
7, 26
8, 26
4, 26
1, 26
0, 26
9, 26
8, 26
0, 26
1, 26
2, 26
3, 26
11, 26
6, 26
2, 26
2, 26
8, 26
1, 26
6, 26
3, 26
1, 26
6, 26
7, 26
2, 26
5, 26
3, 26
6, 26
4, 26
5, 26
5, 26
0, 26
3, 26
6, 26
1, 26
10, 26
5, 26
1, 26
3, 26
9, 26
3, 26
0, 26
1, 26
10, 26
0, 26
2, 26
19, 26
3, 26
2, 26
13, 26
4, 26
1, 26
3, 26
2, 26
1, 26
4, 26
14, 26
0, 26
5, 26
8, 26
8, 26
1, 26
1, 26
5, 26
4, 26
3, 26
2, 26
10, 26
8, 26
3, 26
1, 26
10, 26
4, 26
11, 26
18, 26
4, 26
8, 26
3, 26
1, 26
20, 26
2, 26
9, 26
0, 26
0, 26
12, 26
9, 26
7, 26
5, 26
2, 26
1, 26
6, 26
5, 26
15, 26
2, 26
2, 26
4, 26
1, 26
1, 26
3, 26
6, 26
8, 26
2, 26
2, 26
1, 26
6, 26
3, 26
4, 26
3, 26
15, 26
5, 26
2, 26
2, 26
3, 26
0, 26
1, 26
0, 26
12, 26
3, 26
6, 26
18, 26
7, 26
12, 26
38, 38
14, 38
1, 38
0, 38
0, 38
3, 38
3, 38
2, 38
0, 38
6, 38
0, 38
62, 62
58, 62
9, 62
14, 62
18, 62
2, 62
4, 62
5, 62
14, 62
11, 62
1, 62
18, 62
5, 62
10, 62
0, 62
2, 62
1, 62
2, 62
21, 62
1, 62
4, 62
2, 62
3, 62
38, 62
2, 62
2, 62
5, 62
15, 62
15, 62
4, 62
4, 62
12, 62
2, 62
8, 62
3, 62
10, 62
6, 62
1, 62
2, 62
1, 62
9, 62
10, 62
35, 62
12, 62
0, 62
13, 62
9, 62
3, 62
1, 62
9, 62
1, 62
15, 62
6, 62
21, 62
11, 62
12, 62
21, 62
7, 62
5, 62
34, 62
15, 62
2, 62
5, 62
8, 62
17, 62
2, 62
13, 62
6, 62
2, 62
8, 62
3, 62
1, 62
1, 62
8, 62
3, 62
2, 62
1, 62
1, 62
22, 62
4, 62
13, 62
19, 62
0, 62
4, 62
3, 62
12, 62
4, 62
9, 62
24, 62
1, 62
9, 62
0, 62
4, 62
23, 62
20, 62
6, 62
2, 62
13, 62
26, 62
2, 62
3, 62
5, 62
9, 62
5, 62
1, 62
9, 62
10, 62
1, 62
2, 62
15, 62
10, 62
0, 62
4, 62
6, 62
10, 62
1, 62
12, 62
4, 62
0, 62
1, 62
12, 62
3, 62
9, 62
0, 62
0, 62
3, 62
9, 62
7, 62
1, 62
2, 62
7, 62
5, 62
9, 62
22, 62
0, 62
12, 62
7, 62
7, 62
11, 62
5, 62
13, 62
4, 62
28, 62
5, 62
18, 62
1, 62
1, 62
21, 62
1, 62
2, 62
12, 62
3, 62
0, 62
14, 62
6, 62
2, 62
3, 62
1, 62
41, 62
16, 62
29, 62
30, 62
20, 62
3, 62
29, 62
7, 62
1, 62
1, 62
14, 62
23, 62
27, 62
10, 62
22, 62
2, 62
13, 62
3, 62
1, 62
57, 62
18, 62
20, 62
18, 62
0, 62
25, 62
18, 62
3, 62
13, 62
6, 62
3, 62
2, 62
11, 62
5, 62
12, 62
7, 62
6, 62
3, 62
1, 62
5, 62
18, 62
4, 62
7, 62
1, 62
1, 62
17, 62
1, 62
4, 62
7, 62
7, 62
14, 62
1, 62
19, 62
3, 62
3, 62
13, 62
2, 62
13, 62
3, 62
11, 62
8, 62
3, 62
9, 62
2, 62
12, 62
7, 62
24, 62
0, 62
38, 62
6, 62
18, 62
3, 62
2, 62
5, 62
0, 62
9, 62
18, 62
0, 62
47, 62
16, 62
2, 62
2, 62
11, 62
6, 62
2, 62
16, 62
3, 62
5, 62
6, 62
8, 62
1, 62
3, 62
2, 62
9, 62
16, 62
16, 62
1, 62
23, 62
15, 62
7, 62
6, 62
17, 62
5, 62
9, 62
12, 62
15, 62
3, 62
13, 62
19, 62
45, 62
14, 62
7, 62
2, 62
26, 62
4, 62
1, 62
7, 62
2, 62
2, 62
10, 62
2, 62
4, 62
45, 62
24, 62
31, 62
7, 62
15, 62
37, 62
19, 62
4, 62
2, 62
6, 62
1, 62
4, 62
9, 62
35, 62
6, 62
21, 62
21, 62
2, 62
3, 62
2, 62
6, 62
2, 62
8, 62
3, 62
10, 62
3, 62
6, 62
53, 62
25, 62
7, 62
27, 62
44, 62
16, 62
1, 62
14, 62
4, 62
15, 62
1, 62
15, 62
1, 62
64, 64
24, 64
16, 64
7, 64
41, 64
4, 64
19, 64
0, 64
21, 64
0, 64
16, 64
14, 64
13, 64
79, 79
5, 79
11, 79
15, 79
5, 79
20, 79
6, 79
5, 79
91, 91
8, 91
25, 91
4, 91
11, 91
5, 91
5, 91
13, 91
12, 91
8, 91
2, 91
25, 91
3, 91
1, 91
4, 91
7, 91
18, 91
15, 91
26, 91
4, 91
0, 91
26, 91
44, 91
134, 134
40, 134
39, 134
66, 134
8, 134
5, 134
30, 134
34, 134
24, 134
17, 134
15, 134
1, 134
14, 134
1, 134
22, 134
70, 134
171, 171
31, 171
41, 171
198, 198
28, 198
34, 198
2, 198
8, 198
7, 198
73, 198
113, 198
49, 198
43, 198
16, 198
5, 198
46, 198
37, 198
5, 198
22, 198
0, 198
8, 198
33, 198
29, 198
10, 198
41, 198
49, 198
22, 198
70, 198
12, 198
86, 198
4, 198
3, 198
43, 198
67, 198
51, 198
3, 198
24, 198
131, 198
70, 198
20, 198
24, 198
17, 198
52, 198
18, 198
18, 198
20, 198
44, 198
166, 198
91, 198
580, 580
11, 580
183, 580
291, 580
321, 580
89, 580
6, 580
6, 580
189, 580
149, 580
397, 580
77, 580
61, 580
9, 580
732, 732
38, 732
466, 732
185, 732
89, 732
29, 732
92, 732
191, 732
122, 732
2, 732
188, 732
133, 732
899, 899
606, 899
1177, 1177
101, 1177
1082, 1177
483152, 483152
