#Algorithm: SARSA, Speed: 1, Boost: 5, PM: True, Env size: (20, 20), Car size: (6, 5),
#Counter: 100, Nsteps: 10000000, Gamma: 1, LearnRate: 0.01, Eps: 0.5, Epsdecay: 0.9
0, 0
1, 1
0, 1
0, 1
0, 1
0, 1
0, 1
0, 1
0, 1
1, 1
9, 9
1, 9
0, 9
0, 9
34, 34
9, 34
3, 34
0, 34
23, 34
9, 34
0, 34
0, 34
37, 37
9, 37
0, 37
2, 37
7, 37
1, 37
3, 37
1, 37
68, 68
4, 68
1, 68
0, 68
3, 68
4, 68
0, 68
7, 68
94, 94
6, 94
1, 94
13, 94
26, 94
15, 94
22, 94
46, 94
98, 98
111, 111
14, 111
0, 111
208, 208
6, 208
18, 208
2, 208
19, 208
136, 208
108, 208
22, 208
7, 208
203, 208
120, 208
137, 208
113, 208
2, 208
49, 208
200, 208
216, 216
127, 216
130, 216
118, 216
205, 216
201, 216
85, 216
144, 216
100, 216
108, 216
205, 216
49, 216
179, 216
4, 216
10, 216
200, 216
202, 216
208, 216
196, 216
200, 216
201, 216
109, 216
177, 216
108, 216
115, 216
101, 216
100, 216
144, 216
202, 216
203, 216
202, 216
202, 216
202, 216
200, 216
181, 216
203, 216
198, 216
8, 216
0, 216
1, 216
115, 216
151, 216
193, 216
8, 216
119, 216
202, 216
204, 216
154, 216
211, 216
117, 216
205, 216
200, 216
210, 216
208, 216
172, 216
150, 216
102, 216
34, 216
211, 216
126, 216
46, 216
85, 216
2, 216
13, 216
60, 216
166, 216
100, 216
134, 216
136, 216
54, 216
1, 216
48, 216
200, 216
205, 216
200, 216
202, 216
207, 216
152, 216
201, 216
204, 216
104, 216
143, 216
143, 216
200, 216
205, 216
149, 216
205, 216
210, 216
210, 216
130, 216
165, 216
206, 216
186, 216
98, 216
127, 216
200, 216
187, 216
195, 216
8, 216
1, 216
12, 216
29, 216
0, 216
63, 216
121, 216
201, 216
210, 216
201, 216
205, 216
182, 216
177, 216
205, 216
203, 216
206, 216
186, 216
10, 216
42, 216
103, 216
204, 216
145, 216
208, 216
209, 216
203, 216
57, 216
179, 216
96, 216
39, 216
8, 216
22, 216
76, 216
2, 216
33, 216
11, 216
115, 216
4, 216
72, 216
198, 216
111, 216
200, 216
196, 216
220, 220
191, 220
40, 220
109, 220
200, 220
201, 220
206, 220
203, 220
214, 220
177, 220
105, 220
135, 220
177, 220
203, 220
200, 220
123, 220
203, 220
85, 220
192, 220
146, 220
0, 220
7, 220
3, 220
43, 220
0, 220
144, 220
14, 220
202, 220
157, 220
98, 220
14, 220
0, 220
128, 220
200, 220
155, 220
107, 220
195, 220
200, 220
205, 220
203, 220
200, 220
206, 220
175, 220
213, 220
200, 220
7, 220
0, 220
17, 220
53, 220
94, 220
3, 220
21, 220
55, 220
140, 220
200, 220
2, 220
203, 220
201, 220
157, 220
169, 220
22, 220
160, 220
19, 220
121, 220
201, 220
205, 220
200, 220
203, 220
111, 220
107, 220
26, 220
203, 220
204, 220
47, 220
200, 220
182, 220
0, 220
1, 220
6, 220
3, 220
198, 220
7, 220
148, 220
128, 220
183, 220
101, 220
128, 220
146, 220
168, 220
205, 220
201, 220
201, 220
221, 221
203, 221
149, 221
200, 221
28, 221
189, 221
160, 221
1, 221
11, 221
31, 221
41, 221
78, 221
2, 221
203, 221
204, 221
104, 221
116, 221
5, 221
150, 221
201, 221
200, 221
170, 221
123, 221
202, 221
155, 221
203, 221
201, 221
203, 221
207, 221
204, 221
203, 221
2, 221
202, 221
205, 221
135, 221
60, 221
119, 221
18, 221
2, 221
44, 221
11, 221
7, 221
35, 221
165, 221
204, 221
66, 221
16, 221
0, 221
132, 221
15, 221
117, 221
207, 221
131, 221
213, 221
201, 221
97, 221
102, 221
20, 221
7, 221
200, 221
208, 221
200, 221
120, 221
200, 221
5, 221
205, 221
35, 221
169, 221
10, 221
1, 221
10, 221
7, 221
97, 221
2, 221
0, 221
84, 221
168, 221
23, 221
112, 221
204, 221
200, 221
201, 221
61, 221
207, 221
152, 221
116, 221
201, 221
132, 221
201, 221
211, 221
204, 221
146, 221
44, 221
100, 221
81, 221
5, 221
10, 221
180, 221
11, 221
1, 221
8, 221
201, 221
205, 221
201, 221
217, 221
131, 221
201, 221
200, 221
202, 221
202, 221
114, 221
109, 221
108, 221
215, 221
112, 221
201, 221
201, 221
200, 221
102, 221
206, 221
200, 221
162, 221
10, 221
141, 221
202, 221
1, 221
21, 221
39, 221
35, 221
6, 221
72, 221
14, 221
76, 221
216, 221
163, 221
221, 221
193, 221
201, 221
119, 221
209, 221
200, 221
103, 221
2, 221
26, 221
203, 221
213, 221
193, 221
136, 221
209, 221
200, 221
156, 221
106, 221
10, 221
125, 221
217, 221
205, 221
226, 226
207, 226
130, 226
201, 226
201, 226
36, 226
0, 226
1, 226
2, 226
0, 226
88, 226
205, 226
55, 226
208, 226
200, 226
132, 226
179, 226
186, 226
210, 226
201, 226
204, 226
103, 226
107, 226
104, 226
159, 226
203, 226
204, 226
201, 226
61, 226
21, 226
5, 226
204, 226
200, 226
27, 226
58, 226
0, 226
159, 226
0, 226
148, 226
23, 226
204, 226
110, 226
92, 226
162, 226
58, 226
15, 226
183, 226
201, 226
76, 226
205, 226
144, 226
45, 226
93, 226
123, 226
206, 226
200, 226
201, 226
207, 226
201, 226
125, 226
25, 226
27, 226
200, 226
200, 226
28, 226
145, 226
56, 226
8, 226
0, 226
201, 226
129, 226
0, 226
200, 226
200, 226
40, 226
15, 226
123, 226
113, 226
200, 226
160, 226
36, 226
128, 226
202, 226
81, 226
5, 226
4, 226
9, 226
166, 226
205, 226
145, 226
152, 226
201, 226
170, 226
177, 226
1, 226
15, 226
72, 226
0, 226
118, 226
199, 226
210, 226
200, 226
203, 226
153, 226
205, 226
205, 226
201, 226
146, 226
110, 226
206, 226
137, 226
203, 226
180, 226
184, 226
208, 226
208, 226
202, 226
135, 226
210, 226
37, 226
32, 226
3, 226
205, 226
205, 226
180, 226
134, 226
154, 226
21, 226
1, 226
193, 226
69, 226
39, 226
0, 226
208, 226
169, 226
69, 226
214, 226
73, 226
201, 226
202, 226
200, 226
200, 226
211, 226
202, 226
120, 226
114, 226
119, 226
153, 226
200, 226
200, 226
5, 226
207, 226
202, 226
106, 226
138, 226
200, 226
209, 226
205, 226
200, 226
94, 226
89, 226
3, 226
148, 226
101, 226
0, 226
54, 226
124, 226
100, 226
200, 226
203, 226
110, 226
209, 226
212, 226
203, 226
212, 226
6, 226
202, 226
206, 226
205, 226
202, 226
204, 226
203, 226
221, 226
201, 226
116, 226
52, 226
203, 226
81, 226
71, 226
151, 226
205, 226
162, 226
118, 226
3, 226
72, 226
76, 226
4, 226
45, 226
28, 226
10, 226
141, 226
177, 226
41, 226
4, 226
215, 226
211, 226
202, 226
202, 226
144, 226
210, 226
207, 226
196, 226
211, 226
208, 226
154, 226
208, 226
201, 226
9, 226
205, 226
187, 226
185, 226
4, 226
145, 226
4, 226
113, 226
157, 226
163, 226
5, 226
205, 226
116, 226
202, 226
0, 226
34, 226
0, 226
202, 226
49, 226
212, 226
200, 226
109, 226
142, 226
200, 226
114, 226
200, 226
203, 226
201, 226
206, 226
200, 226
205, 226
176, 226
203, 226
205, 226
204, 226
161, 226
75, 226
102, 226
106, 226
127, 226
106, 226
207, 226
121, 226
212, 226
138, 226
204, 226
206, 226
203, 226
139, 226
180, 226
203, 226
22, 226
127, 226
204, 226
45, 226
10, 226
75, 226
1, 226
148, 226
200, 226
213, 226
202, 226
211, 226
220, 226
202, 226
12, 226
194, 226
204, 226
209, 226
148, 226
200, 226
202, 226
6, 226
109, 226
201, 226
101, 226
206, 226
31, 226
18, 226
3, 226
203, 226
184, 226
202, 226
202, 226
201, 226
208, 226
146, 226
205, 226
78, 226
135, 226
9, 226
5, 226
193, 226
150, 226
21, 226
0, 226
57, 226
200, 226
209, 226
104, 226
201, 226
205, 226
202, 226
202, 226
28, 226
97, 226
21, 226
10, 226
183, 226
70, 226
74, 226
201, 226
146, 226
211, 226
211, 226
204, 226
150, 226
208, 226
204, 226
149, 226
207, 226
203, 226
211, 226
14, 226
0, 226
147, 226
47, 226
4, 226
45, 226
204, 226
60, 226
143, 226
201, 226
202, 226
203, 226
204, 226
201, 226
145, 226
146, 226
176, 226
200, 226
178, 226
204, 226
200, 226
185, 226
201, 226
211, 226
206, 226
188, 226
205, 226
0, 226
188, 226
170, 226
44, 226
72, 226
6, 226
210, 226
18, 226
155, 226
205, 226
40, 226
202, 226
137, 226
8, 226
216, 226
200, 226
239, 239
156, 239
204, 239
128, 239
2, 239
11, 239
185, 239
3, 239
122, 239
200, 239
181, 239
115, 239
203, 239
120, 239
154, 239
217, 239
170, 239
22, 239
20, 239
206, 239
205, 239
201, 239
201, 239
205, 239
45, 239
177, 239
209, 239
210, 239
201, 239
5, 239
89, 239
0, 239
39, 239
200, 239
186, 239
7, 239
124, 239
108, 239
91, 239
202, 239
6, 239
2, 239
155, 239
50, 239
0, 239
17, 239
202, 239
14, 239
200, 239
201, 239
23, 239
142, 239
204, 239
144, 239
125, 239
131, 239
204, 239
177, 239
200, 239
204, 239
202, 239
211, 239
204, 239
202, 239
200, 239
133, 239
200, 239
14, 239
201, 239
12, 239
1, 239
26, 239
50, 239
6, 239
186, 239
207, 239
102, 239
103, 239
200, 239
119, 239
220, 239
131, 239
204, 239
200, 239
204, 239
206, 239
210, 239
205, 239
159, 239
121, 239
202, 239
66, 239
200, 239
140, 239
202, 239
151, 239
103, 239
122, 239
201, 239
109, 239
105, 239
207, 239
180, 239
207, 239
201, 239
200, 239
204, 239
191, 239
50, 239
205, 239
63, 239
0, 239
156, 239
25, 239
1, 239
62, 239
166, 239
206, 239
202, 239
200, 239
46, 239
203, 239
204, 239
209, 239
205, 239
89, 239
2, 239
2, 239
48, 239
109, 239
14, 239
181, 239
207, 239
212, 239
220, 239
200, 239
200, 239
202, 239
52, 239
6, 239
146, 239
7, 239
145, 239
0, 239
16, 239
0, 239
4, 239
192, 239
201, 239
120, 239
198, 239
164, 239
208, 239
204, 239
105, 239
146, 239
204, 239
163, 239
207, 239
156, 239
204, 239
204, 239
188, 239
175, 239
132, 239
202, 239
203, 239
210, 239
201, 239
201, 239
183, 239
196, 239
210, 239
198, 239
157, 239
200, 239
159, 239
168, 239
187, 239
149, 239
6, 239
201, 239
210, 239
191, 239
191, 239
203, 239
172, 239
212, 239
200, 239
101, 239
123, 239
200, 239
40, 239
138, 239
201, 239
204, 239
224, 239
200, 239
51, 239
6, 239
137, 239
208, 239
3, 239
0, 239
0, 239
7, 239
128, 239
30, 239
169, 239
30, 239
111, 239
182, 239
205, 239
215, 239
200, 239
185, 239
200, 239
36, 239
158, 239
72, 239
218, 239
202, 239
197, 239
101, 239
154, 239
176, 239
168, 239
204, 239
203, 239
204, 239
202, 239
147, 239
201, 239
201, 239
200, 239
203, 239
185, 239
201, 239
203, 239
57, 239
52, 239
7, 239
0, 239
55, 239
182, 239
0, 239
7, 239
60, 239
1, 239
173, 239
35, 239
211, 239
207, 239
200, 239
182, 239
100, 239
105, 239
201, 239
117, 239
200, 239
200, 239
182, 239
9, 239
3, 239
202, 239
204, 239
208, 239
207, 239
53, 239
136, 239
204, 239
206, 239
154, 239
183, 239
4, 239
33, 239
2, 239
9, 239
46, 239
203, 239
103, 239
106, 239
111, 239
202, 239
170, 239
205, 239
135, 239
210, 239
208, 239
200, 239
206, 239
174, 239
200, 239
204, 239
0, 239
188, 239
120, 239
203, 239
204, 239
205, 239
52, 239
114, 239
108, 239
108, 239
203, 239
30, 239
2, 239
201, 239
205, 239
25, 239
0, 239
87, 239
178, 239
165, 239
201, 239
25, 239
207, 239
200, 239
153, 239
208, 239
193, 239
201, 239
167, 239
168, 239
188, 239
161, 239
201, 239
207, 239
204, 239
180, 239
212, 239
200, 239
190, 239
18, 239
1, 239
86, 239
16, 239
158, 239
16, 239
184, 239
200, 239
209, 239
200, 239
200, 239
203, 239
200, 239
129, 239
201, 239
184, 239
201, 239
217, 239
200, 239
152, 239
159, 239
130, 239
205, 239
91, 239
1, 239
200, 239
119, 239
0, 239
178, 239
203, 239
200, 239
209, 239
163, 239
51, 239
122, 239
120, 239
19, 239
101, 239
203, 239
152, 239
33, 239
161, 239
200, 239
200, 239
40, 239
214, 239
140, 239
209, 239
155, 239
174, 239
207, 239
200, 239
112, 239
61, 239
50, 239
122, 239
39, 239
149, 239
200, 239
167, 239
33, 239
110, 239
0, 239
106, 239
27, 239
1, 239
200, 239
127, 239
201, 239
211, 239
122, 239
188, 239
182, 239
185, 239
207, 239
152, 239
140, 239
201, 239
213, 239
200, 239
200, 239
162, 239
214, 239
204, 239
200, 239
200, 239
188, 239
1, 239
203, 239
54, 239
157, 239
124, 239
171, 239
200, 239
202, 239
205, 239
137, 239
201, 239
2, 239
15, 239
4, 239
186, 239
1, 239
17, 239
77, 239
169, 239
200, 239
180, 239
207, 239
201, 239
159, 239
204, 239
18, 239
104, 239
110, 239
205, 239
200, 239
203, 239
184, 239
108, 239
200, 239
196, 239
175, 239
208, 239
205, 239
206, 239
154, 239
119, 239
202, 239
202, 239
204, 239
206, 239
201, 239
31, 239
172, 239
5, 239
13, 239
11, 239
1, 239
53, 239
28, 239
205, 239
202, 239
188, 239
203, 239
177, 239
29, 239
205, 239
128, 239
202, 239
167, 239
165, 239
142, 239
201, 239
191, 239
201, 239
196, 239
215, 239
200, 239
201, 239
203, 239
201, 239
201, 239
113, 239
202, 239
200, 239
55, 239
203, 239
213, 239
135, 239
132, 239
203, 239
205, 239
58, 239
9, 239
182, 239
149, 239
5, 239
0, 239
46, 239
121, 239
222, 239
207, 239
148, 239
199, 239
202, 239
204, 239
141, 239
200, 239
169, 239
109, 239
202, 239
174, 239
201, 239
204, 239
197, 239
201, 239
201, 239
129, 239
202, 239
212, 239
17, 239
200, 239
202, 239
203, 239
104, 239
219, 239
168, 239
110, 239
101, 239
218, 239
88, 239
7, 239
5, 239
22, 239
1, 239
18, 239
202, 239
155, 239
202, 239
208, 239
200, 239
153, 239
204, 239
206, 239
36, 239
201, 239
175, 239
10, 239
3, 239
39, 239
9, 239
124, 239
200, 239
154, 239
116, 239
206, 239
201, 239
204, 239
205, 239
201, 239
203, 239
192, 239
12, 239
5, 239
197, 239
2, 239
34, 239
109, 239
123, 239
104, 239
201, 239
202, 239
151, 239
84, 239
0, 239
139, 239
9, 239
1, 239
200, 239
150, 239
5, 239
203, 239
202, 239
206, 239
207, 239
201, 239
211, 239
177, 239
201, 239
93, 239
205, 239
169, 239
146, 239
172, 239
149, 239
108, 239
207, 239
204, 239
201, 239
138, 239
195, 239
21, 239
23, 239
3, 239
198, 239
4, 239
206, 239
134, 239
204, 239
157, 239
205, 239
177, 239
172, 239
207, 239
229, 239
157, 239
171, 239
205, 239
131, 239
202, 239
209, 239
219, 239
171, 239
197, 239
183, 239
202, 239
200, 239
183, 239
182, 239
25, 239
10, 239
17, 239
86, 239
13, 239
41, 239
105, 239
72, 239
201, 239
201, 239
201, 239
205, 239
138, 239
207, 239
129, 239
202, 239
201, 239
201, 239
115, 239
101, 239
159, 239
204, 239
70, 239
8, 239
13, 239
174, 239
201, 239
204, 239
19, 239
89, 239
2, 239
200, 239
17, 239
32, 239
1, 239
46, 239
128, 239
117, 239
201, 239
203, 239
209, 239
132, 239
118, 239
3, 239
101, 239
104, 239
117, 239
206, 239
144, 239
202, 239
203, 239
103, 239
202, 239
200, 239
204, 239
202, 239
202, 239
201, 239
201, 239
158, 239
210, 239
5, 239
62, 239
36, 239
3, 239
60, 239
55, 239
13, 239
48, 239
200, 239
201, 239
174, 239
205, 239
241, 241
138, 241
142, 241
243, 243
182, 243
212, 243
174, 243
200, 243
203, 243
200, 243
114, 243
2, 243
101, 243
201, 243
174, 243
166, 243
192, 243
207, 243
154, 243
200, 243
201, 243
4, 243
3, 243
29, 243
119, 243
11, 243
45, 243
135, 243
107, 243
204, 243
204, 243
217, 243
216, 243
139, 243
202, 243
200, 243
212, 243
100, 243
200, 243
173, 243
198, 243
160, 243
202, 243
200, 243
153, 243
200, 243
200, 243
200, 243
134, 243
202, 243
202, 243
222, 243
201, 243
203, 243
4, 243
82, 243
37, 243
4, 243
19, 243
1, 243
3, 243
41, 243
79, 243
15, 243
24, 243
42, 243
201, 243
56, 243
36, 243
67, 243
141, 243
192, 243
203, 243
207, 243
188, 243
3, 243
93, 243
23, 243
201, 243
205, 243
202, 243
67, 243
152, 243
2, 243
14, 243
137, 243
47, 243
0, 243
4, 243
200, 243
3, 243
84, 243
166, 243
2, 243
6, 243
155, 243
6, 243
29, 243
200, 243
131, 243
211, 243
130, 243
200, 243
205, 243
201, 243
204, 243
203, 243
207, 243
207, 243
205, 243
202, 243
145, 243
204, 243
205, 243
201, 243
202, 243
152, 243
111, 243
105, 243
202, 243
203, 243
151, 243
201, 243
163, 243
0, 243
7, 243
0, 243
57, 243
0, 243
170, 243
43, 243
202, 243
203, 243
206, 243
202, 243
200, 243
206, 243
207, 243
200, 243
152, 243
201, 243
211, 243
100, 243
5, 243
206, 243
70, 243
83, 243
100, 243
3, 243
201, 243
0, 243
175, 243
201, 243
200, 243
135, 243
157, 243
205, 243
115, 243
166, 243
2, 243
12, 243
30, 243
0, 243
201, 243
19, 243
202, 243
200, 243
204, 243
203, 243
204, 243
205, 243
138, 243
87, 243
119, 243
204, 243
160, 243
103, 243
201, 243
172, 243
136, 243
54, 243
203, 243
113, 243
208, 243
207, 243
208, 243
206, 243
130, 243
201, 243
213, 243
200, 243
151, 243
200, 243
200, 243
98, 243
189, 243
87, 243
76, 243
0, 243
115, 243
106, 243
173, 243
9, 243
200, 243
170, 243
21, 243
182, 243
177, 243
11, 243
221, 243
205, 243
168, 243
200, 243
205, 243
203, 243
150, 243
127, 243
202, 243
206, 243
202, 243
200, 243
203, 243
148, 243
219, 243
201, 243
217, 243
200, 243
200, 243
201, 243
107, 243
199, 243
155, 243
15, 243
3, 243
24, 243
1, 243
46, 243
22, 243
111, 243
102, 243
202, 243
205, 243
142, 243
201, 243
103, 243
206, 243
208, 243
113, 243
203, 243
200, 243
200, 243
203, 243
172, 243
182, 243
174, 243
179, 243
158, 243
204, 243
201, 243
206, 243
170, 243
202, 243
203, 243
202, 243
200, 243
201, 243
209, 243
200, 243
104, 243
79, 243
10, 243
1, 243
112, 243
5, 243
77, 243
45, 243
69, 243
72, 243
107, 243
204, 243
121, 243
208, 243
18, 243
3, 243
3, 243
65, 243
205, 243
200, 243
204, 243
111, 243
202, 243
201, 243
204, 243
204, 243
43, 243
200, 243
2, 243
13, 243
6, 243
6, 243
4, 243
203, 243
154, 243
130, 243
202, 243
202, 243
178, 243
210, 243
168, 243
1, 243
23, 243
183, 243
6, 243
3, 243
146, 243
4, 243
80, 243
202, 243
201, 243
202, 243
205, 243
219, 243
208, 243
114, 243
201, 243
219, 243
203, 243
200, 243
211, 243
133, 243
201, 243
200, 243
156, 243
113, 243
208, 243
108, 243
204, 243
196, 243
23, 243
106, 243
212, 243
76, 243
214, 243
200, 243
147, 243
2, 243
201, 243
26, 243
0, 243
55, 243
200, 243
40, 243
181, 243
96, 243
33, 243
61, 243
200, 243
202, 243
205, 243
137, 243
206, 243
214, 243
101, 243
4, 243
202, 243
201, 243
142, 243
203, 243
202, 243
204, 243
169, 243
200, 243
173, 243
7, 243
202, 243
203, 243
186, 243
195, 243
187, 243
21, 243
6, 243
43, 243
1, 243
1, 243
44, 243
1, 243
204, 243
205, 243
100, 243
1, 243
113, 243
181, 243
202, 243
177, 243
8, 243
17, 243
152, 243
56, 243
101, 243
140, 243
200, 243
199, 243
209, 243
53, 243
202, 243
2, 243
109, 243
2, 243
1, 243
201, 243
131, 243
201, 243
118, 243
202, 243
205, 243
4, 243
6, 243
159, 243
7, 243
1, 243
31, 243
201, 243
121, 243
204, 243
101, 243
114, 243
203, 243
203, 243
158, 243
200, 243
204, 243
30, 243
201, 243
206, 243
185, 243
8, 243
201, 243
205, 243
205, 243
211, 243
200, 243
204, 243
12, 243
0, 243
1, 243
198, 243
32, 243
4, 243
20, 243
9, 243
24, 243
120, 243
131, 243
3, 243
0, 243
201, 243
207, 243
3, 243
116, 243
201, 243
140, 243
192, 243
2, 243
65, 243
204, 243
201, 243
67, 243
204, 243
114, 243
65, 243
114, 243
106, 243
39, 243
0, 243
53, 243
22, 243
97, 243
200, 243
93, 243
101, 243
3, 243
36, 243
0, 243
128, 243
116, 243
228, 243
202, 243
134, 243
212, 243
201, 243
203, 243
203, 243
208, 243
229, 243
166, 243
206, 243
201, 243
202, 243
200, 243
178, 243
111, 243
201, 243
209, 243
200, 243
120, 243
207, 243
122, 243
108, 243
200, 243
204, 243
204, 243
205, 243
153, 243
204, 243
205, 243
204, 243
172, 243
206, 243
1, 243
15, 243
6, 243
40, 243
9, 243
119, 243
147, 243
201, 243
40, 243
210, 243
200, 243
201, 243
17, 243
15, 243
0, 243
7, 243
46, 243
42, 243
153, 243
201, 243
149, 243
201, 243
38, 243
200, 243
103, 243
15, 243
0, 243
175, 243
63, 243
147, 243
0, 243
11, 243
76, 243
20, 243
1, 243
104, 243
62, 243
140, 243
202, 243
202, 243
205, 243
187, 243
109, 243
102, 243
203, 243
208, 243
124, 243
203, 243
200, 243
207, 243
204, 243
220, 243
205, 243
202, 243
228, 243
211, 243
200, 243
205, 243
205, 243
202, 243
208, 243
207, 243
204, 243
105, 243
202, 243
218, 243
6, 243
2, 243
136, 243
157, 243
201, 243
6, 243
5, 243
178, 243
210, 243
24, 243
200, 243
122, 243
116, 243
205, 243
202, 243
189, 243
200, 243
199, 243
200, 243
195, 243
25, 243
37, 243
204, 243
65, 243
204, 243
209, 243
200, 243
182, 243
204, 243
201, 243
20, 243
202, 243
142, 243
110, 243
118, 243
177, 243
102, 243
201, 243
180, 243
74, 243
1, 243
192, 243
139, 243
74, 243
1, 243
205, 243
48, 243
200, 243
201, 243
121, 243
202, 243
202, 243
208, 243
202, 243
207, 243
196, 243
212, 243
226, 243
204, 243
211, 243
200, 243
20, 243
203, 243
200, 243
103, 243
200, 243
210, 243
116, 243
207, 243
179, 243
23, 243
201, 243
3, 243
201, 243
201, 243
4, 243
25, 243
5, 243
143, 243
203, 243
2, 243
120, 243
4, 243
215, 243
36, 243
0, 243
47, 243
202, 243
207, 243
179, 243
167, 243
188, 243
200, 243
204, 243
15, 243
206, 243
150, 243
102, 243
204, 243
201, 243
100, 243
200, 243
137, 243
202, 243
205, 243
204, 243
200, 243
170, 243
28, 243
208, 243
208, 243
28, 243
0, 243
23, 243
1, 243
118, 243
130, 243
109, 243
110, 243
209, 243
200, 243
204, 243
204, 243
204, 243
162, 243
204, 243
182, 243
211, 243
189, 243
206, 243
108, 243
103, 243
200, 243
4, 243
200, 243
167, 243
75, 243
125, 243
125, 243
172, 243
203, 243
107, 243
181, 243
202, 243
108, 243
168, 243
200, 243
187, 243
202, 243
205, 243
204, 243
203, 243
26, 243
32, 243
4, 243
173, 243
6, 243
198, 243
15, 243
185, 243
105, 243
212, 243
200, 243
130, 243
200, 243
203, 243
201, 243
201, 243
145, 243
18, 243
2, 243
25, 243
161, 243
202, 243
1, 243
170, 243
208, 243
202, 243
210, 243
207, 243
118, 243
13, 243
5, 243
79, 243
200, 243
109, 243
36, 243
158, 243
3, 243
20, 243
2, 243
36, 243
204, 243
37, 243
0, 243
192, 243
215, 243
176, 243
200, 243
200, 243
148, 243
6, 243
202, 243
42, 243
23, 243
70, 243
4, 243
202, 243
205, 243
118, 243
202, 243
184, 243
1, 243
6, 243
210, 243
30, 243
62, 243
3, 243
120, 243
28, 243
0, 243
41, 243
186, 243
136, 243
0, 243
6, 243
157, 243
197, 243
7, 243
143, 243
203, 243
202, 243
183, 243
194, 243
192, 243
161, 243
163, 243
200, 243
200, 243
127, 243
106, 243
203, 243
200, 243
216, 243
201, 243
161, 243
209, 243
170, 243
158, 243
14, 243
2, 243
45, 243
0, 243
201, 243
202, 243
211, 243
61, 243
42, 243
202, 243
200, 243
201, 243
206, 243
203, 243
200, 243
5, 243
205, 243
208, 243
140, 243
200, 243
187, 243
170, 243
179, 243
203, 243
205, 243
173, 243
169, 243
201, 243
202, 243
210, 243
219, 243
206, 243
211, 243
204, 243
205, 243
200, 243
213, 243
203, 243
184, 243
201, 243
213, 243
144, 243
148, 243
121, 243
112, 243
203, 243
201, 243
206, 243
202, 243
138, 243
200, 243
200, 243
174, 243
166, 243
201, 243
208, 243
232, 243
200, 243
212, 243
213, 243
200, 243
203, 243
200, 243
206, 243
205, 243
209, 243
215, 243
205, 243
209, 243
201, 243
201, 243
210, 243
204, 243
216, 243
219, 243
200, 243
200, 243
212, 243
209, 243
203, 243
155, 243
152, 243
200, 243
176, 243
161, 243
202, 243
172, 243
203, 243
203, 243
201, 243
208, 243
205, 243
201, 243
201, 243
203, 243
206, 243
200, 243
203, 243
201, 243
204, 243
200, 243
205, 243
213, 243
200, 243
204, 243
204, 243
201, 243
155, 243
203, 243
143, 243
201, 243
206, 243
219, 243
205, 243
200, 243
212, 243
206, 243
203, 243
207, 243
202, 243
208, 243
204, 243
219, 243
220, 243
215, 243
204, 243
203, 243
208, 243
215, 243
206, 243
208, 243
204, 243
216, 243
204, 243
208, 243
204, 243
201, 243
210, 243
200, 243
207, 243
209, 243
200, 243
205, 243
226, 243
239, 243
203, 243
204, 243
202, 243
204, 243
226, 243
200, 243
208, 243
214, 243
205, 243
205, 243
201, 243
209, 243
201, 243
212, 243
219, 243
212, 243
200, 243
200, 243
204, 243
207, 243
200, 243
206, 243
201, 243
200, 243
217, 243
202, 243
201, 243
201, 243
203, 243
201, 243
206, 243
211, 243
203, 243
200, 243
201, 243
205, 243
205, 243
203, 243
203, 243
202, 243
208, 243
210, 243
204, 243
205, 243
204, 243
201, 243
224, 243
212, 243
212, 243
200, 243
201, 243
202, 243
202, 243
201, 243
205, 243
204, 243
200, 243
204, 243
210, 243
202, 243
203, 243
201, 243
212, 243
200, 243
203, 243
205, 243
205, 243
200, 243
205, 243
203, 243
202, 243
224, 243
203, 243
203, 243
209, 243
223, 243
200, 243
200, 243
202, 243
201, 243
207, 243
217, 243
208, 243
203, 243
202, 243
215, 243
207, 243
200, 243
219, 243
206, 243
210, 243
213, 243
209, 243
203, 243
201, 243
201, 243
204, 243
211, 243
201, 243
208, 243
206, 243
201, 243
202, 243
201, 243
207, 243
202, 243
204, 243
216, 243
209, 243
209, 243
200, 243
200, 243
209, 243
206, 243
200, 243
238, 243
203, 243
212, 243
200, 243
203, 243
214, 243
210, 243
200, 243
206, 243
208, 243
207, 243
202, 243
210, 243
209, 243
200, 243
208, 243
207, 243
200, 243
202, 243
204, 243
204, 243
207, 243
203, 243
200, 243
200, 243
203, 243
210, 243
205, 243
245, 245
204, 245
204, 245
204, 245
205, 245
218, 245
203, 245
208, 245
203, 245
200, 245
206, 245
204, 245
210, 245
203, 245
200, 245
209, 245
201, 245
202, 245
205, 245
206, 245
212, 245
206, 245
201, 245
206, 245
204, 245
232, 245
200, 245
203, 245
207, 245
200, 245
204, 245
203, 245
211, 245
204, 245
200, 245
208, 245
214, 245
200, 245
200, 245
209, 245
204, 245
200, 245
201, 245
235, 245
207, 245
200, 245
206, 245
202, 245
205, 245
200, 245
212, 245
210, 245
204, 245
200, 245
203, 245
204, 245
201, 245
212, 245
200, 245
217, 245
200, 245
203, 245
200, 245
200, 245
215, 245
205, 245
205, 245
203, 245
210, 245
202, 245
205, 245
201, 245
202, 245
200, 245
201, 245
215, 245
201, 245
201, 245
206, 245
201, 245
224, 245
202, 245
214, 245
202, 245
210, 245
214, 245
208, 245
205, 245
212, 245
208, 245
202, 245
220, 245
200, 245
206, 245
219, 245
204, 245
206, 245
201, 245
208, 245
200, 245
200, 245
201, 245
214, 245
237, 245
201, 245
200, 245
203, 245
203, 245
205, 245
208, 245
202, 245
204, 245
206, 245
207, 245
200, 245
201, 245
200, 245
200, 245
211, 245
200, 245
210, 245
224, 245
201, 245
224, 245
202, 245
200, 245
202, 245
201, 245
210, 245
205, 245
206, 245
209, 245
204, 245
202, 245
203, 245
205, 245
219, 245
209, 245
207, 245
201, 245
203, 245
200, 245
228, 245
201, 245
200, 245
221, 245
203, 245
200, 245
202, 245
203, 245
212, 245
204, 245
200, 245
208, 245
200, 245
201, 245
201, 245
213, 245
203, 245
208, 245
200, 245
209, 245
202, 245
200, 245
201, 245
206, 245
204, 245
201, 245
201, 245
215, 245
211, 245
240, 245
205, 245
206, 245
210, 245
202, 245
209, 245
201, 245
202, 245
200, 245
203, 245
200, 245
205, 245
200, 245
202, 245
202, 245
214, 245
208, 245
204, 245
206, 245
201, 245
206, 245
204, 245
209, 245
214, 245
201, 245
207, 245
211, 245
217, 245
207, 245
202, 245
208, 245
201, 245
211, 245
200, 245
201, 245
200, 245
205, 245
200, 245
227, 245
204, 245
200, 245
200, 245
201, 245
204, 245
200, 245
200, 245
230, 245
206, 245
203, 245
202, 245
203, 245
200, 245
224, 245
216, 245
213, 245
200, 245
207, 245
202, 245
201, 245
203, 245
201, 245
203, 245
200, 245
211, 245
214, 245
200, 245
202, 245
200, 245
200, 245
203, 245
209, 245
206, 245
210, 245
209, 245
204, 245
207, 245
204, 245
211, 245
200, 245
202, 245
203, 245
200, 245
203, 245
201, 245
202, 245
208, 245
204, 245
200, 245
201, 245
210, 245
202, 245
205, 245
200, 245
204, 245
200, 245
204, 245
201, 245
201, 245
200, 245
201, 245
201, 245
212, 245
201, 245
204, 245
206, 245
217, 245
205, 245
214, 245
204, 245
205, 245
201, 245
201, 245
200, 245
201, 245
208, 245
203, 245
202, 245
201, 245
201, 245
208, 245
218, 245
204, 245
203, 245
203, 245
201, 245
203, 245
202, 245
211, 245
202, 245
206, 245
201, 245
201, 245
200, 245
206, 245
205, 245
220, 245
203, 245
203, 245
204, 245
203, 245
200, 245
202, 245
218, 245
206, 245
203, 245
200, 245
203, 245
211, 245
201, 245
212, 245
208, 245
203, 245
211, 245
201, 245
202, 245
205, 245
211, 245
202, 245
201, 245
206, 245
211, 245
201, 245
213, 245
203, 245
206, 245
200, 245
201, 245
200, 245
219, 245
201, 245
201, 245
200, 245
200, 245
209, 245
213, 245
214, 245
203, 245
201, 245
202, 245
202, 245
204, 245
206, 245
200, 245
200, 245
213, 245
202, 245
204, 245
202, 245
200, 245
203, 245
203, 245
204, 245
204, 245
200, 245
204, 245
207, 245
203, 245
207, 245
215, 245
200, 245
201, 245
208, 245
203, 245
203, 245
200, 245
201, 245
217, 245
202, 245
207, 245
202, 245
202, 245
203, 245
200, 245
200, 245
203, 245
207, 245
228, 245
201, 245
201, 245
205, 245
209, 245
201, 245
200, 245
224, 245
205, 245
202, 245
211, 245
215, 245
204, 245
203, 245
205, 245
211, 245
210, 245
202, 245
213, 245
204, 245
212, 245
212, 245
200, 245
204, 245
205, 245
209, 245
217, 245
215, 245
205, 245
205, 245
208, 245
200, 245
205, 245
201, 245
209, 245
206, 245
200, 245
206, 245
200, 245
214, 245
206, 245
209, 245
206, 245
202, 245
204, 245
202, 245
200, 245
203, 245
202, 245
200, 245
203, 245
203, 245
208, 245
202, 245
207, 245
203, 245
201, 245
200, 245
210, 245
203, 245
200, 245
201, 245
204, 245
210, 245
208, 245
225, 245
206, 245
200, 245
209, 245
201, 245
208, 245
205, 245
202, 245
200, 245
233, 245
211, 245
200, 245
201, 245
204, 245
200, 245
208, 245
208, 245
205, 245
200, 245
203, 245
209, 245
200, 245
205, 245
200, 245
202, 245
206, 245
200, 245
201, 245
206, 245
202, 245
200, 245
203, 245
202, 245
213, 245
201, 245
203, 245
201, 245
200, 245
209, 245
204, 245
201, 245
200, 245
203, 245
201, 245
204, 245
202, 245
212, 245
200, 245
205, 245
200, 245
201, 245
202, 245
201, 245
207, 245
200, 245
210, 245
207, 245
202, 245
202, 245
204, 245
212, 245
202, 245
204, 245
225, 245
205, 245
203, 245
203, 245
207, 245
209, 245
211, 245
201, 245
202, 245
200, 245
200, 245
203, 245
202, 245
207, 245
202, 245
212, 245
203, 245
201, 245
209, 245
204, 245
201, 245
221, 245
206, 245
203, 245
203, 245
208, 245
205, 245
204, 245
206, 245
205, 245
214, 245
212, 245
207, 245
204, 245
205, 245
204, 245
205, 245
209, 245
207, 245
201, 245
204, 245
202, 245
207, 245
203, 245
202, 245
207, 245
208, 245
208, 245
201, 245
215, 245
202, 245
202, 245
206, 245
212, 245
200, 245
201, 245
205, 245
209, 245
221, 245
200, 245
208, 245
207, 245
202, 245
223, 245
215, 245
200, 245
201, 245
212, 245
200, 245
204, 245
204, 245
221, 245
206, 245
215, 245
223, 245
215, 245
203, 245
209, 245
207, 245
201, 245
202, 245
206, 245
201, 245
202, 245
201, 245
202, 245
225, 245
203, 245
228, 245
206, 245
200, 245
203, 245
204, 245
200, 245
207, 245
201, 245
204, 245
203, 245
200, 245
204, 245
205, 245
202, 245
201, 245
203, 245
201, 245
200, 245
209, 245
205, 245
222, 245
204, 245
200, 245
200, 245
208, 245
210, 245
214, 245
207, 245
212, 245
215, 245
209, 245
200, 245
211, 245
201, 245
211, 245
211, 245
218, 245
205, 245
211, 245
204, 245
203, 245
209, 245
217, 245
201, 245
206, 245
211, 245
206, 245
202, 245
204, 245
200, 245
204, 245
215, 245
201, 245
202, 245
201, 245
215, 245
206, 245
205, 245
204, 245
201, 245
202, 245
221, 245
200, 245
226, 245
202, 245
200, 245
200, 245
200, 245
207, 245
211, 245
200, 245
202, 245
203, 245
207, 245
205, 245
214, 245
203, 245
200, 245
200, 245
209, 245
223, 245
205, 245
214, 245
212, 245
201, 245
202, 245
201, 245
204, 245
212, 245
200, 245
200, 245
201, 245
207, 245
211, 245
201, 245
209, 245
200, 245
214, 245
201, 245
214, 245
200, 245
204, 245
202, 245
201, 245
203, 245
201, 245
209, 245
212, 245
201, 245
203, 245
203, 245
205, 245
204, 245
201, 245
200, 245
204, 245
204, 245
201, 245
202, 245
205, 245
208, 245
204, 245
202, 245
211, 245
218, 245
205, 245
205, 245
203, 245
201, 245
210, 245
225, 245
213, 245
201, 245
200, 245
202, 245
202, 245
212, 245
208, 245
202, 245
211, 245
219, 245
216, 245
201, 245
203, 245
203, 245
215, 245
205, 245
201, 245
212, 245
200, 245
202, 245
215, 245
201, 245
206, 245
200, 245
204, 245
214, 245
212, 245
207, 245
207, 245
206, 245
204, 245
202, 245
215, 245
205, 245
200, 245
212, 245
215, 245
201, 245
202, 245
202, 245
204, 245
200, 245
212, 245
210, 245
200, 245
207, 245
207, 245
204, 245
208, 245
202, 245
200, 245
203, 245
200, 245
203, 245
211, 245
201, 245
207, 245
206, 245
204, 245
201, 245
212, 245
203, 245
205, 245
200, 245
218, 245
200, 245
201, 245
200, 245
203, 245
200, 245
200, 245
205, 245
201, 245
201, 245
201, 245
214, 245
201, 245
210, 245
225, 245
200, 245
210, 245
208, 245
220, 245
201, 245
210, 245
202, 245
203, 245
200, 245
204, 245
201, 245
206, 245
200, 245
214, 245
214, 245
200, 245
200, 245
201, 245
202, 245
231, 245
209, 245
219, 245
204, 245
200, 245
200, 245
217, 245
206, 245
204, 245
207, 245
207, 245
215, 245
201, 245
200, 245
208, 245
213, 245
204, 245
206, 245
210, 245
201, 245
202, 245
205, 245
211, 245
204, 245
201, 245
202, 245
202, 245
207, 245
207, 245
201, 245
206, 245
214, 245
213, 245
205, 245
233, 245
214, 245
204, 245
201, 245
200, 245
201, 245
205, 245
201, 245
209, 245
200, 245
211, 245
214, 245
201, 245
211, 245
204, 245
207, 245
215, 245
209, 245
203, 245
203, 245
225, 245
200, 245
211, 245
205, 245
201, 245
200, 245
209, 245
205, 245
209, 245
202, 245
204, 245
213, 245
206, 245
203, 245
200, 245
202, 245
216, 245
200, 245
205, 245
200, 245
213, 245
204, 245
200, 245
213, 245
213, 245
207, 245
200, 245
204, 245
203, 245
203, 245
200, 245
204, 245
206, 245
209, 245
201, 245
202, 245
200, 245
203, 245
200, 245
201, 245
200, 245
204, 245
200, 245
212, 245
204, 245
208, 245
206, 245
201, 245
223, 245
212, 245
213, 245
204, 245
207, 245
200, 245
207, 245
200, 245
202, 245
200, 245
202, 245
202, 245
209, 245
201, 245
204, 245
219, 245
204, 245
205, 245
218, 245
206, 245
200, 245
201, 245
241, 245
200, 245
211, 245
210, 245
202, 245
200, 245
212, 245
200, 245
213, 245
202, 245
206, 245
207, 245
200, 245
200, 245
203, 245
200, 245
203, 245
200, 245
209, 245
202, 245
200, 245
205, 245
202, 245
203, 245
216, 245
208, 245
203, 245
223, 245
204, 245
204, 245
201, 245
201, 245
200, 245
214, 245
200, 245
208, 245
217, 245
201, 245
219, 245
205, 245
202, 245
200, 245
202, 245
200, 245
212, 245
213, 245
202, 245
211, 245
201, 245
224, 245
215, 245
202, 245
206, 245
211, 245
213, 245
209, 245
208, 245
200, 245
203, 245
204, 245
200, 245
203, 245
201, 245
211, 245
202, 245
204, 245
202, 245
200, 245
217, 245
211, 245
200, 245
202, 245
213, 245
206, 245
210, 245
202, 245
204, 245
203, 245
204, 245
202, 245
201, 245
200, 245
209, 245
206, 245
215, 245
217, 245
205, 245
203, 245
218, 245
200, 245
200, 245
207, 245
208, 245
201, 245
200, 245
201, 245
206, 245
202, 245
207, 245
213, 245
207, 245
224, 245
201, 245
203, 245
200, 245
215, 245
201, 245
204, 245
201, 245
200, 245
203, 245
223, 245
200, 245
206, 245
210, 245
203, 245
209, 245
207, 245
210, 245
203, 245
211, 245
212, 245
200, 245
211, 245
213, 245
202, 245
209, 245
202, 245
210, 245
218, 245
200, 245
210, 245
208, 245
223, 245
203, 245
225, 245
201, 245
201, 245
211, 245
205, 245
203, 245
216, 245
200, 245
201, 245
240, 245
200, 245
203, 245
200, 245
202, 245
208, 245
200, 245
203, 245
204, 245
209, 245
204, 245
204, 245
203, 245
203, 245
208, 245
203, 245
200, 245
222, 245
205, 245
219, 245
208, 245
210, 245
202, 245
205, 245
202, 245
200, 245
209, 245
201, 245
205, 245
202, 245
201, 245
200, 245
221, 245
211, 245
202, 245
200, 245
212, 245
213, 245
207, 245
200, 245
202, 245
202, 245
225, 245
204, 245
201, 245
201, 245
202, 245
209, 245
200, 245
218, 245
203, 245
203, 245
206, 245
209, 245
201, 245
206, 245
224, 245
200, 245
201, 245
206, 245
200, 245
208, 245
218, 245
206, 245
200, 245
202, 245
209, 245
204, 245
207, 245
210, 245
207, 245
201, 245
206, 245
211, 245
208, 245
206, 245
204, 245
200, 245
205, 245
216, 245
201, 245
201, 245
209, 245
200, 245
236, 245
204, 245
202, 245
206, 245
202, 245
203, 245
212, 245
206, 245
214, 245
204, 245
207, 245
211, 245
202, 245
202, 245
203, 245
203, 245
201, 245
211, 245
203, 245
225, 245
216, 245
201, 245
208, 245
202, 245
204, 245
221, 245
200, 245
200, 245
200, 245
202, 245
200, 245
207, 245
212, 245
208, 245
206, 245
212, 245
202, 245
213, 245
201, 245
210, 245
205, 245
211, 245
215, 245
206, 245
205, 245
205, 245
200, 245
205, 245
201, 245
200, 245
220, 245
204, 245
202, 245
209, 245
202, 245
206, 245
204, 245
203, 245
202, 245
203, 245
203, 245
204, 245
206, 245
205, 245
204, 245
203, 245
200, 245
201, 245
207, 245
206, 245
204, 245
219, 245
205, 245
203, 245
206, 245
210, 245
200, 245
205, 245
202, 245
200, 245
202, 245
207, 245
203, 245
201, 245
234, 245
207, 245
202, 245
215, 245
211, 245
219, 245
211, 245
200, 245
245, 245
201, 245
201, 245
203, 245
204, 245
205, 245
207, 245
202, 245
200, 245
204, 245
212, 245
205, 245
208, 245
202, 245
202, 245
211, 245
202, 245
201, 245
212, 245
211, 245
200, 245
200, 245
205, 245
202, 245
204, 245
200, 245
206, 245
209, 245
237, 245
203, 245
211, 245
207, 245
203, 245
200, 245
212, 245
202, 245
207, 245
208, 245
230, 245
202, 245
203, 245
206, 245
201, 245
203, 245
206, 245
205, 245
208, 245
206, 245
209, 245
201, 245
205, 245
208, 245
207, 245
208, 245
202, 245
226, 245
220, 245
200, 245
202, 245
214, 245
233, 245
226, 245
208, 245
203, 245
217, 245
206, 245
201, 245
203, 245
