#Algorithm: SARSA, Speed: 1, Boost: 1, PM: True, Env size: (20, 20), Car size: (5, 4),
#Counter: 100, Nsteps: 10000000, Gamma: 1, LearnRate: 0.01, Eps: 0.5, Epsdecay: 0.9
0, 0
1, 1
3, 3
2, 3
5, 5
1, 5
2, 5
0, 5
1, 5
4, 5
0, 5
6, 6
2, 6
5, 6
0, 6
0, 6
3, 6
0, 6
0, 6
0, 6
2, 6
6, 6
1, 6
0, 6
0, 6
5, 6
3, 6
1, 6
3, 6
0, 6
2, 6
0, 6
1, 6
2, 6
0, 6
4, 6
0, 6
6, 6
1, 6
6, 6
1, 6
4, 6
7, 7
6, 7
2, 7
2, 7
1, 7
0, 7
0, 7
4, 7
1, 7
4, 7
0, 7
3, 7
0, 7
23, 23
0, 23
15, 23
4, 23
1, 23
1, 23
5, 23
1, 23
8, 23
0, 23
2, 23
2, 23
0, 23
3, 23
0, 23
6, 23
3, 23
3, 23
0, 23
8, 23
0, 23
2, 23
6, 23
17, 23
2, 23
9, 23
30, 30
2, 30
13, 30
2, 30
1, 30
14, 30
5, 30
13, 30
0, 30
18, 30
7, 30
14, 30
15, 30
0, 30
11, 30
7, 30
15, 30
6, 30
9, 30
1, 30
5, 30
3, 30
9, 30
0, 30
1, 30
0, 30
3, 30
9, 30
5, 30
5, 30
0, 30
12, 30
12, 30
0, 30
2, 30
0, 30
9, 30
14, 30
101, 101
102, 102
110, 110
4, 110
9, 110
6, 110
5, 110
0, 110
5, 110
25, 110
2, 110
2, 110
76, 110
116, 116
123, 123
9, 123
36, 123
114, 123
45, 123
127, 127
9, 127
110, 127
119, 127
112, 127
17, 127
18, 127
17, 127
7, 127
40, 127
0, 127
2, 127
0, 127
5, 127
2, 127
17, 127
1, 127
1, 127
12, 127
5, 127
39, 127
101, 127
0, 127
2, 127
2, 127
2, 127
11, 127
2, 127
4, 127
1, 127
7, 127
0, 127
76, 127
108, 127
117, 127
10, 127
232, 232
300, 300
205, 300
209, 300
304, 304
313, 313
305, 313
301, 313
306, 313
319, 319
301, 319
320, 320
318, 320
301, 320
306, 320
308, 320
304, 320
302, 320
306, 320
301, 320
307, 320
304, 320
300, 320
306, 320
323, 323
302, 323
304, 323
312, 323
334, 334
303, 334
316, 334
301, 334
312, 334
317, 334
301, 334
311, 334
301, 334
357, 357
347, 357
306, 357
304, 357
308, 357
370, 370
315, 370
300, 370
302, 370
306, 370
356, 370
308, 370
310, 370
303, 370
326, 370
301, 370
330, 370
304, 370
313, 370
319, 370
315, 370
324, 370
302, 370
302, 370
300, 370
314, 370
301, 370
320, 370
302, 370
333, 370
305, 370
309, 370
310, 370
303, 370
305, 370
319, 370
300, 370
319, 370
306, 370
308, 370
319, 370
317, 370
300, 370
314, 370
312, 370
302, 370
310, 370
305, 370
302, 370
313, 370
304, 370
309, 370
317, 370
331, 370
350, 370
311, 370
311, 370
309, 370
311, 370
304, 370
302, 370
305, 370
316, 370
301, 370
335, 370
309, 370
310, 370
304, 370
307, 370
308, 370
364, 370
307, 370
308, 370
305, 370
309, 370
364, 370
300, 370
318, 370
310, 370
350, 370
300, 370
303, 370
305, 370
305, 370
309, 370
302, 370
300, 370
300, 370
315, 370
301, 370
316, 370
316, 370
313, 370
300, 370
304, 370
310, 370
300, 370
314, 370
303, 370
342, 370
305, 370
305, 370
305, 370
321, 370
347, 370
317, 370
302, 370
301, 370
300, 370
304, 370
319, 370
300, 370
314, 370
305, 370
324, 370
315, 370
337, 370
373, 373
339, 373
318, 373
320, 373
306, 373
365, 373
302, 373
348, 373
312, 373
305, 373
300, 373
304, 373
300, 373
379, 379
344, 379
327, 379
317, 379
343, 379
324, 379
302, 379
320, 379
308, 379
300, 379
316, 379
307, 379
319, 379
318, 379
309, 379
304, 379
304, 379
307, 379
300, 379
316, 379
303, 379
301, 379
300, 379
309, 379
320, 379
300, 379
308, 379
318, 379
330, 379
317, 379
332, 379
301, 379
340, 379
307, 379
343, 379
330, 379
308, 379
310, 379
321, 379
302, 379
323, 379
306, 379
338, 379
350, 379
313, 379
322, 379
318, 379
344, 379
306, 379
315, 379
307, 379
302, 379
306, 379
304, 379
306, 379
302, 379
305, 379
301, 379
305, 379
302, 379
302, 379
330, 379
300, 379
300, 379
304, 379
304, 379
332, 379
327, 379
302, 379
303, 379
304, 379
314, 379
307, 379
314, 379
308, 379
302, 379
302, 379
328, 379
303, 379
339, 379
316, 379
306, 379
306, 379
302, 379
309, 379
311, 379
327, 379
340, 379
300, 379
306, 379
306, 379
302, 379
358, 379
317, 379
352, 379
329, 379
318, 379
307, 379
319, 379
310, 379
310, 379
304, 379
300, 379
318, 379
319, 379
317, 379
308, 379
332, 379
327, 379
304, 379
310, 379
325, 379
341, 379
305, 379
310, 379
305, 379
300, 379
310, 379
314, 379
302, 379
320, 379
344, 379
300, 379
315, 379
300, 379
302, 379
306, 379
312, 379
302, 379
304, 379
385, 385
311, 385
305, 385
305, 385
326, 385
312, 385
340, 385
339, 385
324, 385
335, 385
316, 385
302, 385
356, 385
310, 385
350, 385
300, 385
339, 385
338, 385
304, 385
310, 385
366, 385
300, 385
301, 385
322, 385
304, 385
308, 385
301, 385
312, 385
323, 385
301, 385
346, 385
307, 385
332, 385
324, 385
308, 385
308, 385
314, 385
338, 385
342, 385
365, 385
317, 385
301, 385
302, 385
313, 385
305, 385
307, 385
330, 385
329, 385
353, 385
320, 385
340, 385
304, 385
376, 385
306, 385
309, 385
303, 385
311, 385
303, 385
303, 385
310, 385
315, 385
307, 385
302, 385
316, 385
320, 385
300, 385
302, 385
301, 385
307, 385
358, 385
303, 385
313, 385
315, 385
303, 385
319, 385
308, 385
306, 385
323, 385
320, 385
315, 385
302, 385
302, 385
304, 385
334, 385
343, 385
303, 385
300, 385
302, 385
320, 385
305, 385
312, 385
319, 385
301, 385
303, 385
313, 385
322, 385
308, 385
315, 385
301, 385
304, 385
306, 385
369, 385
303, 385
332, 385
311, 385
310, 385
300, 385
307, 385
313, 385
308, 385
305, 385
300, 385
308, 385
322, 385
300, 385
315, 385
300, 385
306, 385
351, 385
328, 385
313, 385
305, 385
333, 385
324, 385
305, 385
313, 385
302, 385
306, 385
316, 385
312, 385
326, 385
309, 385
327, 385
329, 385
309, 385
307, 385
304, 385
319, 385
307, 385
316, 385
334, 385
314, 385
305, 385
307, 385
300, 385
311, 385
302, 385
305, 385
314, 385
303, 385
323, 385
321, 385
302, 385
336, 385
325, 385
323, 385
321, 385
310, 385
362, 385
332, 385
307, 385
372, 385
309, 385
307, 385
327, 385
352, 385
316, 385
301, 385
300, 385
308, 385
324, 385
324, 385
303, 385
325, 385
336, 385
331, 385
337, 385
341, 385
320, 385
301, 385
304, 385
309, 385
300, 385
301, 385
308, 385
310, 385
329, 385
318, 385
347, 385
333, 385
304, 385
311, 385
343, 385
304, 385
315, 385
305, 385
316, 385
304, 385
325, 385
303, 385
310, 385
314, 385
303, 385
349, 385
303, 385
335, 385
303, 385
324, 385
380, 385
312, 385
432, 432
320, 432
306, 432
310, 432
307, 432
306, 432
369, 432
305, 432
303, 432
301, 432
313, 432
307, 432
308, 432
300, 432
301, 432
303, 432
314, 432
304, 432
300, 432
301, 432
308, 432
319, 432
301, 432
300, 432
302, 432
302, 432
309, 432
313, 432
301, 432
300, 432
314, 432
308, 432
304, 432
309, 432
311, 432
304, 432
377, 432
312, 432
302, 432
318, 432
309, 432
310, 432
321, 432
329, 432
302, 432
302, 432
302, 432
310, 432
309, 432
399, 432
334, 432
304, 432
332, 432
389, 432
306, 432
319, 432
320, 432
309, 432
304, 432
356, 432
314, 432
300, 432
332, 432
360, 432
306, 432
300, 432
310, 432
314, 432
318, 432
308, 432
322, 432
306, 432
308, 432
308, 432
301, 432
344, 432
312, 432
306, 432
309, 432
305, 432
310, 432
317, 432
303, 432
323, 432
329, 432
318, 432
306, 432
337, 432
339, 432
325, 432
305, 432
307, 432
308, 432
357, 432
305, 432
336, 432
300, 432
307, 432
301, 432
305, 432
354, 432
346, 432
325, 432
308, 432
320, 432
301, 432
302, 432
306, 432
355, 432
305, 432
316, 432
319, 432
305, 432
303, 432
312, 432
341, 432
302, 432
330, 432
300, 432
301, 432
341, 432
332, 432
304, 432
308, 432
306, 432
304, 432
349, 432
301, 432
335, 432
311, 432
339, 432
341, 432
300, 432
306, 432
302, 432
303, 432
303, 432
308, 432
307, 432
307, 432
312, 432
356, 432
329, 432
328, 432
305, 432
340, 432
302, 432
308, 432
334, 432
369, 432
312, 432
305, 432
316, 432
314, 432
377, 432
305, 432
371, 432
304, 432
316, 432
303, 432
320, 432
318, 432
304, 432
300, 432
375, 432
316, 432
307, 432
303, 432
307, 432
317, 432
309, 432
304, 432
308, 432
303, 432
319, 432
302, 432
329, 432
310, 432
304, 432
353, 432
306, 432
311, 432
302, 432
300, 432
303, 432
337, 432
308, 432
308, 432
306, 432
319, 432
315, 432
354, 432
308, 432
346, 432
300, 432
318, 432
315, 432
312, 432
320, 432
303, 432
354, 432
347, 432
311, 432
303, 432
300, 432
308, 432
318, 432
311, 432
368, 432
326, 432
309, 432
339, 432
312, 432
300, 432
352, 432
309, 432
306, 432
318, 432
341, 432
323, 432
345, 432
329, 432
320, 432
395, 432
321, 432
3, 432
110, 432
103, 432
142, 432
127, 432
114, 432
101, 432
102, 432
102, 432
145, 432
115, 432
109, 432
103, 432
140, 432
110, 432
110, 432
111, 432
111, 432
132, 432
112, 432
116, 432
117, 432
114, 432
102, 432
108, 432
102, 432
126, 432
117, 432
109, 432
136, 432
100, 432
104, 432
102, 432
110, 432
107, 432
106, 432
101, 432
103, 432
104, 432
130, 432
105, 432
103, 432
124, 432
101, 432
102, 432
100, 432
115, 432
109, 432
104, 432
106, 432
115, 432
103, 432
103, 432
100, 432
110, 432
105, 432
108, 432
116, 432
106, 432
102, 432
128, 432
128, 432
104, 432
123, 432
118, 432
102, 432
101, 432
102, 432
107, 432
113, 432
127, 432
100, 432
100, 432
101, 432
100, 432
101, 432
101, 432
117, 432
100, 432
100, 432
131, 432
130, 432
100, 432
100, 432
119, 432
114, 432
112, 432
111, 432
100, 432
103, 432
110, 432
110, 432
102, 432
110, 432
100, 432
120, 432
101, 432
107, 432
100, 432
128, 432
102, 432
108, 432
109, 432
114, 432
100, 432
100, 432
103, 432
101, 432
100, 432
129, 432
101, 432
123, 432
106, 432
100, 432
103, 432
113, 432
101, 432
101, 432
102, 432
109, 432
101, 432
115, 432
130, 432
122, 432
100, 432
107, 432
106, 432
107, 432
110, 432
100, 432
102, 432
104, 432
102, 432
100, 432
100, 432
100, 432
102, 432
101, 432
136, 432
103, 432
109, 432
101, 432
117, 432
119, 432
107, 432
100, 432
104, 432
108, 432
101, 432
112, 432
106, 432
118, 432
102, 432
100, 432
106, 432
114, 432
117, 432
128, 432
100, 432
101, 432
101, 432
108, 432
110, 432
104, 432
100, 432
102, 432
106, 432
107, 432
100, 432
104, 432
101, 432
103, 432
101, 432
102, 432
124, 432
100, 432
105, 432
100, 432
103, 432
113, 432
112, 432
130, 432
101, 432
100, 432
105, 432
140, 432
103, 432
102, 432
104, 432
110, 432
106, 432
106, 432
101, 432
100, 432
102, 432
100, 432
108, 432
100, 432
108, 432
114, 432
102, 432
107, 432
100, 432
110, 432
101, 432
100, 432
100, 432
102, 432
113, 432
100, 432
102, 432
123, 432
107, 432
104, 432
103, 432
115, 432
158, 432
105, 432
101, 432
100, 432
116, 432
113, 432
127, 432
117, 432
102, 432
131, 432
125, 432
100, 432
106, 432
112, 432
105, 432
107, 432
106, 432
109, 432
115, 432
102, 432
101, 432
109, 432
111, 432
103, 432
100, 432
101, 432
126, 432
105, 432
113, 432
103, 432
103, 432
107, 432
103, 432
109, 432
101, 432
109, 432
104, 432
113, 432
125, 432
105, 432
106, 432
102, 432
101, 432
116, 432
107, 432
118, 432
109, 432
105, 432
120, 432
108, 432
105, 432
100, 432
106, 432
101, 432
107, 432
107, 432
105, 432
108, 432
106, 432
109, 432
103, 432
146, 432
115, 432
134, 432
110, 432
104, 432
103, 432
106, 432
101, 432
104, 432
106, 432
100, 432
102, 432
108, 432
107, 432
104, 432
102, 432
114, 432
102, 432
100, 432
110, 432
101, 432
101, 432
113, 432
102, 432
107, 432
106, 432
102, 432
118, 432
118, 432
137, 432
105, 432
120, 432
100, 432
102, 432
100, 432
104, 432
100, 432
101, 432
100, 432
101, 432
104, 432
102, 432
102, 432
102, 432
104, 432
103, 432
102, 432
107, 432
100, 432
119, 432
100, 432
115, 432
102, 432
106, 432
101, 432
108, 432
119, 432
101, 432
106, 432
113, 432
141, 432
103, 432
110, 432
103, 432
113, 432
102, 432
102, 432
102, 432
115, 432
102, 432
102, 432
101, 432
109, 432
114, 432
107, 432
102, 432
102, 432
106, 432
127, 432
104, 432
104, 432
103, 432
110, 432
102, 432
106, 432
105, 432
106, 432
100, 432
101, 432
100, 432
145, 432
101, 432
134, 432
106, 432
107, 432
112, 432
119, 432
109, 432
110, 432
113, 432
111, 432
102, 432
118, 432
102, 432
102, 432
134, 432
110, 432
100, 432
107, 432
104, 432
115, 432
102, 432
102, 432
100, 432
100, 432
107, 432
116, 432
100, 432
102, 432
101, 432
102, 432
102, 432
101, 432
104, 432
115, 432
110, 432
102, 432
104, 432
111, 432
101, 432
100, 432
108, 432
105, 432
104, 432
103, 432
101, 432
101, 432
102, 432
100, 432
100, 432
114, 432
102, 432
130, 432
120, 432
102, 432
101, 432
100, 432
150, 432
112, 432
103, 432
101, 432
117, 432
115, 432
107, 432
103, 432
101, 432
105, 432
104, 432
126, 432
107, 432
113, 432
115, 432
108, 432
100, 432
104, 432
103, 432
104, 432
128, 432
101, 432
107, 432
101, 432
102, 432
106, 432
100, 432
109, 432
100, 432
103, 432
109, 432
115, 432
117, 432
101, 432
103, 432
107, 432
109, 432
114, 432
113, 432
101, 432
102, 432
115, 432
103, 432
102, 432
101, 432
107, 432
146, 432
114, 432
109, 432
113, 432
104, 432
100, 432
103, 432
107, 432
109, 432
120, 432
119, 432
106, 432
104, 432
117, 432
146, 432
108, 432
100, 432
100, 432
100, 432
110, 432
103, 432
112, 432
103, 432
111, 432
114, 432
118, 432
115, 432
121, 432
109, 432
101, 432
107, 432
103, 432
107, 432
108, 432
105, 432
100, 432
117, 432
104, 432
102, 432
101, 432
108, 432
110, 432
108, 432
101, 432
104, 432
102, 432
103, 432
107, 432
114, 432
109, 432
105, 432
105, 432
112, 432
109, 432
107, 432
112, 432
108, 432
106, 432
104, 432
109, 432
105, 432
111, 432
122, 432
120, 432
103, 432
114, 432
103, 432
101, 432
105, 432
102, 432
104, 432
124, 432
110, 432
111, 432
112, 432
100, 432
103, 432
105, 432
127, 432
110, 432
115, 432
106, 432
119, 432
116, 432
113, 432
100, 432
107, 432
108, 432
102, 432
106, 432
114, 432
102, 432
102, 432
100, 432
109, 432
124, 432
101, 432
106, 432
113, 432
114, 432
108, 432
101, 432
107, 432
103, 432
110, 432
125, 432
111, 432
112, 432
117, 432
100, 432
100, 432
105, 432
106, 432
128, 432
115, 432
119, 432
128, 432
110, 432
102, 432
138, 432
116, 432
105, 432
100, 432
125, 432
100, 432
112, 432
100, 432
123, 432
119, 432
112, 432
151, 432
107, 432
105, 432
101, 432
103, 432
103, 432
104, 432
105, 432
102, 432
105, 432
109, 432
101, 432
142, 432
100, 432
102, 432
119, 432
134, 432
106, 432
107, 432
100, 432
160, 432
100, 432
101, 432
106, 432
113, 432
103, 432
104, 432
107, 432
101, 432
117, 432
105, 432
100, 432
102, 432
103, 432
103, 432
126, 432
100, 432
111, 432
108, 432
106, 432
101, 432
100, 432
100, 432
108, 432
106, 432
101, 432
102, 432
100, 432
109, 432
139, 432
104, 432
102, 432
100, 432
102, 432
103, 432
101, 432
105, 432
102, 432
100, 432
102, 432
104, 432
118, 432
111, 432
109, 432
115, 432
110, 432
103, 432
100, 432
115, 432
100, 432
103, 432
102, 432
105, 432
114, 432
101, 432
114, 432
103, 432
109, 432
106, 432
112, 432
107, 432
106, 432
120, 432
102, 432
100, 432
118, 432
104, 432
106, 432
111, 432
106, 432
110, 432
101, 432
103, 432
100, 432
103, 432
102, 432
101, 432
106, 432
105, 432
104, 432
101, 432
108, 432
115, 432
101, 432
112, 432
118, 432
100, 432
107, 432
114, 432
104, 432
110, 432
106, 432
105, 432
101, 432
108, 432
112, 432
110, 432
110, 432
108, 432
115, 432
101, 432
112, 432
112, 432
101, 432
100, 432
117, 432
104, 432
107, 432
103, 432
118, 432
103, 432
111, 432
100, 432
119, 432
106, 432
105, 432
107, 432
101, 432
118, 432
120, 432
128, 432
142, 432
108, 432
113, 432
112, 432
106, 432
136, 432
138, 432
101, 432
112, 432
112, 432
104, 432
105, 432
110, 432
105, 432
106, 432
102, 432
106, 432
109, 432
103, 432
133, 432
109, 432
100, 432
100, 432
118, 432
155, 432
115, 432
124, 432
111, 432
121, 432
103, 432
113, 432
100, 432
100, 432
104, 432
113, 432
103, 432
110, 432
108, 432
108, 432
109, 432
110, 432
119, 432
111, 432
106, 432
142, 432
102, 432
100, 432
103, 432
111, 432
102, 432
100, 432
103, 432
114, 432
112, 432
102, 432
103, 432
102, 432
144, 432
112, 432
114, 432
109, 432
107, 432
104, 432
109, 432
109, 432
113, 432
101, 432
113, 432
103, 432
101, 432
108, 432
106, 432
103, 432
107, 432
105, 432
125, 432
100, 432
100, 432
102, 432
103, 432
125, 432
121, 432
140, 432
105, 432
101, 432
319, 432
324, 432
319, 432
315, 432
314, 432
317, 432
306, 432
300, 432
316, 432
304, 432
302, 432
345, 432
320, 432
306, 432
302, 432
323, 432
311, 432
311, 432
301, 432
312, 432
316, 432
310, 432
338, 432
304, 432
306, 432
343, 432
306, 432
313, 432
344, 432
355, 432
104, 432
103, 432
105, 432
103, 432
311, 432
311, 432
300, 432
354, 432
107, 432
313, 432
300, 432
331, 432
301, 432
309, 432
324, 432
141, 432
316, 432
306, 432
316, 432
322, 432
303, 432
320, 432
313, 432
327, 432
320, 432
317, 432
340, 432
112, 432
302, 432
300, 432
313, 432
322, 432
304, 432
315, 432
301, 432
303, 432
318, 432
308, 432
300, 432
308, 432
305, 432
300, 432
304, 432
304, 432
301, 432
300, 432
325, 432
302, 432
314, 432
305, 432
303, 432
304, 432
309, 432
305, 432
355, 432
348, 432
312, 432
310, 432
301, 432
312, 432
308, 432
300, 432
313, 432
359, 432
101, 432
105, 432
142, 432
106, 432
100, 432
101, 432
101, 432
104, 432
115, 432
110, 432
102, 432
100, 432
115, 432
122, 432
0, 432
102, 432
102, 432
111, 432
109, 432
127, 432
162, 432
102, 432
100, 432
102, 432
122, 432
124, 432
116, 432
102, 432
312, 432
327, 432
303, 432
304, 432
310, 432
315, 432
341, 432
307, 432
311, 432
310, 432
302, 432
305, 432
17, 432
341, 432
310, 432
302, 432
309, 432
338, 432
104, 432
292, 432
301, 432
318, 432
104, 432
296, 432
321, 432
308, 432
312, 432
301, 432
331, 432
313, 432
309, 432
336, 432
312, 432
304, 432
304, 432
311, 432
327, 432
103, 432
308, 432
309, 432
315, 432
312, 432
302, 432
319, 432
311, 432
318, 432
329, 432
115, 432
118, 432
109, 432
128, 432
102, 432
109, 432
110, 432
117, 432
111, 432
102, 432
108, 432
107, 432
127, 432
101, 432
45, 432
2, 432
105, 432
108, 432
125, 432
109, 432
300, 432
272, 432
2, 432
302, 432
345, 432
303, 432
311, 432
303, 432
328, 432
320, 432
324, 432
300, 432
301, 432
300, 432
343, 432
253, 432
321, 432
302, 432
351, 432
333, 432
333, 432
323, 432
319, 432
319, 432
329, 432
324, 432
102, 432
103, 432
121, 432
115, 432
242, 432
320, 432
304, 432
297, 432
303, 432
313, 432
318, 432
314, 432
113, 432
136, 432
101, 432
125, 432
123, 432
116, 432
1, 432
121, 432
37, 432
4, 432
106, 432
166, 432
119, 432
102, 432
311, 432
305, 432
330, 432
313, 432
305, 432
312, 432
322, 432
324, 432
300, 432
321, 432
335, 432
110, 432
102, 432
116, 432
136, 432
113, 432
101, 432
118, 432
115, 432
307, 432
101, 432
118, 432
119, 432
111, 432
118, 432
112, 432
100, 432
104, 432
104, 432
111, 432
102, 432
116, 432
102, 432
136, 432
49, 432
5, 432
130, 432
314, 432
215, 432
0, 432
313, 432
316, 432
251, 432
338, 432
317, 432
306, 432
309, 432
267, 432
311, 432
327, 432
125, 432
105, 432
112, 432
211, 432
213, 432
217, 432
318, 432
143, 432
101, 432
125, 432
104, 432
110, 432
300, 432
332, 432
322, 432
266, 432
301, 432
309, 432
303, 432
314, 432
313, 432
302, 432
334, 432
306, 432
369, 432
142, 432
117, 432
110, 432
103, 432
333, 432
102, 432
103, 432
103, 432
115, 432
0, 432
101, 432
122, 432
117, 432
313, 432
121, 432
122, 432
123, 432
60, 432
11, 432
211, 432
208, 432
218, 432
311, 432
323, 432
333, 432
108, 432
118, 432
110, 432
105, 432
133, 432
122, 432
104, 432
103, 432
120, 432
123, 432
102, 432
135, 432
120, 432
307, 432
301, 432
327, 432
301, 432
339, 432
301, 432
302, 432
312, 432
248, 432
309, 432
280, 432
318, 432
308, 432
307, 432
300, 432
340, 432
306, 432
330, 432
335, 432
310, 432
301, 432
301, 432
309, 432
314, 432
305, 432
301, 432
314, 432
135, 432
131, 432
104, 432
120, 432
104, 432
100, 432
107, 432
101, 432
108, 432
100, 432
106, 432
101, 432
107, 432
121, 432
102, 432
111, 432
101, 432
177, 432
100, 432
134, 432
118, 432
107, 432
112, 432
90, 432
0, 432
113, 432
106, 432
108, 432
114, 432
6, 432
100, 432
4, 432
201, 432
160, 432
1, 432
259, 432
235, 432
328, 432
300, 432
330, 432
327, 432
305, 432
304, 432
306, 432
331, 432
305, 432
316, 432
329, 432
320, 432
315, 432
332, 432
335, 432
310, 432
326, 432
337, 432
329, 432
292, 432
340, 432
322, 432
302, 432
300, 432
337, 432
326, 432
126, 432
121, 432
158, 432
100, 432
103, 432
109, 432
115, 432
103, 432
101, 432
116, 432
118, 432
114, 432
101, 432
115, 432
103, 432
111, 432
103, 432
131, 432
120, 432
116, 432
95, 432
2, 432
106, 432
112, 432
100, 432
4, 432
117, 432
109, 432
114, 432
302, 432
326, 432
203, 432
0, 432
320, 432
320, 432
343, 432
309, 432
304, 432
300, 432
262, 432
307, 432
338, 432
261, 432
244, 432
328, 432
305, 432
327, 432
311, 432
301, 432
326, 432
352, 432
303, 432
306, 432
322, 432
269, 432
339, 432
116, 432
109, 432
116, 432
107, 432
311, 432
340, 432
315, 432
323, 432
122, 432
113, 432
101, 432
113, 432
102, 432
151, 432
0, 432
113, 432
100, 432
104, 432
121, 432
303, 432
247, 432
402, 432
105, 432
105, 432
301, 432
326, 432
309, 432
318, 432
325, 432
149, 432
5, 432
326, 432
303, 432
306, 432
309, 432
307, 432
315, 432
19, 432
2, 432
302, 432
327, 432
305, 432
323, 432
341, 432
323, 432
312, 432
344, 432
121, 432
104, 432
113, 432
105, 432
108, 432
100, 432
120, 432
105, 432
107, 432
112, 432
123, 432
102, 432
103, 432
103, 432
103, 432
109, 432
108, 432
116, 432
127, 432
10, 432
114, 432
132, 432
100, 432
209, 432
230, 432
269, 432
312, 432
369, 432
308, 432
319, 432
357, 432
144, 432
115, 432
294, 432
304, 432
316, 432
306, 432
338, 432
310, 432
306, 432
323, 432
357, 432
302, 432
319, 432
358, 432
280, 432
329, 432
304, 432
317, 432
23, 432
7, 432
199, 432
1, 432
350, 432
346, 432
302, 432
312, 432
314, 432
334, 432
121, 432
115, 432
120, 432
124, 432
128, 432
129, 432
104, 432
303, 432
312, 432
242, 432
301, 432
304, 432
347, 432
320, 432
118, 432
112, 432
111, 432
113, 432
103, 432
108, 432
104, 432
107, 432
117, 432
106, 432
110, 432
104, 432
125, 432
104, 432
124, 432
106, 432
116, 432
135, 432
107, 432
104, 432
127, 432
107, 432
161, 432
9, 432
9, 432
103, 432
9, 432
104, 432
101, 432
105, 432
116, 432
105, 432
103, 432
117, 432
103, 432
102, 432
116, 432
100, 432
102, 432
115, 432
92, 432
2, 432
105, 432
104, 432
149, 432
128, 432
113, 432
9, 432
121, 432
153, 432
58, 432
1, 432
117, 432
129, 432
109, 432
133, 432
106, 432
215, 432
278, 432
326, 432
322, 432
300, 432
249, 432
309, 432
317, 432
308, 432
314, 432
347, 432
300, 432
319, 432
306, 432
308, 432
377, 432
323, 432
316, 432
308, 432
309, 432
240, 432
332, 432
346, 432
102, 432
115, 432
101, 432
102, 432
131, 432
101, 432
107, 432
104, 432
100, 432
153, 432
110, 432
104, 432
113, 432
117, 432
126, 432
102, 432
118, 432
20, 432
8, 432
104, 432
105, 432
252, 432
216, 432
64, 432
2, 432
309, 432
308, 432
325, 432
302, 432
303, 432
326, 432
300, 432
301, 432
306, 432
320, 432
319, 432
314, 432
308, 432
1, 432
10, 432
314, 432
330, 432
318, 432
318, 432
372, 432
301, 432
357, 432
326, 432
311, 432
323, 432
245, 432
302, 432
336, 432
306, 432
337, 432
311, 432
311, 432
318, 432
309, 432
313, 432
301, 432
328, 432
312, 432
233, 432
301, 432
311, 432
313, 432
325, 432
373, 432
0, 432
270, 432
312, 432
323, 432
300, 432
300, 432
331, 432
334, 432
285, 432
303, 432
305, 432
327, 432
307, 432
322, 432
370, 432
305, 432
315, 432
317, 432
305, 432
342, 432
317, 432
217, 432
331, 432
363, 432
364, 432
302, 432
347, 432
317, 432
227, 432
2, 432
326, 432
5, 432
2, 432
103, 432
137, 432
104, 432
106, 432
130, 432
100, 432
100, 432
107, 432
111, 432
110, 432
144, 432
149, 432
100, 432
105, 432
121, 432
105, 432
100, 432
118, 432
111, 432
100, 432
100, 432
133, 432
112, 432
127, 432
104, 432
100, 432
106, 432
117, 432
118, 432
109, 432
153, 432
104, 432
107, 432
110, 432
129, 432
132, 432
120, 432
121, 432
106, 432
106, 432
107, 432
135, 432
101, 432
106, 432
302, 432
217, 432
327, 432
300, 432
308, 432
319, 432
247, 432
301, 432
311, 432
330, 432
308, 432
301, 432
300, 432
358, 432
317, 432
309, 432
302, 432
325, 432
311, 432
290, 432
338, 432
245, 432
351, 432
271, 432
315, 432
302, 432
315, 432
333, 432
272, 432
328, 432
309, 432
303, 432
338, 432
226, 432
194, 432
0, 432
333, 432
0, 432
322, 432
301, 432
308, 432
303, 432
302, 432
242, 432
317, 432
300, 432
310, 432
307, 432
302, 432
319, 432
308, 432
316, 432
319, 432
303, 432
307, 432
305, 432
304, 432
300, 432
315, 432
302, 432
300, 432
305, 432
303, 432
306, 432
311, 432
308, 432
324, 432
301, 432
318, 432
323, 432
307, 432
301, 432
308, 432
304, 432
316, 432
304, 432
334, 432
354, 432
338, 432
102, 432
106, 432
112, 432
118, 432
118, 432
112, 432
114, 432
104, 432
111, 432
120, 432
116, 432
133, 432
145, 432
130, 432
1, 432
123, 432
124, 432
126, 432
101, 432
301, 432
310, 432
303, 432
307, 432
222, 432
324, 432
313, 432
216, 432
351, 432
128, 432
125, 432
106, 432
111, 432
125, 432
126, 432
106, 432
105, 432
104, 432
109, 432
113, 432
102, 432
135, 432
101, 432
116, 432
102, 432
104, 432
120, 432
113, 432
152, 432
115, 432
121, 432
120, 432
100, 432
100, 432
106, 432
103, 432
117, 432
134, 432
112, 432
123, 432
107, 432
260, 432
325, 432
25, 432
2, 432
327, 432
292, 432
3, 432
326, 432
324, 432
304, 432
313, 432
325, 432
300, 432
300, 432
308, 432
300, 432
311, 432
311, 432
325, 432
300, 432
328, 432
367, 432
299, 432
322, 432
260, 432
312, 432
314, 432
302, 432
300, 432
306, 432
313, 432
303, 432
312, 432
325, 432
319, 432
352, 432
315, 432
342, 432
304, 432
331, 432
355, 432
256, 432
305, 432
316, 432
313, 432
320, 432
307, 432
337, 432
321, 432
260, 432
334, 432
313, 432
331, 432
131, 432
104, 432
130, 432
125, 432
106, 432
104, 432
111, 432
108, 432
125, 432
238, 432
22, 432
0, 432
307, 432
326, 432
41, 432
8, 432
314, 432
314, 432
316, 432
317, 432
309, 432
319, 432
314, 432
316, 432
317, 432
365, 432
115, 432
120, 432
288, 432
349, 432
304, 432
308, 432
353, 432
243, 432
211, 432
327, 432
381, 432
342, 432
306, 432
303, 432
305, 432
304, 432
213, 432
301, 432
318, 432
307, 432
308, 432
324, 432
332, 432
300, 432
314, 432
300, 432
305, 432
349, 432
330, 432
306, 432
302, 432
302, 432
302, 432
302, 432
380, 432
324, 432
309, 432
303, 432
315, 432
312, 432
308, 432
316, 432
305, 432
305, 432
322, 432
139, 432
140, 432
106, 432
110, 432
112, 432
105, 432
109, 432
122, 432
0, 432
116, 432
127, 432
6, 432
8, 432
122, 432
115, 432
151, 432
107, 432
101, 432
110, 432
102, 432
146, 432
142, 432
100, 432
119, 432
120, 432
117, 432
113, 432
100, 432
106, 432
131, 432
107, 432
110, 432
113, 432
112, 432
129, 432
20, 432
19, 432
121, 432
108, 432
114, 432
131, 432
105, 432
100, 432
140, 432
3, 432
234, 432
338, 432
301, 432
362, 432
302, 432
356, 432
162, 432
110, 432
15, 432
5, 432
210, 432
309, 432
329, 432
314, 432
265, 432
317, 432
300, 432
301, 432
303, 432
343, 432
339, 432
309, 432
311, 432
270, 432
335, 432
366, 432
354, 432
133, 432
2, 432
364, 432
297, 432
5, 432
0, 432
301, 432
344, 432
314, 432
334, 432
305, 432
354, 432
327, 432
308, 432
317, 432
293, 432
303, 432
300, 432
310, 432
309, 432
306, 432
300, 432
301, 432
302, 432
304, 432
308, 432
301, 432
302, 432
318, 432
301, 432
336, 432
301, 432
315, 432
304, 432
326, 432
302, 432
324, 432
300, 432
309, 432
308, 432
306, 432
321, 432
301, 432
300, 432
327, 432
305, 432
304, 432
310, 432
300, 432
338, 432
328, 432
315, 432
311, 432
300, 432
348, 432
310, 432
308, 432
305, 432
303, 432
311, 432
305, 432
349, 432
303, 432
302, 432
308, 432
306, 432
309, 432
338, 432
109, 432
112, 432
117, 432
105, 432
178, 432
121, 432
130, 432
1, 432
110, 432
148, 432
102, 432
147, 432
118, 432
124, 432
143, 432
111, 432
104, 432
102, 432
122, 432
110, 432
124, 432
113, 432
123, 432
100, 432
107, 432
145, 432
122, 432
104, 432
103, 432
104, 432
120, 432
108, 432
106, 432
144, 432
102, 432
131, 432
118, 432
102, 432
149, 432
108, 432
101, 432
136, 432
114, 432
100, 432
134, 432
117, 432
102, 432
1, 432
3, 432
101, 432
204, 432
309, 432
303, 432
377, 432
331, 432
239, 432
0, 432
34, 432
0, 432
311, 432
301, 432
307, 432
320, 432
321, 432
201, 432
300, 432
340, 432
300, 432
303, 432
367, 432
107, 432
115, 432
101, 432
102, 432
102, 432
100, 432
135, 432
167, 432
105, 432
121, 432
133, 432
115, 432
112, 432
103, 432
214, 432
350, 432
221, 432
342, 432
309, 432
305, 432
320, 432
337, 432
319, 432
374, 432
0, 432
326, 432
306, 432
317, 432
313, 432
304, 432
322, 432
333, 432
316, 432
358, 432
125, 432
117, 432
124, 432
109, 432
104, 432
97, 432
1, 432
113, 432
120, 432
113, 432
111, 432
112, 432
135, 432
215, 432
142, 432
1, 432
331, 432
322, 432
305, 432
325, 432
111, 432
132, 432
102, 432
154, 432
102, 432
112, 432
124, 432
290, 432
308, 432
303, 432
314, 432
302, 432
345, 432
220, 432
308, 432
321, 432
307, 432
311, 432
319, 432
302, 432
329, 432
302, 432
303, 432
320, 432
312, 432
300, 432
311, 432
313, 432
329, 432
315, 432
311, 432
129, 432
104, 432
102, 432
117, 432
113, 432
134, 432
106, 432
153, 432
112, 432
101, 432
203, 432
110, 432
105, 432
107, 432
102, 432
121, 432
131, 432
117, 432
102, 432
178, 432
1, 432
111, 432
143, 432
105, 432
119, 432
150, 432
319, 432
319, 432
344, 432
303, 432
300, 432
312, 432
352, 432
294, 432
300, 432
302, 432
348, 432
237, 432
0, 432
302, 432
309, 432
319, 432
307, 432
323, 432
331, 432
322, 432
306, 432
305, 432
323, 432
319, 432
206, 432
300, 432
338, 432
302, 432
327, 432
329, 432
304, 432
108, 432
5, 432
302, 432
305, 432
301, 432
317, 432
301, 432
207, 432
302, 432
315, 432
309, 432
301, 432
352, 432
311, 432
342, 432
104, 432
119, 432
108, 432
120, 432
127, 432
100, 432
111, 432
130, 432
104, 432
117, 432
139, 432
101, 432
116, 432
121, 432
133, 432
152, 432
104, 432
102, 432
107, 432
101, 432
140, 432
137, 432
129, 432
118, 432
121, 432
103, 432
132, 432
309, 432
339, 432
310, 432
306, 432
322, 432
314, 432
304, 432
306, 432
303, 432
305, 432
315, 432
304, 432
331, 432
300, 432
311, 432
303, 432
308, 432
305, 432
311, 432
322, 432
320, 432
310, 432
232, 432
327, 432
354, 432
303, 432
324, 432
307, 432
322, 432
296, 432
301, 432
310, 432
305, 432
301, 432
304, 432
302, 432
321, 432
312, 432
300, 432
306, 432
326, 432
313, 432
311, 432
321, 432
300, 432
303, 432
304, 432
303, 432
377, 432
107, 432
100, 432
111, 432
111, 432
101, 432
109, 432
112, 432
133, 432
141, 432
114, 432
125, 432
34, 432
106, 432
109, 432
102, 432
132, 432
138, 432
127, 432
127, 432
17, 432
1, 432
105, 432
237, 432
352, 432
227, 432
0, 432
319, 432
334, 432
316, 432
380, 432
214, 432
310, 432
314, 432
329, 432
304, 432
326, 432
319, 432
312, 432
145, 432
101, 432
111, 432
123, 432
107, 432
132, 432
107, 432
246, 432
313, 432
309, 432
351, 432
322, 432
302, 432
328, 432
118, 432
106, 432
100, 432
106, 432
116, 432
106, 432
161, 432
130, 432
105, 432
133, 432
105, 432
128, 432
110, 432
110, 432
310, 432
306, 432
247, 432
304, 432
308, 432
358, 432
350, 432
100, 432
104, 432
102, 432
112, 432
144, 432
152, 432
118, 432
5, 432
111, 432
2, 432
2, 432
100, 432
167, 432
142, 432
332, 432
128, 432
10, 432
367, 432
328, 432
325, 432
148, 432
132, 432
100, 432
111, 432
106, 432
103, 432
115, 432
144, 432
108, 432
102, 432
114, 432
121, 432
101, 432
102, 432
106, 432
101, 432
110, 432
121, 432
101, 432
129, 432
155, 432
146, 432
110, 432
133, 432
103, 432
321, 432
231, 432
308, 432
324, 432
306, 432
312, 432
310, 432
338, 432
254, 432
332, 432
278, 432
320, 432
343, 432
300, 432
338, 432
300, 432
267, 432
3, 432
326, 432
303, 432
330, 432
317, 432
292, 432
306, 432
302, 432
314, 432
310, 432
304, 432
304, 432
300, 432
325, 432
315, 432
311, 432
300, 432
352, 432
323, 432
302, 432
323, 432
327, 432
309, 432
303, 432
306, 432
302, 432
305, 432
345, 432
313, 432
310, 432
322, 432
305, 432
353, 432
162, 432
118, 432
113, 432
104, 432
123, 432
153, 432
134, 432
3, 432
121, 432
120, 432
107, 432
126, 432
101, 432
115, 432
127, 432
126, 432
47, 432
0, 432
131, 432
128, 432
109, 432
100, 432
136, 432
125, 432
110, 432
125, 432
104, 432
308, 432
300, 432
305, 432
331, 432
310, 432
308, 432
316, 432
303, 432
307, 432
309, 432
305, 432
283, 432
327, 432
302, 432
304, 432
325, 432
317, 432
320, 432
100, 432
104, 432
165, 432
111, 432
118, 432
128, 432
101, 432
269, 432
225, 432
303, 432
335, 432
317, 432
333, 432
316, 432
322, 432
313, 432
117, 432
48, 432
138, 432
105, 432
111, 432
101, 432
127, 432
3, 432
112, 432
115, 432
113, 432
172, 432
126, 432
131, 432
6, 432
150, 432
114, 432
79, 432
3, 432
117, 432
102, 432
101, 432
103, 432
106, 432
138, 432
113, 432
118, 432
105, 432
141, 432
120, 432
150, 432
109, 432
104, 432
126, 432
125, 432
104, 432
106, 432
104, 432
106, 432
129, 432
114, 432
133, 432
109, 432
109, 432
103, 432
112, 432
100, 432
113, 432
125, 432
116, 432
124, 432
134, 432
116, 432
127, 432
100, 432
111, 432
106, 432
114, 432
116, 432
108, 432
115, 432
14, 432
3, 432
102, 432
105, 432
102, 432
117, 432
102, 432
103, 432
117, 432
109, 432
103, 432
104, 432
101, 432
102, 432
104, 432
107, 432
125, 432
110, 432
103, 432
108, 432
111, 432
119, 432
112, 432
107, 432
102, 432
116, 432
112, 432
109, 432
104, 432
101, 432
101, 432
110, 432
114, 432
105, 432
111, 432
130, 432
104, 432
101, 432
114, 432
125, 432
