#Algorithm: SARSA, Speed: 1, Boost: 1, PM: True, Env size: (20, 20), Car size: (5, 4),
#Counter: 10000000, Nsteps: 10000000, Gamma: 1, LearnRate: 0.01, Eps: 0.5, Epsdecay: 0.9
1, 1
2, 2
1, 2
12, 12
5, 12
3, 12
2, 12
0, 12
4, 12
0, 12
5, 12
5, 12
0, 12
13, 13
0, 13
0, 13
1, 13
0, 13
4, 13
1, 13
8, 13
3, 13
4, 13
2, 13
3, 13
1, 13
3, 13
1, 13
3, 13
0, 13
4, 13
0, 13
1, 13
0, 13
16, 16
0, 16
0, 16
11, 16
1, 16
6, 16
1, 16
0, 16
5, 16
1, 16
3, 16
1, 16
0, 16
4, 16
15, 16
5, 16
7, 16
19, 19
12, 19
4, 19
4, 19
2, 19
9, 19
2, 19
2, 19
2, 19
1, 19
4, 19
0, 19
2, 19
1, 19
2, 19
2, 19
0, 19
0, 19
3, 19
2, 19
5, 19
7, 19
4, 19
4, 19
4, 19
13, 19
0, 19
0, 19
2, 19
2, 19
5, 19
2, 19
11, 19
10, 19
3, 19
20, 20
13, 20
1, 20
8, 20
1, 20
3, 20
7, 20
6, 20
4, 20
21, 21
0, 21
3, 21
1, 21
0, 21
4, 21
1, 21
1, 21
8, 21
6, 21
24, 24
3, 24
3, 24
0, 24
4, 24
1, 24
7, 24
3, 24
2, 24
13, 24
5, 24
3, 24
3, 24
10, 24
6, 24
0, 24
21, 24
3, 24
499400, 499400
