#Algorithm: SARSA, Speed: 1, Boost: 3, PM: True, Env size: (20, 20), Car size: (3, 2),
#Counter: 100, Nsteps: 10000000, Gamma: 1, LearnRate: 0.01, Eps: 0.5, Epsdecay: 0.9
11, 11
13, 13
114, 114
18, 114
36, 114
75, 114
200, 200
1344, 1344
1313, 1344
1440, 1440
712, 1440
121, 1440
201, 1440
1405, 1440
1403, 1440
1404, 1440
1412, 1440
1417, 1440
1406, 1440
1420, 1440
1403, 1440
1438, 1440
1400, 1440
1409, 1440
1410, 1440
1412, 1440
1401, 1440
1502, 1502
1402, 1502
1409, 1502
1431, 1502
1410, 1502
1415, 1502
1413, 1502
1416, 1502
1427, 1502
1402, 1502
1403, 1502
1456, 1502
1424, 1502
1406, 1502
1448, 1502
1403, 1502
1465, 1502
1412, 1502
1416, 1502
1425, 1502
1413, 1502
1413, 1502
1424, 1502
1415, 1502
1431, 1502
1400, 1502
1409, 1502
1422, 1502
1427, 1502
1404, 1502
1400, 1502
1411, 1502
1415, 1502
1419, 1502
1407, 1502
1408, 1502
1403, 1502
1400, 1502
1427, 1502
1408, 1502
1406, 1502
1429, 1502
1433, 1502
1412, 1502
1461, 1502
1407, 1502
1421, 1502
1402, 1502
1429, 1502
1434, 1502
1426, 1502
1458, 1502
1420, 1502
1426, 1502
1405, 1502
1456, 1502
1407, 1502
1424, 1502
1406, 1502
1410, 1502
1410, 1502
1407, 1502
1406, 1502
1438, 1502
1400, 1502
1404, 1502
1412, 1502
1434, 1502
1426, 1502
1442, 1502
1449, 1502
1415, 1502
1408, 1502
1419, 1502
1408, 1502
1418, 1502
1400, 1502
1400, 1502
1421, 1502
1417, 1502
1421, 1502
1402, 1502
1401, 1502
1402, 1502
1425, 1502
1416, 1502
1411, 1502
1403, 1502
1438, 1502
1410, 1502
1482, 1502
1415, 1502
1402, 1502
1416, 1502
1401, 1502
1447, 1502
1412, 1502
1405, 1502
1403, 1502
1404, 1502
1401, 1502
1405, 1502
1435, 1502
1402, 1502
1407, 1502
1409, 1502
1402, 1502
1421, 1502
1508, 1508
1406, 1508
1414, 1508
1405, 1508
1438, 1508
1488, 1508
1408, 1508
1403, 1508
1423, 1508
1401, 1508
1402, 1508
1408, 1508
1413, 1508
1443, 1508
1406, 1508
1435, 1508
1404, 1508
1404, 1508
1418, 1508
1489, 1508
1402, 1508
1415, 1508
1428, 1508
1418, 1508
1409, 1508
1421, 1508
1400, 1508
1415, 1508
1412, 1508
1417, 1508
1412, 1508
1400, 1508
1421, 1508
1410, 1508
1421, 1508
1430, 1508
1432, 1508
1496, 1508
1453, 1508
1420, 1508
1405, 1508
1401, 1508
1408, 1508
1433, 1508
1419, 1508
1430, 1508
1403, 1508
1433, 1508
1405, 1508
1421, 1508
1404, 1508
1436, 1508
1423, 1508
1455, 1508
1424, 1508
1423, 1508
1448, 1508
1403, 1508
1478, 1508
1440, 1508
1432, 1508
1417, 1508
1440, 1508
1415, 1508
1403, 1508
1435, 1508
1444, 1508
1426, 1508
1407, 1508
1451, 1508
1415, 1508
1412, 1508
1408, 1508
1412, 1508
1421, 1508
1488, 1508
1407, 1508
1414, 1508
1412, 1508
1421, 1508
1400, 1508
1426, 1508
1401, 1508
1442, 1508
1417, 1508
1445, 1508
1425, 1508
1440, 1508
1403, 1508
1468, 1508
1422, 1508
1408, 1508
1438, 1508
1436, 1508
1413, 1508
1407, 1508
1403, 1508
1400, 1508
1461, 1508
1428, 1508
1407, 1508
1400, 1508
1442, 1508
1428, 1508
1403, 1508
1459, 1508
1400, 1508
1405, 1508
1482, 1508
1445, 1508
1412, 1508
1400, 1508
1406, 1508
1420, 1508
1474, 1508
1421, 1508
1400, 1508
1402, 1508
1410, 1508
1418, 1508
1459, 1508
1420, 1508
1459, 1508
1413, 1508
1409, 1508
1409, 1508
1400, 1508
1417, 1508
1413, 1508
1409, 1508
1415, 1508
1401, 1508
1439, 1508
1417, 1508
1474, 1508
1411, 1508
1404, 1508
1421, 1508
1409, 1508
1408, 1508
1452, 1508
1403, 1508
1401, 1508
1436, 1508
1424, 1508
1403, 1508
1406, 1508
1413, 1508
1415, 1508
1418, 1508
1407, 1508
1454, 1508
1429, 1508
1401, 1508
1407, 1508
1420, 1508
1437, 1508
1415, 1508
1419, 1508
1407, 1508
1408, 1508
1404, 1508
1408, 1508
1425, 1508
1405, 1508
1403, 1508
1414, 1508
1401, 1508
1435, 1508
1413, 1508
1451, 1508
1440, 1508
1402, 1508
1414, 1508
1454, 1508
1400, 1508
1438, 1508
1410, 1508
1448, 1508
1408, 1508
1414, 1508
1403, 1508
1400, 1508
1410, 1508
1434, 1508
1410, 1508
1400, 1508
1401, 1508
1412, 1508
1413, 1508
1414, 1508
1442, 1508
1400, 1508
1418, 1508
1415, 1508
1401, 1508
1400, 1508
1401, 1508
1402, 1508
1401, 1508
1434, 1508
1400, 1508
1409, 1508
1403, 1508
1418, 1508
1401, 1508
1443, 1508
1415, 1508
1441, 1508
1410, 1508
1409, 1508
1418, 1508
1431, 1508
1411, 1508
1492, 1508
1407, 1508
1403, 1508
1404, 1508
1415, 1508
1407, 1508
1403, 1508
1402, 1508
1407, 1508
1409, 1508
1406, 1508
1419, 1508
1426, 1508
1407, 1508
1444, 1508
1416, 1508
1435, 1508
1400, 1508
1442, 1508
1405, 1508
1410, 1508
1439, 1508
1452, 1508
1429, 1508
1412, 1508
1403, 1508
1430, 1508
1406, 1508
1421, 1508
1436, 1508
1425, 1508
1407, 1508
1416, 1508
1404, 1508
1416, 1508
1419, 1508
1406, 1508
1405, 1508
1406, 1508
1420, 1508
1405, 1508
1426, 1508
1492, 1508
1436, 1508
1411, 1508
1409, 1508
1424, 1508
1425, 1508
1417, 1508
1419, 1508
1400, 1508
1408, 1508
1405, 1508
1432, 1508
1414, 1508
1404, 1508
1403, 1508
1413, 1508
1401, 1508
1401, 1508
1412, 1508
1439, 1508
1429, 1508
1401, 1508
1444, 1508
1401, 1508
1412, 1508
1430, 1508
1409, 1508
1418, 1508
1483, 1508
1479, 1508
1405, 1508
1403, 1508
1416, 1508
1407, 1508
1407, 1508
1425, 1508
1404, 1508
1400, 1508
1401, 1508
1456, 1508
1418, 1508
1417, 1508
1415, 1508
1400, 1508
1420, 1508
1489, 1508
1433, 1508
1404, 1508
1413, 1508
1429, 1508
1414, 1508
1401, 1508
1426, 1508
1436, 1508
1420, 1508
1442, 1508
1417, 1508
1416, 1508
1451, 1508
1440, 1508
1406, 1508
1425, 1508
1431, 1508
1406, 1508
1423, 1508
1407, 1508
1402, 1508
1414, 1508
1401, 1508
1429, 1508
1427, 1508
1403, 1508
1411, 1508
1465, 1508
1419, 1508
1402, 1508
1403, 1508
1401, 1508
1413, 1508
1410, 1508
1400, 1508
1441, 1508
1419, 1508
1417, 1508
1413, 1508
1409, 1508
1455, 1508
1408, 1508
1421, 1508
1408, 1508
1432, 1508
1409, 1508
1400, 1508
1415, 1508
1402, 1508
1417, 1508
1448, 1508
1410, 1508
1412, 1508
1400, 1508
1456, 1508
1401, 1508
1407, 1508
1404, 1508
1435, 1508
1403, 1508
1400, 1508
1408, 1508
1413, 1508
1428, 1508
1416, 1508
1420, 1508
1405, 1508
1405, 1508
1402, 1508
1400, 1508
1430, 1508
1420, 1508
1403, 1508
1416, 1508
1439, 1508
1405, 1508
1405, 1508
1416, 1508
1439, 1508
1412, 1508
1438, 1508
1400, 1508
1408, 1508
1419, 1508
1404, 1508
1406, 1508
1427, 1508
1430, 1508
1415, 1508
1415, 1508
1406, 1508
1415, 1508
1408, 1508
1447, 1508
1428, 1508
1462, 1508
1419, 1508
1407, 1508
1464, 1508
1439, 1508
1401, 1508
1407, 1508
1403, 1508
1406, 1508
1460, 1508
1409, 1508
1430, 1508
1401, 1508
1429, 1508
1421, 1508
1407, 1508
1404, 1508
1413, 1508
1401, 1508
1416, 1508
1412, 1508
1428, 1508
1447, 1508
1421, 1508
1415, 1508
1416, 1508
1403, 1508
1404, 1508
1413, 1508
1413, 1508
1416, 1508
1407, 1508
1403, 1508
1402, 1508
1409, 1508
1424, 1508
1418, 1508
1405, 1508
1406, 1508
1400, 1508
1408, 1508
1401, 1508
1410, 1508
1402, 1508
1427, 1508
1403, 1508
1442, 1508
1410, 1508
1414, 1508
1414, 1508
1413, 1508
1410, 1508
1407, 1508
1428, 1508
1406, 1508
1404, 1508
1404, 1508
1416, 1508
1403, 1508
1428, 1508
1400, 1508
1418, 1508
1402, 1508
1411, 1508
1403, 1508
1422, 1508
1416, 1508
1416, 1508
1444, 1508
1402, 1508
1419, 1508
1406, 1508
1436, 1508
1405, 1508
1404, 1508
1417, 1508
1412, 1508
1406, 1508
1411, 1508
1408, 1508
1401, 1508
1412, 1508
1419, 1508
1415, 1508
1432, 1508
1477, 1508
1430, 1508
1423, 1508
1416, 1508
1468, 1508
1402, 1508
1414, 1508
1445, 1508
1406, 1508
1415, 1508
1408, 1508
1435, 1508
1406, 1508
1401, 1508
1432, 1508
1419, 1508
1483, 1508
1402, 1508
1423, 1508
1401, 1508
1402, 1508
1400, 1508
1415, 1508
1400, 1508
1416, 1508
1413, 1508
1411, 1508
1429, 1508
1402, 1508
1478, 1508
1415, 1508
1411, 1508
1415, 1508
1403, 1508
1434, 1508
1405, 1508
1426, 1508
1402, 1508
1441, 1508
1403, 1508
1405, 1508
1413, 1508
1430, 1508
1424, 1508
1413, 1508
1401, 1508
1406, 1508
1403, 1508
1405, 1508
1400, 1508
1400, 1508
1403, 1508
1430, 1508
1407, 1508
1406, 1508
1401, 1508
1441, 1508
1417, 1508
1401, 1508
1411, 1508
1403, 1508
1420, 1508
1400, 1508
1413, 1508
1417, 1508
1405, 1508
1412, 1508
1420, 1508
1427, 1508
1402, 1508
1404, 1508
1401, 1508
1404, 1508
1402, 1508
1404, 1508
1425, 1508
1418, 1508
1422, 1508
1428, 1508
1479, 1508
1463, 1508
1405, 1508
1427, 1508
1406, 1508
1405, 1508
1424, 1508
1410, 1508
1408, 1508
1418, 1508
1467, 1508
1417, 1508
1413, 1508
1416, 1508
1433, 1508
1410, 1508
1407, 1508
1430, 1508
1401, 1508
1421, 1508
1419, 1508
1412, 1508
1411, 1508
1431, 1508
1407, 1508
1404, 1508
1429, 1508
1427, 1508
1403, 1508
1435, 1508
1461, 1508
1451, 1508
1400, 1508
1406, 1508
1408, 1508
1410, 1508
1417, 1508
1434, 1508
1403, 1508
1415, 1508
1434, 1508
1401, 1508
1426, 1508
1412, 1508
1427, 1508
1416, 1508
1429, 1508
1406, 1508
1430, 1508
1405, 1508
1421, 1508
1425, 1508
1424, 1508
1431, 1508
1401, 1508
1403, 1508
1418, 1508
1405, 1508
1436, 1508
1469, 1508
1424, 1508
1412, 1508
1407, 1508
1400, 1508
1405, 1508
1424, 1508
1406, 1508
1402, 1508
1404, 1508
1409, 1508
1444, 1508
1458, 1508
1405, 1508
1419, 1508
1401, 1508
1401, 1508
1479, 1508
1410, 1508
1407, 1508
1423, 1508
1406, 1508
1408, 1508
1419, 1508
1400, 1508
1404, 1508
1430, 1508
1424, 1508
1405, 1508
1403, 1508
1409, 1508
1401, 1508
1459, 1508
1402, 1508
1413, 1508
1413, 1508
1415, 1508
1400, 1508
1410, 1508
1403, 1508
1413, 1508
1427, 1508
1418, 1508
1453, 1508
1450, 1508
1404, 1508
1412, 1508
1418, 1508
1409, 1508
1401, 1508
1412, 1508
1404, 1508
1409, 1508
1408, 1508
1431, 1508
1403, 1508
1404, 1508
1483, 1508
1438, 1508
1422, 1508
1418, 1508
1427, 1508
1421, 1508
1439, 1508
1402, 1508
1404, 1508
1400, 1508
1431, 1508
1416, 1508
1400, 1508
1434, 1508
1421, 1508
1415, 1508
1403, 1508
1405, 1508
1443, 1508
1409, 1508
1406, 1508
1404, 1508
1418, 1508
1413, 1508
1411, 1508
1418, 1508
1401, 1508
1426, 1508
1403, 1508
1462, 1508
1430, 1508
1427, 1508
1405, 1508
1401, 1508
1427, 1508
1401, 1508
1435, 1508
1437, 1508
1408, 1508
1405, 1508
1412, 1508
1402, 1508
1402, 1508
1412, 1508
1411, 1508
1410, 1508
1417, 1508
1405, 1508
1427, 1508
1403, 1508
1406, 1508
1406, 1508
1526, 1526
1425, 1526
1424, 1526
1431, 1526
1413, 1526
1403, 1526
1412, 1526
1507, 1526
1457, 1526
1426, 1526
1425, 1526
1400, 1526
1403, 1526
1401, 1526
1418, 1526
1401, 1526
1404, 1526
1416, 1526
1405, 1526
1404, 1526
1410, 1526
1437, 1526
1412, 1526
1427, 1526
1428, 1526
1403, 1526
1402, 1526
1420, 1526
1402, 1526
1407, 1526
1404, 1526
1445, 1526
1403, 1526
1425, 1526
1407, 1526
1419, 1526
1421, 1526
1407, 1526
1404, 1526
1409, 1526
1420, 1526
1400, 1526
1412, 1526
1402, 1526
1400, 1526
1411, 1526
1400, 1526
1405, 1526
1400, 1526
1401, 1526
1401, 1526
1414, 1526
1420, 1526
1424, 1526
1418, 1526
1469, 1526
1402, 1526
1419, 1526
1406, 1526
1426, 1526
1400, 1526
1418, 1526
1421, 1526
1479, 1526
1430, 1526
1425, 1526
1434, 1526
1410, 1526
1408, 1526
1401, 1526
1404, 1526
1422, 1526
1410, 1526
1414, 1526
1402, 1526
1427, 1526
1416, 1526
1449, 1526
1425, 1526
1409, 1526
1403, 1526
1439, 1526
1400, 1526
1417, 1526
1440, 1526
1432, 1526
1405, 1526
1402, 1526
1401, 1526
1417, 1526
1449, 1526
1400, 1526
1416, 1526
1401, 1526
1432, 1526
1404, 1526
1401, 1526
1448, 1526
1410, 1526
1420, 1526
1432, 1526
1471, 1526
1428, 1526
1417, 1526
1433, 1526
1405, 1526
1439, 1526
1400, 1526
1411, 1526
1401, 1526
1412, 1526
1441, 1526
1470, 1526
1403, 1526
1403, 1526
1410, 1526
1414, 1526
1409, 1526
1431, 1526
1420, 1526
1431, 1526
1400, 1526
1408, 1526
1403, 1526
1402, 1526
1406, 1526
1421, 1526
1416, 1526
1420, 1526
1400, 1526
1400, 1526
1406, 1526
1464, 1526
1421, 1526
1419, 1526
1511, 1526
1413, 1526
1402, 1526
1425, 1526
1421, 1526
1401, 1526
1406, 1526
1419, 1526
1402, 1526
1456, 1526
1402, 1526
1412, 1526
1408, 1526
1419, 1526
1403, 1526
1437, 1526
1414, 1526
1403, 1526
1400, 1526
1411, 1526
1426, 1526
1423, 1526
1440, 1526
1436, 1526
1402, 1526
1418, 1526
1402, 1526
1413, 1526
1403, 1526
1407, 1526
1408, 1526
1565, 1565
1502, 1565
1415, 1565
1405, 1565
1407, 1565
1412, 1565
1401, 1565
1431, 1565
1402, 1565
1407, 1565
1422, 1565
1416, 1565
1410, 1565
1437, 1565
1448, 1565
1400, 1565
1474, 1565
1420, 1565
1471, 1565
1446, 1565
1412, 1565
1409, 1565
1421, 1565
1400, 1565
1420, 1565
1400, 1565
1413, 1565
1409, 1565
1411, 1565
1411, 1565
1449, 1565
1407, 1565
1423, 1565
1432, 1565
1406, 1565
1405, 1565
1428, 1565
1408, 1565
1404, 1565
1407, 1565
1426, 1565
1426, 1565
1413, 1565
1452, 1565
1411, 1565
1402, 1565
1413, 1565
1403, 1565
1421, 1565
1407, 1565
1403, 1565
1432, 1565
1419, 1565
1416, 1565
1407, 1565
1402, 1565
1411, 1565
1415, 1565
1468, 1565
1403, 1565
1441, 1565
1438, 1565
1428, 1565
1400, 1565
1420, 1565
1423, 1565
1401, 1565
1446, 1565
1429, 1565
1415, 1565
1424, 1565
1427, 1565
1429, 1565
1445, 1565
1432, 1565
1402, 1565
1407, 1565
1406, 1565
1444, 1565
1418, 1565
1407, 1565
1418, 1565
1418, 1565
1403, 1565
1415, 1565
1412, 1565
1429, 1565
1419, 1565
1420, 1565
1407, 1565
1437, 1565
1408, 1565
1410, 1565
1403, 1565
1411, 1565
1407, 1565
1424, 1565
1400, 1565
1413, 1565
1415, 1565
1404, 1565
1407, 1565
1411, 1565
1413, 1565
1424, 1565
1410, 1565
1408, 1565
1425, 1565
1455, 1565
1420, 1565
1420, 1565
1446, 1565
1407, 1565
1437, 1565
1422, 1565
1406, 1565
1426, 1565
1424, 1565
1424, 1565
1452, 1565
1415, 1565
1420, 1565
1402, 1565
1474, 1565
1400, 1565
1436, 1565
1448, 1565
1436, 1565
1418, 1565
1452, 1565
1402, 1565
1403, 1565
1519, 1565
1401, 1565
1403, 1565
1408, 1565
1403, 1565
1412, 1565
1403, 1565
1428, 1565
1409, 1565
1463, 1565
1407, 1565
1454, 1565
1414, 1565
1457, 1565
1470, 1565
1404, 1565
1400, 1565
1437, 1565
1410, 1565
1410, 1565
1444, 1565
1415, 1565
1406, 1565
1403, 1565
1400, 1565
1419, 1565
1410, 1565
1425, 1565
1459, 1565
1423, 1565
1429, 1565
1411, 1565
1465, 1565
1404, 1565
1421, 1565
1406, 1565
1409, 1565
1409, 1565
1440, 1565
1415, 1565
1400, 1565
1410, 1565
1406, 1565
1407, 1565
1450, 1565
1427, 1565
1419, 1565
1429, 1565
1425, 1565
1401, 1565
1407, 1565
1401, 1565
1420, 1565
1405, 1565
1418, 1565
1412, 1565
1427, 1565
1432, 1565
1403, 1565
1401, 1565
1401, 1565
1443, 1565
1410, 1565
1401, 1565
1416, 1565
1403, 1565
1404, 1565
1414, 1565
1407, 1565
1400, 1565
1480, 1565
1434, 1565
1411, 1565
1403, 1565
1401, 1565
1407, 1565
1401, 1565
1413, 1565
1410, 1565
1430, 1565
1409, 1565
1422, 1565
1426, 1565
1420, 1565
1412, 1565
1422, 1565
1400, 1565
1408, 1565
1459, 1565
1411, 1565
1407, 1565
1401, 1565
1403, 1565
1403, 1565
1412, 1565
1404, 1565
1408, 1565
1505, 1565
1410, 1565
1430, 1565
1400, 1565
1407, 1565
1407, 1565
1400, 1565
1416, 1565
1428, 1565
1400, 1565
1415, 1565
1407, 1565
1418, 1565
1416, 1565
1425, 1565
1445, 1565
1420, 1565
1431, 1565
1421, 1565
1419, 1565
1406, 1565
1422, 1565
1400, 1565
1411, 1565
1428, 1565
1420, 1565
1467, 1565
1425, 1565
1415, 1565
1400, 1565
1408, 1565
1408, 1565
1421, 1565
1422, 1565
1418, 1565
1423, 1565
1449, 1565
1411, 1565
1401, 1565
1445, 1565
1414, 1565
1452, 1565
1407, 1565
1439, 1565
1417, 1565
1420, 1565
1421, 1565
1420, 1565
1454, 1565
1415, 1565
1438, 1565
1424, 1565
1404, 1565
1404, 1565
1413, 1565
1442, 1565
1401, 1565
1403, 1565
1407, 1565
1410, 1565
1403, 1565
1402, 1565
1401, 1565
1409, 1565
1412, 1565
1443, 1565
1416, 1565
1407, 1565
1409, 1565
1420, 1565
1439, 1565
1402, 1565
1401, 1565
1405, 1565
1445, 1565
1413, 1565
1435, 1565
1406, 1565
1472, 1565
1418, 1565
1404, 1565
1430, 1565
1405, 1565
1493, 1565
1441, 1565
1408, 1565
1410, 1565
1418, 1565
1405, 1565
1415, 1565
1404, 1565
1428, 1565
1423, 1565
1443, 1565
1408, 1565
1404, 1565
1429, 1565
1415, 1565
1419, 1565
1425, 1565
1407, 1565
1413, 1565
1401, 1565
1400, 1565
1406, 1565
1459, 1565
1419, 1565
1400, 1565
1416, 1565
1413, 1565
1403, 1565
1405, 1565
1410, 1565
1421, 1565
1470, 1565
1415, 1565
1401, 1565
1412, 1565
1403, 1565
1400, 1565
1402, 1565
1415, 1565
1404, 1565
1469, 1565
1428, 1565
1419, 1565
1418, 1565
1405, 1565
1400, 1565
1405, 1565
1427, 1565
1429, 1565
1401, 1565
1405, 1565
1409, 1565
1504, 1565
1423, 1565
1445, 1565
1400, 1565
1428, 1565
1412, 1565
1414, 1565
1410, 1565
1449, 1565
1461, 1565
1441, 1565
1412, 1565
1403, 1565
1413, 1565
1400, 1565
1404, 1565
1408, 1565
1436, 1565
1406, 1565
1406, 1565
1475, 1565
1405, 1565
1412, 1565
1441, 1565
1478, 1565
1400, 1565
1435, 1565
1406, 1565
1405, 1565
1401, 1565
1414, 1565
1411, 1565
1421, 1565
1431, 1565
1400, 1565
1406, 1565
1409, 1565
1426, 1565
1401, 1565
1420, 1565
1428, 1565
1400, 1565
1404, 1565
1414, 1565
1437, 1565
1434, 1565
1435, 1565
1421, 1565
1440, 1565
1409, 1565
1400, 1565
1419, 1565
1411, 1565
1418, 1565
