#Algorithm: Qlearning, Speed: 1, Boost: 4, PM: False, Env size: (20, 20), Car size: (5, 4),
#Counter: 100, Nsteps: 10000000, Gamma: 1, LearnRate: 0.01, Eps: 0.5, Epsdecay: 0.9
200, 200
206, 206
200, 206
202, 206
200, 206
208, 208
118, 208
203, 208
203, 208
203, 208
203, 208
215, 215
200, 215
200, 215
204, 215
201, 215
206, 215
179, 215
202, 215
200, 215
204, 215
205, 215
201, 215
202, 215
209, 215
200, 215
208, 215
204, 215
202, 215
201, 215
201, 215
113, 215
200, 215
203, 215
201, 215
200, 215
202, 215
201, 215
200, 215
205, 215
203, 215
211, 215
205, 215
205, 215
180, 215
188, 215
205, 215
203, 215
204, 215
208, 215
197, 215
210, 215
200, 215
204, 215
133, 215
202, 215
155, 215
200, 215
200, 215
202, 215
203, 215
160, 215
202, 215
202, 215
201, 215
209, 215
202, 215
206, 215
131, 215
200, 215
201, 215
204, 215
201, 215
204, 215
205, 215
203, 215
218, 218
144, 218
212, 218
117, 218
200, 218
204, 218
201, 218
200, 218
200, 218
204, 218
211, 218
202, 218
206, 218
200, 218
201, 218
200, 218
207, 218
201, 218
102, 218
207, 218
208, 218
137, 218
200, 218
201, 218
202, 218
200, 218
206, 218
206, 218
201, 218
195, 218
203, 218
200, 218
210, 218
206, 218
200, 218
215, 218
209, 218
201, 218
200, 218
204, 218
203, 218
200, 218
201, 218
204, 218
202, 218
200, 218
204, 218
200, 218
208, 218
203, 218
162, 218
202, 218
205, 218
201, 218
203, 218
200, 218
202, 218
206, 218
205, 218
200, 218
200, 218
204, 218
207, 218
202, 218
200, 218
203, 218
202, 218
200, 218
206, 218
203, 218
202, 218
208, 218
108, 218
202, 218
201, 218
202, 218
201, 218
202, 218
201, 218
201, 218
200, 218
201, 218
202, 218
201, 218
208, 218
201, 218
203, 218
201, 218
207, 218
213, 218
192, 218
201, 218
204, 218
200, 218
203, 218
201, 218
200, 218
170, 218
201, 218
201, 218
204, 218
201, 218
200, 218
200, 218
201, 218
202, 218
200, 218
209, 218
200, 218
201, 218
204, 218
200, 218
204, 218
200, 218
200, 218
204, 218
188, 218
210, 218
204, 218
201, 218
209, 218
201, 218
200, 218
202, 218
182, 218
200, 218
200, 218
210, 218
134, 218
201, 218
201, 218
127, 218
200, 218
207, 218
202, 218
194, 218
203, 218
201, 218
200, 218
203, 218
202, 218
205, 218
201, 218
205, 218
208, 218
206, 218
204, 218
127, 218
206, 218
205, 218
203, 218
202, 218
200, 218
201, 218
202, 218
206, 218
201, 218
207, 218
205, 218
204, 218
201, 218
201, 218
204, 218
204, 218
213, 218
204, 218
200, 218
123, 218
201, 218
207, 218
203, 218
175, 218
201, 218
201, 218
204, 218
200, 218
149, 218
202, 218
204, 218
207, 218
201, 218
200, 218
200, 218
201, 218
207, 218
202, 218
201, 218
202, 218
208, 218
204, 218
191, 218
207, 218
204, 218
164, 218
200, 218
203, 218
204, 218
201, 218
205, 218
203, 218
202, 218
201, 218
200, 218
203, 218
202, 218
202, 218
201, 218
128, 218
203, 218
197, 218
204, 218
200, 218
202, 218
202, 218
210, 218
201, 218
202, 218
202, 218
200, 218
204, 218
205, 218
200, 218
209, 218
200, 218
205, 218
202, 218
201, 218
201, 218
201, 218
127, 218
201, 218
200, 218
200, 218
202, 218
200, 218
202, 218
202, 218
201, 218
203, 218
200, 218
198, 218
204, 218
202, 218
201, 218
204, 218
202, 218
205, 218
203, 218
208, 218
201, 218
203, 218
202, 218
208, 218
200, 218
206, 218
209, 218
200, 218
206, 218
202, 218
148, 218
203, 218
165, 218
203, 218
206, 218
207, 218
204, 218
203, 218
201, 218
201, 218
206, 218
206, 218
200, 218
202, 218
202, 218
200, 218
209, 218
139, 218
204, 218
202, 218
202, 218
204, 218
201, 218
201, 218
201, 218
204, 218
200, 218
204, 218
205, 218
203, 218
202, 218
216, 218
206, 218
210, 218
200, 218
159, 218
205, 218
202, 218
206, 218
205, 218
201, 218
210, 218
202, 218
205, 218
203, 218
205, 218
203, 218
201, 218
206, 218
202, 218
208, 218
200, 218
206, 218
202, 218
200, 218
200, 218
200, 218
200, 218
200, 218
200, 218
203, 218
200, 218
211, 218
170, 218
202, 218
202, 218
202, 218
203, 218
214, 218
202, 218
200, 218
202, 218
204, 218
186, 218
201, 218
205, 218
201, 218
210, 218
200, 218
204, 218
203, 218
203, 218
201, 218
204, 218
203, 218
201, 218
207, 218
202, 218
209, 218
181, 218
202, 218
205, 218
200, 218
201, 218
200, 218
200, 218
154, 218
200, 218
203, 218
200, 218
201, 218
202, 218
204, 218
201, 218
201, 218
209, 218
171, 218
201, 218
206, 218
202, 218
200, 218
202, 218
200, 218
203, 218
212, 218
205, 218
209, 218
204, 218
202, 218
200, 218
201, 218
202, 218
240, 240
201, 240
206, 240
210, 240
200, 240
202, 240
202, 240
205, 240
215, 240
114, 240
202, 240
180, 240
202, 240
200, 240
201, 240
200, 240
201, 240
214, 240
206, 240
201, 240
225, 240
211, 240
136, 240
202, 240
211, 240
222, 240
147, 240
221, 240
211, 240
206, 240
203, 240
204, 240
211, 240
202, 240
211, 240
200, 240
217, 240
208, 240
247, 247
202, 247
207, 247
203, 247
213, 247
209, 247
173, 247
202, 247
202, 247
207, 247
206, 247
208, 247
203, 247
202, 247
200, 247
201, 247
210, 247
204, 247
202, 247
201, 247
210, 247
202, 247
200, 247
214, 247
210, 247
173, 247
201, 247
131, 247
204, 247
200, 247
201, 247
224, 247
215, 247
202, 247
203, 247
216, 247
202, 247
205, 247
205, 247
204, 247
204, 247
201, 247
203, 247
205, 247
200, 247
206, 247
234, 247
200, 247
201, 247
204, 247
205, 247
210, 247
206, 247
200, 247
201, 247
207, 247
202, 247
213, 247
214, 247
209, 247
201, 247
120, 247
207, 247
209, 247
209, 247
204, 247
207, 247
203, 247
200, 247
214, 247
215, 247
181, 247
202, 247
205, 247
200, 247
204, 247
146, 247
201, 247
211, 247
202, 247
207, 247
211, 247
201, 247
206, 247
213, 247
200, 247
203, 247
205, 247
205, 247
139, 247
208, 247
202, 247
201, 247
200, 247
204, 247
204, 247
204, 247
202, 247
202, 247
206, 247
200, 247
202, 247
204, 247
201, 247
202, 247
211, 247
214, 247
166, 247
203, 247
125, 247
200, 247
109, 247
205, 247
201, 247
107, 247
207, 247
209, 247
107, 247
200, 247
200, 247
204, 247
205, 247
206, 247
134, 247
208, 247
216, 247
201, 247
105, 247
200, 247
160, 247
127, 247
110, 247
210, 247
202, 247
201, 247
174, 247
212, 247
201, 247
208, 247
205, 247
223, 247
167, 247
201, 247
165, 247
202, 247
202, 247
205, 247
204, 247
206, 247
200, 247
201, 247
203, 247
206, 247
210, 247
103, 247
200, 247
108, 247
142, 247
207, 247
213, 247
163, 247
205, 247
215, 247
200, 247
142, 247
202, 247
218, 247
207, 247
211, 247
209, 247
202, 247
201, 247
215, 247
201, 247
200, 247
208, 247
207, 247
210, 247
202, 247
205, 247
202, 247
201, 247
205, 247
218, 247
203, 247
203, 247
213, 247
205, 247
192, 247
203, 247
200, 247
201, 247
200, 247
205, 247
211, 247
202, 247
201, 247
205, 247
204, 247
201, 247
204, 247
205, 247
202, 247
200, 247
207, 247
201, 247
211, 247
207, 247
202, 247
208, 247
209, 247
212, 247
201, 247
205, 247
204, 247
205, 247
208, 247
208, 247
202, 247
203, 247
211, 247
202, 247
208, 247
201, 247
200, 247
201, 247
205, 247
202, 247
205, 247
201, 247
202, 247
215, 247
206, 247
206, 247
208, 247
200, 247
209, 247
201, 247
220, 247
208, 247
208, 247
219, 247
143, 247
207, 247
148, 247
206, 247
208, 247
200, 247
202, 247
204, 247
201, 247
220, 247
212, 247
201, 247
127, 247
200, 247
203, 247
203, 247
204, 247
202, 247
209, 247
202, 247
207, 247
202, 247
202, 247
202, 247
208, 247
109, 247
207, 247
203, 247
201, 247
202, 247
205, 247
194, 247
201, 247
207, 247
212, 247
207, 247
200, 247
204, 247
218, 247
220, 247
201, 247
209, 247
202, 247
200, 247
200, 247
102, 247
203, 247
210, 247
211, 247
204, 247
204, 247
205, 247
207, 247
204, 247
212, 247
201, 247
203, 247
202, 247
173, 247
201, 247
201, 247
201, 247
201, 247
201, 247
220, 247
200, 247
204, 247
208, 247
202, 247
202, 247
210, 247
200, 247
204, 247
203, 247
200, 247
223, 247
208, 247
208, 247
213, 247
213, 247
209, 247
201, 247
170, 247
203, 247
211, 247
202, 247
212, 247
208, 247
204, 247
209, 247
201, 247
200, 247
208, 247
211, 247
203, 247
201, 247
134, 247
211, 247
201, 247
205, 247
201, 247
201, 247
202, 247
201, 247
203, 247
200, 247
211, 247
201, 247
210, 247
124, 247
214, 247
202, 247
209, 247
208, 247
206, 247
203, 247
194, 247
208, 247
131, 247
203, 247
205, 247
164, 247
203, 247
201, 247
205, 247
205, 247
200, 247
206, 247
206, 247
205, 247
211, 247
210, 247
205, 247
202, 247
203, 247
202, 247
217, 247
103, 247
204, 247
209, 247
217, 247
124, 247
200, 247
200, 247
203, 247
205, 247
191, 247
203, 247
207, 247
211, 247
205, 247
201, 247
191, 247
210, 247
203, 247
213, 247
173, 247
200, 247
201, 247
204, 247
148, 247
203, 247
200, 247
210, 247
212, 247
201, 247
200, 247
202, 247
205, 247
171, 247
205, 247
205, 247
205, 247
211, 247
204, 247
203, 247
212, 247
201, 247
205, 247
204, 247
207, 247
186, 247
213, 247
206, 247
202, 247
206, 247
207, 247
201, 247
211, 247
171, 247
205, 247
201, 247
208, 247
201, 247
203, 247
210, 247
203, 247
201, 247
200, 247
202, 247
202, 247
203, 247
221, 247
214, 247
207, 247
202, 247
200, 247
124, 247
200, 247
201, 247
202, 247
205, 247
205, 247
205, 247
205, 247
214, 247
159, 247
202, 247
205, 247
116, 247
206, 247
201, 247
209, 247
112, 247
205, 247
203, 247
201, 247
209, 247
200, 247
209, 247
212, 247
200, 247
202, 247
200, 247
201, 247
203, 247
207, 247
200, 247
202, 247
201, 247
144, 247
207, 247
214, 247
204, 247
202, 247
208, 247
201, 247
204, 247
210, 247
203, 247
200, 247
200, 247
200, 247
202, 247
204, 247
151, 247
201, 247
202, 247
200, 247
201, 247
204, 247
203, 247
201, 247
200, 247
211, 247
203, 247
203, 247
201, 247
202, 247
201, 247
214, 247
143, 247
204, 247
202, 247
209, 247
202, 247
210, 247
210, 247
201, 247
207, 247
207, 247
203, 247
205, 247
211, 247
227, 247
201, 247
232, 247
200, 247
208, 247
205, 247
208, 247
203, 247
166, 247
224, 247
202, 247
202, 247
201, 247
201, 247
203, 247
191, 247
106, 247
206, 247
201, 247
206, 247
201, 247
212, 247
226, 247
203, 247
205, 247
201, 247
205, 247
203, 247
206, 247
208, 247
200, 247
203, 247
202, 247
205, 247
205, 247
108, 247
205, 247
203, 247
202, 247
209, 247
205, 247
202, 247
207, 247
209, 247
201, 247
202, 247
201, 247
202, 247
159, 247
134, 247
200, 247
203, 247
204, 247
218, 247
200, 247
203, 247
204, 247
205, 247
200, 247
201, 247
213, 247
203, 247
210, 247
203, 247
200, 247
206, 247
165, 247
207, 247
219, 247
204, 247
201, 247
106, 247
215, 247
213, 247
202, 247
207, 247
210, 247
190, 247
209, 247
201, 247
200, 247
192, 247
206, 247
202, 247
203, 247
212, 247
203, 247
204, 247
201, 247
208, 247
212, 247
201, 247
203, 247
200, 247
200, 247
202, 247
208, 247
214, 247
202, 247
204, 247
219, 247
203, 247
213, 247
207, 247
205, 247
213, 247
208, 247
201, 247
206, 247
201, 247
206, 247
204, 247
106, 247
224, 247
205, 247
208, 247
206, 247
210, 247
205, 247
201, 247
202, 247
217, 247
206, 247
204, 247
201, 247
200, 247
203, 247
204, 247
147, 247
202, 247
202, 247
206, 247
138, 247
204, 247
167, 247
202, 247
201, 247
206, 247
201, 247
217, 247
162, 247
204, 247
200, 247
208, 247
202, 247
203, 247
202, 247
201, 247
203, 247
205, 247
204, 247
203, 247
204, 247
206, 247
211, 247
203, 247
207, 247
223, 247
203, 247
204, 247
200, 247
203, 247
162, 247
192, 247
205, 247
207, 247
200, 247
170, 247
203, 247
203, 247
207, 247
209, 247
208, 247
206, 247
214, 247
213, 247
153, 247
202, 247
200, 247
201, 247
200, 247
201, 247
202, 247
201, 247
209, 247
202, 247
217, 247
206, 247
200, 247
203, 247
204, 247
202, 247
216, 247
205, 247
205, 247
157, 247
202, 247
202, 247
202, 247
201, 247
204, 247
200, 247
205, 247
200, 247
208, 247
213, 247
201, 247
207, 247
208, 247
205, 247
115, 247
221, 247
200, 247
208, 247
189, 247
202, 247
207, 247
209, 247
205, 247
201, 247
209, 247
221, 247
200, 247
203, 247
204, 247
200, 247
200, 247
203, 247
206, 247
157, 247
202, 247
200, 247
205, 247
202, 247
204, 247
204, 247
217, 247
205, 247
211, 247
203, 247
127, 247
207, 247
201, 247
207, 247
207, 247
210, 247
203, 247
196, 247
208, 247
212, 247
200, 247
213, 247
205, 247
204, 247
204, 247
203, 247
202, 247
214, 247
200, 247
210, 247
200, 247
205, 247
213, 247
202, 247
203, 247
201, 247
210, 247
200, 247
202, 247
187, 247
201, 247
205, 247
202, 247
216, 247
206, 247
204, 247
201, 247
206, 247
202, 247
199, 247
202, 247
209, 247
238, 247
206, 247
207, 247
203, 247
200, 247
202, 247
203, 247
202, 247
121, 247
204, 247
203, 247
202, 247
205, 247
200, 247
206, 247
201, 247
205, 247
214, 247
202, 247
209, 247
204, 247
204, 247
136, 247
205, 247
200, 247
202, 247
192, 247
201, 247
201, 247
217, 247
203, 247
204, 247
205, 247
200, 247
204, 247
205, 247
206, 247
210, 247
205, 247
202, 247
200, 247
134, 247
207, 247
212, 247
121, 247
200, 247
204, 247
204, 247
200, 247
207, 247
209, 247
206, 247
203, 247
203, 247
200, 247
167, 247
205, 247
202, 247
208, 247
208, 247
202, 247
204, 247
205, 247
206, 247
200, 247
202, 247
200, 247
202, 247
200, 247
202, 247
203, 247
200, 247
203, 247
217, 247
200, 247
203, 247
204, 247
202, 247
216, 247
211, 247
203, 247
207, 247
203, 247
205, 247
207, 247
204, 247
152, 247
200, 247
193, 247
200, 247
204, 247
201, 247
201, 247
201, 247
200, 247
207, 247
202, 247
212, 247
207, 247
200, 247
212, 247
201, 247
227, 247
206, 247
203, 247
207, 247
208, 247
202, 247
208, 247
204, 247
203, 247
202, 247
207, 247
200, 247
208, 247
202, 247
201, 247
202, 247
215, 247
201, 247
206, 247
207, 247
208, 247
209, 247
202, 247
202, 247
217, 247
213, 247
200, 247
220, 247
201, 247
204, 247
200, 247
207, 247
204, 247
207, 247
200, 247
209, 247
200, 247
203, 247
214, 247
205, 247
161, 247
210, 247
201, 247
203, 247
215, 247
210, 247
216, 247
202, 247
200, 247
208, 247
205, 247
202, 247
202, 247
208, 247
202, 247
204, 247
202, 247
203, 247
202, 247
204, 247
230, 247
201, 247
208, 247
200, 247
211, 247
201, 247
203, 247
203, 247
242, 247
202, 247
216, 247
215, 247
204, 247
201, 247
201, 247
207, 247
203, 247
210, 247
218, 247
216, 247
201, 247
203, 247
202, 247
202, 247
205, 247
124, 247
203, 247
203, 247
215, 247
201, 247
212, 247
207, 247
203, 247
200, 247
205, 247
211, 247
200, 247
204, 247
200, 247
207, 247
200, 247
206, 247
214, 247
200, 247
201, 247
200, 247
209, 247
205, 247
201, 247
204, 247
116, 247
205, 247
200, 247
204, 247
201, 247
201, 247
204, 247
221, 247
210, 247
203, 247
223, 247
203, 247
200, 247
200, 247
212, 247
212, 247
201, 247
205, 247
207, 247
203, 247
202, 247
201, 247
202, 247
204, 247
214, 247
203, 247
200, 247
204, 247
201, 247
201, 247
157, 247
214, 247
208, 247
203, 247
217, 247
203, 247
204, 247
202, 247
213, 247
202, 247
203, 247
201, 247
203, 247
205, 247
201, 247
200, 247
200, 247
200, 247
200, 247
184, 247
200, 247
203, 247
200, 247
202, 247
200, 247
205, 247
173, 247
127, 247
200, 247
202, 247
202, 247
205, 247
179, 247
200, 247
206, 247
200, 247
208, 247
210, 247
202, 247
201, 247
206, 247
201, 247
205, 247
204, 247
176, 247
190, 247
205, 247
201, 247
200, 247
216, 247
170, 247
201, 247
202, 247
203, 247
200, 247
201, 247
207, 247
211, 247
202, 247
166, 247
143, 247
201, 247
203, 247
210, 247
203, 247
200, 247
161, 247
205, 247
215, 247
201, 247
208, 247
218, 247
201, 247
201, 247
209, 247
210, 247
212, 247
202, 247
202, 247
205, 247
208, 247
200, 247
203, 247
201, 247
206, 247
203, 247
201, 247
205, 247
203, 247
209, 247
202, 247
201, 247
200, 247
109, 247
202, 247
202, 247
209, 247
160, 247
201, 247
119, 247
213, 247
200, 247
108, 247
210, 247
205, 247
213, 247
219, 247
200, 247
203, 247
203, 247
207, 247
144, 247
212, 247
208, 247
113, 247
211, 247
116, 247
220, 247
175, 247
219, 247
205, 247
210, 247
206, 247
208, 247
202, 247
201, 247
202, 247
207, 247
210, 247
202, 247
206, 247
205, 247
200, 247
202, 247
217, 247
202, 247
209, 247
212, 247
207, 247
215, 247
205, 247
207, 247
177, 247
206, 247
211, 247
201, 247
204, 247
201, 247
202, 247
202, 247
196, 247
202, 247
204, 247
200, 247
205, 247
202, 247
201, 247
242, 247
201, 247
203, 247
223, 247
206, 247
202, 247
204, 247
110, 247
200, 247
120, 247
207, 247
200, 247
200, 247
205, 247
200, 247
204, 247
210, 247
208, 247
203, 247
202, 247
203, 247
204, 247
109, 247
206, 247
202, 247
201, 247
201, 247
204, 247
208, 247
215, 247
205, 247
201, 247
205, 247
201, 247
201, 247
202, 247
201, 247
213, 247
202, 247
207, 247
210, 247
205, 247
200, 247
202, 247
200, 247
202, 247
200, 247
200, 247
208, 247
200, 247
201, 247
213, 247
209, 247
172, 247
202, 247
204, 247
204, 247
213, 247
211, 247
209, 247
204, 247
235, 247
217, 247
204, 247
202, 247
204, 247
208, 247
206, 247
201, 247
206, 247
200, 247
219, 247
169, 247
217, 247
153, 247
201, 247
121, 247
201, 247
202, 247
202, 247
201, 247
145, 247
202, 247
116, 247
205, 247
205, 247
190, 247
201, 247
204, 247
213, 247
202, 247
201, 247
201, 247
208, 247
189, 247
210, 247
207, 247
221, 247
208, 247
102, 247
172, 247
200, 247
205, 247
208, 247
207, 247
201, 247
201, 247
208, 247
216, 247
201, 247
218, 247
202, 247
203, 247
204, 247
202, 247
203, 247
209, 247
202, 247
209, 247
203, 247
207, 247
208, 247
200, 247
207, 247
206, 247
209, 247
200, 247
202, 247
207, 247
201, 247
202, 247
213, 247
200, 247
202, 247
214, 247
225, 247
205, 247
170, 247
200, 247
207, 247
202, 247
202, 247
210, 247
204, 247
204, 247
203, 247
201, 247
172, 247
210, 247
210, 247
201, 247
206, 247
200, 247
209, 247
145, 247
153, 247
204, 247
214, 247
201, 247
210, 247
209, 247
206, 247
206, 247
200, 247
201, 247
203, 247
203, 247
200, 247
198, 247
202, 247
204, 247
159, 247
206, 247
203, 247
188, 247
207, 247
210, 247
211, 247
203, 247
192, 247
207, 247
203, 247
201, 247
201, 247
205, 247
220, 247
200, 247
204, 247
208, 247
131, 247
212, 247
200, 247
203, 247
209, 247
214, 247
261, 261
272, 272
243, 272
104, 272
201, 272
200, 272
201, 272
172, 272
210, 272
200, 272
211, 272
300, 300
253, 300
201, 300
221, 300
289, 300
222, 300
218, 300
152, 300
209, 300
237, 300
255, 300
213, 300
200, 300
235, 300
206, 300
201, 300
207, 300
205, 300
196, 300
251, 300
204, 300
203, 300
204, 300
210, 300
208, 300
222, 300
214, 300
187, 300
138, 300
216, 300
202, 300
224, 300
222, 300
252, 300
295, 300
203, 300
217, 300
202, 300
212, 300
262, 300
210, 300
215, 300
275, 300
137, 300
226, 300
219, 300
224, 300
235, 300
256, 300
204, 300
200, 300
279, 300
214, 300
254, 300
201, 300
224, 300
289, 300
270, 300
219, 300
217, 300
200, 300
202, 300
224, 300
204, 300
229, 300
260, 300
210, 300
230, 300
233, 300
210, 300
213, 300
216, 300
214, 300
227, 300
240, 300
201, 300
202, 300
204, 300
210, 300
218, 300
201, 300
210, 300
215, 300
231, 300
211, 300
215, 300
202, 300
200, 300
217, 300
209, 300
214, 300
220, 300
211, 300
204, 300
232, 300
212, 300
219, 300
208, 300
240, 300
223, 300
209, 300
204, 300
257, 300
222, 300
246, 300
252, 300
205, 300
204, 300
243, 300
219, 300
220, 300
201, 300
206, 300
200, 300
253, 300
206, 300
210, 300
223, 300
221, 300
220, 300
213, 300
204, 300
259, 300
203, 300
239, 300
207, 300
228, 300
230, 300
228, 300
215, 300
218, 300
200, 300
215, 300
216, 300
230, 300
208, 300
201, 300
212, 300
200, 300
200, 300
215, 300
218, 300
202, 300
273, 300
202, 300
212, 300
222, 300
145, 300
195, 300
200, 300
228, 300
205, 300
204, 300
212, 300
268, 300
223, 300
209, 300
245, 300
201, 300
202, 300
210, 300
201, 300
114, 300
209, 300
210, 300
208, 300
131, 300
230, 300
225, 300
271, 300
204, 300
204, 300
231, 300
217, 300
221, 300
230, 300
213, 300
231, 300
211, 300
218, 300
219, 300
211, 300
212, 300
250, 300
206, 300
241, 300
202, 300
264, 300
151, 300
214, 300
308, 308
210, 308
200, 308
206, 308
213, 308
272, 308
217, 308
222, 308
205, 308
222, 308
200, 308
225, 308
224, 308
201, 308
227, 308
255, 308
208, 308
249, 308
252, 308
208, 308
208, 308
215, 308
219, 308
233, 308
202, 308
203, 308
223, 308
207, 308
224, 308
223, 308
205, 308
220, 308
212, 308
220, 308
200, 308
210, 308
217, 308
227, 308
212, 308
209, 308
219, 308
203, 308
201, 308
213, 308
218, 308
289, 308
235, 308
260, 308
203, 308
202, 308
201, 308
112, 308
214, 308
211, 308
253, 308
213, 308
205, 308
203, 308
222, 308
212, 308
202, 308
214, 308
205, 308
200, 308
216, 308
217, 308
209, 308
203, 308
218, 308
201, 308
202, 308
230, 308
235, 308
211, 308
206, 308
212, 308
242, 308
261, 308
257, 308
216, 308
216, 308
201, 308
276, 308
263, 308
222, 308
211, 308
211, 308
223, 308
222, 308
206, 308
233, 308
208, 308
211, 308
203, 308
207, 308
200, 308
206, 308
178, 308
201, 308
200, 308
220, 308
157, 308
227, 308
256, 308
203, 308
240, 308
208, 308
202, 308
222, 308
208, 308
218, 308
205, 308
237, 308
235, 308
226, 308
207, 308
210, 308
203, 308
227, 308
211, 308
231, 308
229, 308
227, 308
214, 308
205, 308
195, 308
210, 308
200, 308
232, 308
202, 308
292, 308
204, 308
225, 308
196, 308
220, 308
231, 308
219, 308
204, 308
254, 308
216, 308
239, 308
201, 308
205, 308
220, 308
205, 308
234, 308
213, 308
201, 308
224, 308
202, 308
226, 308
146, 308
210, 308
224, 308
300, 308
207, 308
302, 308
215, 308
213, 308
135, 308
202, 308
216, 308
206, 308
200, 308
201, 308
202, 308
202, 308
230, 308
212, 308
237, 308
237, 308
227, 308
208, 308
224, 308
253, 308
202, 308
204, 308
222, 308
205, 308
207, 308
230, 308
202, 308
201, 308
207, 308
209, 308
205, 308
239, 308
204, 308
303, 308
124, 308
214, 308
212, 308
201, 308
219, 308
214, 308
211, 308
224, 308
212, 308
237, 308
200, 308
201, 308
206, 308
214, 308
226, 308
200, 308
201, 308
263, 308
204, 308
235, 308
200, 308
219, 308
229, 308
226, 308
203, 308
213, 308
212, 308
230, 308
205, 308
200, 308
183, 308
211, 308
252, 308
234, 308
223, 308
221, 308
234, 308
222, 308
212, 308
193, 308
215, 308
210, 308
223, 308
260, 308
218, 308
207, 308
231, 308
209, 308
208, 308
204, 308
217, 308
211, 308
200, 308
246, 308
218, 308
210, 308
203, 308
105, 308
216, 308
209, 308
251, 308
215, 308
291, 308
214, 308
210, 308
225, 308
202, 308
206, 308
214, 308
260, 308
216, 308
207, 308
219, 308
213, 308
231, 308
207, 308
217, 308
252, 308
235, 308
205, 308
300, 308
203, 308
203, 308
209, 308
225, 308
252, 308
249, 308
207, 308
245, 308
212, 308
232, 308
204, 308
197, 308
214, 308
206, 308
204, 308
238, 308
221, 308
200, 308
202, 308
200, 308
201, 308
209, 308
217, 308
202, 308
261, 308
248, 308
221, 308
208, 308
126, 308
201, 308
200, 308
203, 308
211, 308
210, 308
210, 308
189, 308
301, 308
213, 308
205, 308
189, 308
204, 308
204, 308
206, 308
219, 308
212, 308
218, 308
213, 308
225, 308
250, 308
210, 308
200, 308
211, 308
200, 308
245, 308
262, 308
209, 308
203, 308
206, 308
259, 308
228, 308
200, 308
210, 308
278, 308
229, 308
201, 308
208, 308
226, 308
222, 308
208, 308
205, 308
211, 308
216, 308
200, 308
216, 308
116, 308
201, 308
208, 308
204, 308
205, 308
246, 308
211, 308
143, 308
221, 308
203, 308
205, 308
250, 308
210, 308
212, 308
227, 308
204, 308
125, 308
204, 308
257, 308
166, 308
238, 308
234, 308
259, 308
242, 308
114, 308
301, 308
211, 308
205, 308
233, 308
202, 308
217, 308
206, 308
211, 308
204, 308
237, 308
227, 308
229, 308
223, 308
204, 308
220, 308
219, 308
201, 308
207, 308
208, 308
206, 308
205, 308
200, 308
252, 308
206, 308
201, 308
200, 308
215, 308
228, 308
246, 308
157, 308
213, 308
209, 308
229, 308
220, 308
212, 308
272, 308
222, 308
207, 308
239, 308
225, 308
247, 308
128, 308
233, 308
202, 308
207, 308
205, 308
203, 308
201, 308
152, 308
203, 308
209, 308
203, 308
205, 308
206, 308
230, 308
300, 308
187, 308
126, 308
214, 308
259, 308
228, 308
207, 308
202, 308
205, 308
205, 308
208, 308
206, 308
221, 308
214, 308
226, 308
224, 308
207, 308
217, 308
202, 308
203, 308
211, 308
209, 308
201, 308
227, 308
200, 308
211, 308
208, 308
229, 308
259, 308
206, 308
211, 308
229, 308
235, 308
205, 308
211, 308
110, 308
210, 308
264, 308
200, 308
210, 308
213, 308
214, 308
260, 308
269, 308
211, 308
256, 308
207, 308
222, 308
204, 308
205, 308
236, 308
204, 308
211, 308
203, 308
212, 308
265, 308
200, 308
280, 308
200, 308
200, 308
201, 308
220, 308
200, 308
213, 308
208, 308
206, 308
300, 308
225, 308
216, 308
204, 308
255, 308
231, 308
171, 308
202, 308
223, 308
200, 308
118, 308
211, 308
203, 308
226, 308
212, 308
222, 308
211, 308
200, 308
208, 308
203, 308
207, 308
207, 308
204, 308
211, 308
221, 308
195, 308
210, 308
218, 308
229, 308
103, 308
204, 308
115, 308
205, 308
201, 308
200, 308
230, 308
204, 308
208, 308
208, 308
221, 308
220, 308
201, 308
231, 308
215, 308
139, 308
249, 308
200, 308
203, 308
297, 308
226, 308
215, 308
200, 308
201, 308
229, 308
248, 308
210, 308
258, 308
201, 308
207, 308
180, 308
204, 308
212, 308
258, 308
217, 308
223, 308
213, 308
163, 308
215, 308
218, 308
225, 308
220, 308
236, 308
155, 308
236, 308
215, 308
214, 308
202, 308
201, 308
200, 308
138, 308
231, 308
206, 308
222, 308
131, 308
239, 308
199, 308
200, 308
128, 308
301, 308
169, 308
210, 308
206, 308
224, 308
204, 308
220, 308
206, 308
203, 308
210, 308
206, 308
176, 308
213, 308
245, 308
212, 308
221, 308
206, 308
211, 308
231, 308
232, 308
217, 308
202, 308
231, 308
106, 308
121, 308
208, 308
200, 308
200, 308
210, 308
214, 308
201, 308
221, 308
210, 308
205, 308
263, 308
163, 308
142, 308
254, 308
216, 308
201, 308
214, 308
146, 308
158, 308
202, 308
204, 308
224, 308
229, 308
204, 308
137, 308
204, 308
202, 308
201, 308
211, 308
255, 308
146, 308
225, 308
236, 308
202, 308
223, 308
202, 308
216, 308
234, 308
200, 308
203, 308
227, 308
216, 308
226, 308
212, 308
200, 308
201, 308
228, 308
247, 308
209, 308
206, 308
244, 308
214, 308
228, 308
206, 308
228, 308
209, 308
205, 308
218, 308
209, 308
207, 308
214, 308
215, 308
204, 308
212, 308
243, 308
279, 308
246, 308
217, 308
213, 308
300, 308
202, 308
266, 308
212, 308
208, 308
207, 308
202, 308
209, 308
205, 308
290, 308
168, 308
212, 308
242, 308
204, 308
211, 308
225, 308
201, 308
213, 308
228, 308
202, 308
260, 308
219, 308
201, 308
202, 308
210, 308
225, 308
232, 308
211, 308
205, 308
202, 308
230, 308
262, 308
200, 308
171, 308
105, 308
133, 308
206, 308
239, 308
114, 308
208, 308
205, 308
209, 308
247, 308
206, 308
221, 308
114, 308
217, 308
206, 308
233, 308
249, 308
209, 308
122, 308
221, 308
208, 308
203, 308
228, 308
236, 308
201, 308
201, 308
207, 308
173, 308
211, 308
209, 308
215, 308
230, 308
215, 308
232, 308
201, 308
194, 308
224, 308
219, 308
200, 308
202, 308
173, 308
202, 308
213, 308
270, 308
216, 308
210, 308
199, 308
205, 308
205, 308
210, 308
218, 308
250, 308
207, 308
209, 308
204, 308
201, 308
207, 308
198, 308
200, 308
236, 308
217, 308
200, 308
228, 308
205, 308
231, 308
203, 308
202, 308
226, 308
252, 308
244, 308
102, 308
203, 308
106, 308
219, 308
203, 308
215, 308
254, 308
203, 308
203, 308
210, 308
203, 308
207, 308
200, 308
240, 308
218, 308
200, 308
217, 308
291, 308
207, 308
221, 308
260, 308
218, 308
160, 308
201, 308
211, 308
197, 308
243, 308
294, 308
231, 308
216, 308
200, 308
201, 308
209, 308
274, 308
223, 308
201, 308
111, 308
204, 308
170, 308
225, 308
211, 308
228, 308
250, 308
207, 308
211, 308
213, 308
204, 308
250, 308
203, 308
205, 308
232, 308
217, 308
204, 308
104, 308
217, 308
211, 308
224, 308
216, 308
207, 308
208, 308
211, 308
237, 308
219, 308
230, 308
236, 308
202, 308
200, 308
202, 308
228, 308
208, 308
257, 308
241, 308
201, 308
208, 308
225, 308
201, 308
245, 308
201, 308
206, 308
204, 308
242, 308
171, 308
217, 308
218, 308
220, 308
200, 308
214, 308
218, 308
230, 308
258, 308
208, 308
203, 308
251, 308
215, 308
170, 308
223, 308
200, 308
236, 308
225, 308
201, 308
215, 308
205, 308
220, 308
220, 308
202, 308
214, 308
204, 308
202, 308
242, 308
238, 308
201, 308
210, 308
222, 308
224, 308
219, 308
219, 308
208, 308
218, 308
208, 308
202, 308
226, 308
205, 308
202, 308
223, 308
207, 308
148, 308
216, 308
248, 308
206, 308
228, 308
214, 308
237, 308
157, 308
224, 308
231, 308
236, 308
224, 308
284, 308
225, 308
200, 308
234, 308
207, 308
202, 308
241, 308
205, 308
229, 308
122, 308
201, 308
127, 308
224, 308
221, 308
211, 308
215, 308
201, 308
218, 308
207, 308
206, 308
201, 308
209, 308
204, 308
217, 308
210, 308
212, 308
210, 308
177, 308
186, 308
135, 308
213, 308
301, 308
127, 308
200, 308
209, 308
203, 308
211, 308
204, 308
265, 308
211, 308
205, 308
234, 308
200, 308
210, 308
214, 308
212, 308
229, 308
179, 308
201, 308
242, 308
234, 308
208, 308
216, 308
242, 308
210, 308
211, 308
112, 308
184, 308
202, 308
172, 308
205, 308
203, 308
279, 308
245, 308
208, 308
227, 308
214, 308
213, 308
245, 308
254, 308
210, 308
224, 308
218, 308
206, 308
205, 308
201, 308
201, 308
225, 308
211, 308
211, 308
204, 308
225, 308
264, 308
218, 308
212, 308
203, 308
205, 308
241, 308
204, 308
209, 308
201, 308
209, 308
121, 308
230, 308
222, 308
212, 308
306, 308
215, 308
200, 308
202, 308
233, 308
301, 308
205, 308
108, 308
203, 308
200, 308
239, 308
225, 308
223, 308
119, 308
246, 308
213, 308
194, 308
216, 308
226, 308
236, 308
239, 308
201, 308
207, 308
205, 308
197, 308
221, 308
202, 308
218, 308
225, 308
231, 308
221, 308
262, 308
181, 308
240, 308
200, 308
209, 308
205, 308
223, 308
218, 308
216, 308
202, 308
248, 308
213, 308
236, 308
203, 308
218, 308
214, 308
248, 308
212, 308
216, 308
225, 308
203, 308
200, 308
145, 308
211, 308
200, 308
213, 308
202, 308
225, 308
203, 308
214, 308
210, 308
208, 308
267, 308
278, 308
260, 308
301, 308
225, 308
169, 308
285, 308
206, 308
252, 308
255, 308
221, 308
205, 308
171, 308
210, 308
219, 308
223, 308
129, 308
200, 308
302, 308
271, 308
230, 308
216, 308
215, 308
227, 308
209, 308
203, 308
202, 308
243, 308
230, 308
205, 308
214, 308
200, 308
200, 308
205, 308
213, 308
223, 308
107, 308
206, 308
238, 308
200, 308
212, 308
206, 308
206, 308
235, 308
205, 308
217, 308
204, 308
223, 308
230, 308
201, 308
206, 308
215, 308
115, 308
201, 308
270, 308
219, 308
217, 308
108, 308
200, 308
134, 308
200, 308
214, 308
209, 308
236, 308
245, 308
183, 308
230, 308
211, 308
234, 308
185, 308
200, 308
258, 308
214, 308
168, 308
228, 308
210, 308
236, 308
214, 308
232, 308
205, 308
241, 308
201, 308
217, 308
201, 308
275, 308
217, 308
224, 308
212, 308
244, 308
206, 308
205, 308
203, 308
234, 308
240, 308
118, 308
201, 308
212, 308
200, 308
201, 308
103, 308
200, 308
208, 308
254, 308
227, 308
222, 308
207, 308
177, 308
215, 308
201, 308
307, 308
212, 308
204, 308
219, 308
208, 308
264, 308
134, 308
212, 308
229, 308
206, 308
214, 308
277, 308
238, 308
230, 308
203, 308
223, 308
249, 308
195, 308
289, 308
209, 308
206, 308
