#Algorithm: Qlearning, Speed: 1, Boost: 5, PM: False, Env size: (20, 20), Car size: (6, 5),
#Counter: 10000000, Nsteps: 10000000, Gamma: 1, LearnRate: 0.01, Eps: 0.5, Epsdecay: 0.9
0, 0
0, 0
0, 0
1, 1
1, 1
1, 1
0, 1
2, 2
2, 2
0, 2
0, 2
2, 2
1, 2
0, 2
1, 2
0, 2
0, 2
0, 2
0, 2
0, 2
1, 2
1, 2
1, 2
1, 2
3, 3
2, 3
1, 3
1, 3
4, 4
1, 4
1, 4
2, 4
5, 5
1, 5
4, 5
1, 5
1, 5
3, 5
2, 5
3, 5
2, 5
1, 5
1, 5
2, 5
3, 5
0, 5
0, 5
1, 5
0, 5
3, 5
3, 5
5, 5
3, 5
4, 5
5, 5
5, 5
6, 6
4, 6
4, 6
1, 6
1, 6
1, 6
3, 6
0, 6
0, 6
0, 6
1, 6
4, 6
4, 6
3, 6
3, 6
3, 6
5, 6
1, 6
1, 6
4, 6
1, 6
0, 6
1, 6
4, 6
3, 6
4, 6
0, 6
1, 6
2, 6
2, 6
0, 6
4, 6
2, 6
1, 6
4, 6
1, 6
10, 10
1, 10
1, 10
1, 10
1, 10
5, 10
18, 18
2, 18
4, 18
0, 18
3, 18
2, 18
0, 18
5, 18
0, 18
2, 18
2, 18
3, 18
3, 18
6, 18
5, 18
8, 18
2, 18
9, 18
2, 18
0, 18
0, 18
0, 18
2, 18
4, 18
5, 18
2, 18
8, 18
3, 18
2, 18
2, 18
4, 18
12, 18
1, 18
4, 18
7, 18
1, 18
2, 18
1, 18
1, 18
1, 18
4, 18
3, 18
6, 18
2, 18
2, 18
2, 18
13, 18
2, 18
4, 18
2, 18
3, 18
3, 18
0, 18
0, 18
2, 18
4, 18
7, 18
2, 18
4, 18
5, 18
2, 18
3, 18
3, 18
1, 18
1, 18
0, 18
4, 18
2, 18
0, 18
4, 18
3, 18
0, 18
1, 18
5, 18
2, 18
3, 18
1, 18
1, 18
2, 18
5, 18
14, 18
13, 18
6, 18
0, 18
16, 18
8, 18
1, 18
2, 18
3, 18
2, 18
1, 18
0, 18
2, 18
1, 18
3, 18
12, 18
3, 18
17, 18
10, 18
3, 18
4, 18
3, 18
3, 18
2, 18
1, 18
4, 18
8, 18
1, 18
0, 18
1, 18
2, 18
1, 18
1, 18
0, 18
6, 18
0, 18
2, 18
8, 18
4, 18
0, 18
1, 18
3, 18
10, 18
6, 18
3, 18
8, 18
5, 18
13, 18
6, 18
5, 18
3, 18
3, 18
1, 18
3, 18
8, 18
13, 18
4, 18
1, 18
7, 18
5, 18
1, 18
6, 18
4, 18
3, 18
7, 18
2, 18
2, 18
7, 18
0, 18
4, 18
1, 18
1, 18
1, 18
5, 18
8, 18
3, 18
5, 18
3, 18
5, 18
3, 18
1, 18
13, 18
0, 18
0, 18
2, 18
8, 18
8, 18
4, 18
1, 18
1, 18
6, 18
3, 18
2, 18
7, 18
4, 18
8, 18
0, 18
3, 18
6, 18
13, 18
9, 18
6, 18
6, 18
5, 18
8, 18
0, 18
3, 18
2, 18
3, 18
1, 18
7, 18
1, 18
9, 18
12, 18
1, 18
4, 18
2, 18
1, 18
1, 18
5, 18
3, 18
1, 18
6, 18
3, 18
12, 18
3, 18
2, 18
1, 18
1, 18
2, 18
3, 18
2, 18
11, 18
2, 18
3, 18
2, 18
6, 18
7, 18
3, 18
3, 18
6, 18
2, 18
8, 18
1, 18
3, 18
7, 18
0, 18
9, 18
9, 18
2, 18
2, 18
2, 18
12, 18
11, 18
4, 18
2, 18
7, 18
2, 18
3, 18
9, 18
5, 18
3, 18
5, 18
11, 18
12, 18
0, 18
1, 18
3, 18
3, 18
19, 19
3, 19
3, 19
11, 19
5, 19
1, 19
4, 19
2, 19
19, 19
14, 19
4, 19
6, 19
2, 19
3, 19
3, 19
8, 19
6, 19
1, 19
6, 19
4, 19
4, 19
3, 19
2, 19
4, 19
4, 19
0, 19
8, 19
3, 19
10, 19
1, 19
1, 19
4, 19
0, 19
2, 19
18, 19
0, 19
8, 19
6, 19
5, 19
8, 19
10, 19
2, 19
4, 19
4, 19
8, 19
14, 19
5, 19
10, 19
13, 19
10, 19
12, 19
8, 19
17, 19
5, 19
4, 19
4, 19
4, 19
0, 19
18, 19
4, 19
6, 19
3, 19
5, 19
3, 19
22, 22
10, 22
12, 22
1, 22
2, 22
12, 22
0, 22
11, 22
2, 22
1, 22
5, 22
7, 22
5, 22
9, 22
7, 22
6, 22
2, 22
1, 22
3, 22
1, 22
2, 22
11, 22
1, 22
3, 22
1, 22
27, 27
19, 27
3, 27
7, 27
3, 27
10, 27
8, 27
1, 27
6, 27
6, 27
8, 27
4, 27
7, 27
30, 30
10, 30
8, 30
2, 30
8, 30
5, 30
0, 30
8, 30
0, 30
7, 30
2, 30
6, 30
17, 30
3, 30
2, 30
7, 30
12, 30
7, 30
12, 30
1, 30
2, 30
11, 30
19, 30
4, 30
7, 30
11, 30
2, 30
1, 30
2, 30
9, 30
5, 30
6, 30
11, 30
0, 30
7, 30
5, 30
3, 30
7, 30
15, 30
11, 30
13, 30
6, 30
7, 30
3, 30
5, 30
22, 30
17, 30
12, 30
6, 30
6, 30
1, 30
1, 30
2, 30
2, 30
4, 30
10, 30
3, 30
1, 30
4, 30
9, 30
4, 30
15, 30
4, 30
7, 30
4, 30
10, 30
4, 30
6, 30
2, 30
17, 30
7, 30
5, 30
2, 30
12, 30
2, 30
4, 30
4, 30
7, 30
11, 30
4, 30
17, 30
15, 30
14, 30
1, 30
2, 30
5, 30
2, 30
2, 30
4, 30
3, 30
10, 30
1, 30
4, 30
3, 30
3, 30
7, 30
1, 30
7, 30
5, 30
5, 30
4, 30
2, 30
1, 30
3, 30
10, 30
12, 30
21, 30
1, 30
1, 30
6, 30
0, 30
4, 30
3, 30
14, 30
5, 30
9, 30
9, 30
4, 30
2, 30
8, 30
4, 30
1, 30
2, 30
13, 30
25, 30
18, 30
5, 30
16, 30
8, 30
19, 30
19, 30
33, 33
11, 33
7, 33
0, 33
6, 33
4, 33
1, 33
12, 33
2, 33
8, 33
5, 33
4, 33
4, 33
1, 33
10, 33
27, 33
7, 33
7, 33
11, 33
12, 33
12, 33
7, 33
3, 33
1, 33
3, 33
8, 33
4, 33
7, 33
14, 33
5, 33
12, 33
5, 33
11, 33
22, 33
2, 33
1, 33
6, 33
1, 33
0, 33
1, 33
0, 33
3, 33
1, 33
2, 33
8, 33
37, 37
5, 37
1, 37
19, 37
6, 37
2, 37
5, 37
14, 37
10, 37
6, 37
11, 37
6, 37
7, 37
9, 37
9, 37
13, 37
5, 37
13, 37
28, 37
13, 37
2, 37
0, 37
11, 37
2, 37
6, 37
6, 37
0, 37
7, 37
1, 37
3, 37
6, 37
8, 37
11, 37
11, 37
0, 37
0, 37
10, 37
13, 37
12, 37
18, 37
8, 37
20, 37
11, 37
4, 37
9, 37
8, 37
0, 37
5, 37
3, 37
30, 37
2, 37
2, 37
0, 37
11, 37
15, 37
13, 37
20, 37
4, 37
27, 37
1, 37
0, 37
24, 37
10, 37
6, 37
7, 37
9, 37
5, 37
12, 37
1, 37
7, 37
22, 37
18, 37
22, 37
13, 37
3, 37
1, 37
4, 37
4, 37
21, 37
20, 37
14, 37
32, 37
12, 37
6, 37
0, 37
3, 37
3, 37
19, 37
3, 37
20, 37
12, 37
9, 37
12, 37
3, 37
0, 37
26, 37
4, 37
3, 37
16, 37
8, 37
3, 37
5, 37
11, 37
9, 37
5, 37
26, 37
9, 37
2, 37
0, 37
12, 37
20, 37
1, 37
9, 37
4, 37
2, 37
13, 37
20, 37
6, 37
15, 37
1, 37
15, 37
6, 37
9, 37
17, 37
20, 37
0, 37
15, 37
7, 37
6, 37
12, 37
3, 37
3, 37
25, 37
8, 37
0, 37
17, 37
7, 37
49, 49
9, 49
11, 49
5, 49
32, 49
4, 49
53, 53
15, 53
29, 53
42, 53
15, 53
4, 53
2, 53
1, 53
4, 53
14, 53
3, 53
20, 53
4, 53
24, 53
4, 53
21, 53
7, 53
10, 53
11, 53
16, 53
9, 53
2, 53
11, 53
55, 55
24, 55
16, 55
4, 55
0, 55
25, 55
4, 55
5, 55
9, 55
0, 55
20, 55
79, 79
13, 79
3, 79
1, 79
5, 79
11, 79
5, 79
7, 79
12, 79
6, 79
5, 79
2, 79
6, 79
32, 79
5, 79
3, 79
0, 79
10, 79
33, 79
63, 79
0, 79
0, 79
21, 79
1, 79
2, 79
1, 79
0, 79
12, 79
13, 79
13, 79
13, 79
6, 79
0, 79
5, 79
0, 79
6, 79
3, 79
3, 79
27, 79
24, 79
8, 79
0, 79
15, 79
11, 79
8, 79
8, 79
7, 79
0, 79
0, 79
1, 79
4, 79
6, 79
8, 79
32, 79
10, 79
1, 79
30, 79
19, 79
3, 79
3, 79
9, 79
12, 79
9, 79
9, 79
3, 79
4, 79
26, 79
10, 79
8, 79
6, 79
2, 79
1, 79
7, 79
0, 79
4, 79
24, 79
11, 79
2, 79
4, 79
4, 79
4, 79
7, 79
0, 79
32, 79
0, 79
4, 79
2, 79
10, 79
14, 79
18, 79
5, 79
7, 79
11, 79
4, 79
6, 79
5, 79
18, 79
19, 79
0, 79
16, 79
9, 79
0, 79
17, 79
9, 79
11, 79
43, 79
13, 79
64, 79
9, 79
36, 79
13, 79
4, 79
3, 79
5, 79
10, 79
18, 79
12, 79
12, 79
4, 79
10, 79
28, 79
24, 79
15, 79
2, 79
16, 79
37, 79
3, 79
1, 79
10, 79
6, 79
13, 79
45, 79
5, 79
5, 79
9, 79
5, 79
34, 79
16, 79
0, 79
2, 79
10, 79
11, 79
4, 79
14, 79
18, 79
12, 79
3, 79
0, 79
10, 79
20, 79
2, 79
14, 79
13, 79
23, 79
18, 79
2, 79
9, 79
20, 79
0, 79
2, 79
16, 79
20, 79
34, 79
4, 79
16, 79
6, 79
6, 79
9, 79
18, 79
11, 79
11, 79
2, 79
11, 79
6, 79
5, 79
24, 79
32, 79
8, 79
18, 79
18, 79
10, 79
4, 79
14, 79
4, 79
39, 79
4, 79
46, 79
39, 79
12, 79
11, 79
29, 79
33, 79
28, 79
16, 79
54, 79
12, 79
37, 79
2, 79
2, 79
28, 79
9, 79
6, 79
27, 79
45, 79
3, 79
28, 79
17, 79
20, 79
22, 79
22, 79
5, 79
40, 79
10, 79
2, 79
41, 79
5, 79
12, 79
38, 79
3, 79
0, 79
66, 79
13, 79
4, 79
4, 79
19, 79
41, 79
2, 79
25, 79
25, 79
55, 79
35, 79
124, 124
43, 124
13, 124
11, 124
10, 124
6, 124
32, 124
12, 124
19, 124
11, 124
23, 124
9, 124
18, 124
24, 124
16, 124
78, 124
9, 124
11, 124
220, 220
49, 220
16, 220
0, 220
0, 220
50, 220
1, 220
18, 220
26, 220
20, 220
7, 220
53, 220
72, 220
28, 220
42, 220
53, 220
6, 220
50, 220
0, 220
73, 220
36, 220
149, 220
19, 220
17, 220
70, 220
45, 220
1, 220
39, 220
31, 220
35, 220
44, 220
13, 220
10, 220
27, 220
64, 220
51, 220
17, 220
31, 220
15, 220
3, 220
32, 220
9, 220
1, 220
10, 220
98, 220
1, 220
5, 220
9, 220
26, 220
16, 220
79, 220
5, 220
1, 220
48, 220
32, 220
24, 220
114, 220
20, 220
4, 220
0, 220
19, 220
7, 220
71, 220
0, 220
33, 220
10, 220
17, 220
0, 220
9, 220
70, 220
72, 220
61, 220
23, 220
37, 220
32, 220
27, 220
16, 220
0, 220
47, 220
87, 220
5, 220
73, 220
4, 220
124, 220
30, 220
61, 220
0, 220
27, 220
12, 220
0, 220
121, 220
2, 220
13, 220
94, 220
54, 220
26, 220
26, 220
11, 220
28, 220
33, 220
38, 220
5, 220
6, 220
24, 220
27, 220
43, 220
58, 220
18, 220
115, 220
13, 220
48, 220
4, 220
40, 220
11, 220
41, 220
5, 220
13, 220
24, 220
0, 220
31, 220
4, 220
90, 220
10, 220
11, 220
5, 220
40, 220
68, 220
94, 220
45, 220
18, 220
57, 220
1, 220
86, 220
29, 220
3, 220
1, 220
4, 220
5, 220
48, 220
98, 220
7, 220
33, 220
80, 220
8, 220
85, 220
15, 220
140, 220
2, 220
5, 220
75, 220
143, 220
1, 220
6, 220
37, 220
110, 220
46, 220
54, 220
33, 220
24, 220
8, 220
14, 220
1, 220
117, 220
103, 220
56, 220
47, 220
119, 220
5, 220
28, 220
145, 220
17, 220
12, 220
59, 220
13, 220
125, 220
157, 220
213, 220
60, 220
1150, 1150
35, 1150
0, 1150
0, 1150
120, 1150
16, 1150
594, 1150
1119, 1150
31, 1150
20, 1150
294, 1150
24, 1150
19, 1150
122, 1150
61, 1150
2, 1150
2, 1150
21, 1150
40, 1150
210, 1150
37, 1150
86, 1150
3, 1150
68, 1150
14, 1150
0, 1150
13, 1150
12, 1150
235, 1150
641, 1150
68, 1150
167, 1150
192, 1150
55, 1150
51, 1150
7, 1150
2, 1150
47, 1150
993, 1150
2001, 2001
2001, 2001
2001, 2001
2001, 2001
2001, 2001
2001, 2001
2001, 2001
2001, 2001
2001, 2001
2001, 2001
2001, 2001
2001, 2001
2001, 2001
2001, 2001
2001, 2001
2001, 2001
2001, 2001
2001, 2001
2001, 2001
2001, 2001
2001, 2001
2001, 2001
2001, 2001
2001, 2001
2001, 2001
2001, 2001
2001, 2001
2001, 2001
2001, 2001
2001, 2001
2001, 2001
2001, 2001
2001, 2001
2001, 2001
2001, 2001
2001, 2001
2001, 2001
2001, 2001
2001, 2001
2001, 2001
2001, 2001
2001, 2001
2001, 2001
2001, 2001
2001, 2001
2001, 2001
2001, 2001
2001, 2001
2001, 2001
2001, 2001
2001, 2001
2001, 2001
2001, 2001
2001, 2001
2001, 2001
2001, 2001
2001, 2001
2001, 2001
2001, 2001
2001, 2001
2001, 2001
2001, 2001
2001, 2001
2001, 2001
2001, 2001
2001, 2001
2001, 2001
2001, 2001
2001, 2001
2001, 2001
2001, 2001
2001, 2001
2001, 2001
2001, 2001
2001, 2001
2001, 2001
2001, 2001
2001, 2001
2001, 2001
2001, 2001
2001, 2001
2001, 2001
2001, 2001
2001, 2001
2001, 2001
2001, 2001
2001, 2001
2001, 2001
2001, 2001
2001, 2001
2001, 2001
2001, 2001
2001, 2001
2001, 2001
2001, 2001
2001, 2001
2001, 2001
2001, 2001
2001, 2001
2001, 2001
2001, 2001
2001, 2001
2001, 2001
2001, 2001
2001, 2001
2001, 2001
2001, 2001
2001, 2001
2001, 2001
2001, 2001
2001, 2001
2001, 2001
2001, 2001
2001, 2001
2001, 2001
2001, 2001
2001, 2001
2001, 2001
2001, 2001
2001, 2001
2001, 2001
2001, 2001
2001, 2001
2001, 2001
2001, 2001
2001, 2001
2001, 2001
2001, 2001
2001, 2001
2001, 2001
2001, 2001
2001, 2001
2001, 2001
2001, 2001
2001, 2001
2001, 2001
2001, 2001
2001, 2001
2001, 2001
2001, 2001
2001, 2001
2001, 2001
2001, 2001
2001, 2001
2001, 2001
2001, 2001
2001, 2001
2001, 2001
2001, 2001
2001, 2001
2001, 2001
2001, 2001
2001, 2001
2001, 2001
2001, 2001
2001, 2001
2001, 2001
2001, 2001
2001, 2001
2001, 2001
2001, 2001
2001, 2001
2001, 2001
2001, 2001
2001, 2001
2001, 2001
2001, 2001
2001, 2001
2001, 2001
2001, 2001
2001, 2001
2001, 2001
2001, 2001
2001, 2001
2001, 2001
2001, 2001
2001, 2001
2001, 2001
2001, 2001
2001, 2001
2001, 2001
2001, 2001
2001, 2001
2001, 2001
2001, 2001
2001, 2001
2001, 2001
2001, 2001
2001, 2001
2001, 2001
2001, 2001
2001, 2001
2001, 2001
2001, 2001
2001, 2001
2001, 2001
2001, 2001
2001, 2001
2001, 2001
2001, 2001
2001, 2001
2001, 2001
2001, 2001
2001, 2001
2001, 2001
2001, 2001
2001, 2001
2001, 2001
2001, 2001
2001, 2001
2001, 2001
2001, 2001
2001, 2001
2001, 2001
2001, 2001
2001, 2001
2001, 2001
2001, 2001
2001, 2001
2001, 2001
2001, 2001
2001, 2001
2001, 2001
2001, 2001
2001, 2001
2001, 2001
2001, 2001
2001, 2001
2001, 2001
2001, 2001
2001, 2001
2001, 2001
2001, 2001
2001, 2001
2001, 2001
2001, 2001
2001, 2001
2001, 2001
2001, 2001
2001, 2001
2001, 2001
2001, 2001
2001, 2001
2001, 2001
2001, 2001
2001, 2001
2001, 2001
2001, 2001
2001, 2001
2001, 2001
2001, 2001
2001, 2001
2001, 2001
2001, 2001
2001, 2001
2001, 2001
2001, 2001
2001, 2001
2001, 2001
2001, 2001
2001, 2001
2001, 2001
2001, 2001
2001, 2001
2001, 2001
2001, 2001
2001, 2001
2001, 2001
2001, 2001
2001, 2001
2001, 2001
2001, 2001
2001, 2001
2001, 2001
2001, 2001
2001, 2001
2001, 2001
2001, 2001
2001, 2001
2001, 2001
2001, 2001
2001, 2001
2001, 2001
2001, 2001
2001, 2001
2001, 2001
2001, 2001
2001, 2001
2001, 2001
2001, 2001
2001, 2001
2001, 2001
2001, 2001
2001, 2001
2001, 2001
2001, 2001
2001, 2001
2001, 2001
2001, 2001
2001, 2001
2001, 2001
2001, 2001
2001, 2001
2001, 2001
2001, 2001
2001, 2001
2001, 2001
2001, 2001
2001, 2001
2001, 2001
2001, 2001
2001, 2001
2001, 2001
2001, 2001
2001, 2001
2001, 2001
2001, 2001
2001, 2001
2001, 2001
2001, 2001
2001, 2001
2001, 2001
2001, 2001
2001, 2001
2001, 2001
2001, 2001
2001, 2001
2001, 2001
2001, 2001
2001, 2001
2001, 2001
2001, 2001
2001, 2001
2001, 2001
2001, 2001
2001, 2001
2001, 2001
2001, 2001
2001, 2001
2001, 2001
2001, 2001
2001, 2001
2001, 2001
2001, 2001
2001, 2001
2001, 2001
2001, 2001
2001, 2001
2001, 2001
2001, 2001
2001, 2001
2001, 2001
2001, 2001
2001, 2001
2001, 2001
2001, 2001
2001, 2001
2001, 2001
2001, 2001
2001, 2001
2001, 2001
2001, 2001
2001, 2001
2001, 2001
2001, 2001
2001, 2001
2001, 2001
2001, 2001
2001, 2001
2001, 2001
2001, 2001
2001, 2001
2001, 2001
2001, 2001
2001, 2001
2001, 2001
2001, 2001
2001, 2001
2001, 2001
2001, 2001
2001, 2001
2001, 2001
2001, 2001
2001, 2001
2001, 2001
2001, 2001
2001, 2001
2001, 2001
2001, 2001
2001, 2001
2001, 2001
2001, 2001
2001, 2001
2001, 2001
2001, 2001
2001, 2001
2001, 2001
2001, 2001
2001, 2001
2001, 2001
2001, 2001
2001, 2001
2001, 2001
2001, 2001
2001, 2001
2001, 2001
2001, 2001
2001, 2001
2001, 2001
2001, 2001
2001, 2001
2001, 2001
2001, 2001
2001, 2001
2001, 2001
2001, 2001
2001, 2001
2001, 2001
2001, 2001
2001, 2001
2001, 2001
2001, 2001
2001, 2001
2001, 2001
2001, 2001
2001, 2001
2001, 2001
2001, 2001
2001, 2001
2001, 2001
2001, 2001
2001, 2001
#Algorithm: Qlearning, Speed: 1, Boost: 5, PM: False, Env size: (20, 20), Car size: (6, 5),
#Counter: 10000000, Nsteps: 10000000, Gamma: 1, LearnRate: 0.01, Eps: 0.5, Epsdecay: 0.9
0, 0
2, 2
0, 2
0, 2
0, 2
1, 2
1, 2
0, 2
0, 2
0, 2
3, 3
0, 3
1, 3
1, 3
0, 3
1, 3
0, 3
0, 3
3, 3
9, 9
3, 9
7, 9
5, 9
3, 9
2, 9
0, 9
2, 9
0, 9
1, 9
0, 9
1, 9
3, 9
3, 9
1, 9
2, 9
2, 9
5, 9
2, 9
4, 9
0, 9
1, 9
3, 9
1, 9
2, 9
5, 9
2, 9
4, 9
10, 10
2, 10
5, 10
4, 10
3, 10
8, 10
1, 10
2, 10
1, 10
2, 10
1, 10
5, 10
1, 10
1, 10
4, 10
7, 10
8, 10
13, 13
4, 13
1, 13
10, 13
9, 13
2, 13
0, 13
1, 13
3, 13
0, 13
3, 13
2, 13
2, 13
6, 13
9, 13
4, 13
4, 13
6, 13
9, 13
2, 13
0, 13
2, 13
3, 13
16, 16
1, 16
6, 16
5, 16
23, 23
1, 23
2, 23
5, 23
7, 23
1, 23
10, 23
2, 23
0, 23
4, 23
5, 23
8, 23
0, 23
0, 23
1, 23
0, 23
1, 23
2, 23
10, 23
2, 23
11, 23
1, 23
7, 23
2, 23
5, 23
11, 23
5, 23
5, 23
2, 23
8, 23
2, 23
7, 23
4, 23
5, 23
2, 23
3, 23
7, 23
0, 23
4, 23
3, 23
9, 23
0, 23
3, 23
2, 23
3, 23
6, 23
3, 23
0, 23
4, 23
0, 23
0, 23
2, 23
11, 23
0, 23
1, 23
5, 23
8, 23
19, 23
0, 23
4, 23
6, 23
1, 23
4, 23
1, 23
3, 23
0, 23
5, 23
1, 23
8, 23
10, 23
4, 23
6, 23
12, 23
0, 23
4, 23
0, 23
6, 23
4, 23
0, 23
5, 23
2, 23
13, 23
6, 23
2, 23
0, 23
4, 23
1, 23
0, 23
4, 23
4, 23
6, 23
3, 23
3, 23
0, 23
1, 23
11, 23
1, 23
0, 23
10, 23
2, 23
2, 23
3, 23
0, 23
4, 23
2, 23
0, 23
6, 23
2, 23
3, 23
3, 23
0, 23
1, 23
5, 23
8, 23
1, 23
4, 23
4, 23
7, 23
5, 23
1, 23
1, 23
8, 23
0, 23
3, 23
4, 23
4, 23
7, 23
4, 23
1, 23
8, 23
1, 23
4, 23
3, 23
2, 23
0, 23
1, 23
3, 23
14, 23
4, 23
1, 23
0, 23
2, 23
7, 23
7, 23
5, 23
1, 23
2, 23
2, 23
6, 23
1, 23
4, 23
4, 23
0, 23
5, 23
4, 23
7, 23
18, 23
4, 23
1, 23
4, 23
3, 23
4, 23
0, 23
6, 23
2, 23
1, 23
1, 23
4, 23
2, 23
3, 23
4, 23
0, 23
2, 23
5, 23
4, 23
15, 23
5, 23
3, 23
4, 23
7, 23
11, 23
10, 23
3, 23
10, 23
8, 23
0, 23
0, 23
5, 23
7, 23
11, 23
16, 23
17, 23
4, 23
1, 23
11, 23
2, 23
20, 23
20, 23
2, 23
10, 23
7, 23
5, 23
0, 23
2, 23
10, 23
6, 23
2, 23
6, 23
0, 23
7, 23
7, 23
5, 23
8, 23
11, 23
4, 23
2, 23
13, 23
0, 23
3, 23
8, 23
8, 23
9, 23
5, 23
13, 23
1, 23
4, 23
10, 23
23, 23
1, 23
22, 23
16, 23
1, 23
5, 23
3, 23
4, 23
15, 23
14, 23
0, 23
13, 23
0, 23
18, 23
0, 23
21, 23
3, 23
8, 23
12, 23
3, 23
8, 23
2, 23
29, 29
8, 29
14, 29
18, 29
17, 29
11, 29
2, 29
5, 29
4, 29
11, 29
1, 29
11, 29
7, 29
4, 29
6, 29
17, 29
4, 29
2, 29
1, 29
9, 29
3, 29
4, 29
7, 29
7, 29
12, 29
4, 29
6, 29
13, 29
34, 34
17, 34
13, 34
7, 34
12, 34
1, 34
18, 34
12, 34
21, 34
6, 34
11, 34
32, 34
3, 34
12, 34
17, 34
10, 34
4, 34
14, 34
7, 34
13, 34
15, 34
7, 34
6, 34
8, 34
2, 34
3, 34
5, 34
17, 34
21, 34
36, 36
18, 36
17, 36
4, 36
3, 36
14, 36
7, 36
11, 36
26, 36
12, 36
2, 36
14, 36
11, 36
5, 36
0, 36
13, 36
15, 36
2, 36
20, 36
5, 36
9, 36
0, 36
3, 36
17, 36
13, 36
6, 36
1, 36
12, 36
6, 36
1, 36
1, 36
0, 36
5, 36
0, 36
0, 36
2, 36
3, 36
4, 36
17, 36
5, 36
11, 36
9, 36
5, 36
23, 36
1, 36
3, 36
4, 36
19, 36
12, 36
10, 36
17, 36
9, 36
4, 36
10, 36
7, 36
10, 36
5, 36
1, 36
21, 36
9, 36
1, 36
2, 36
5, 36
1, 36
4, 36
15, 36
5, 36
13, 36
6, 36
22, 36
5, 36
13, 36
3, 36
3, 36
7, 36
36, 36
16, 36
1, 36
19, 36
8, 36
14, 36
20, 36
6, 36
10, 36
15, 36
17, 36
6, 36
17, 36
15, 36
10, 36
4, 36
23, 36
4, 36
12, 36
31, 36
3, 36
2, 36
8, 36
13, 36
6, 36
11, 36
3, 36
11, 36
22, 36
5, 36
11, 36
18, 36
2, 36
7, 36
7, 36
5, 36
7, 36
10, 36
10, 36
2, 36
0, 36
16, 36
12, 36
5, 36
7, 36
1, 36
10, 36
8, 36
32, 36
2, 36
8, 36
20, 36
8, 36
2, 36
0, 36
10, 36
0, 36
4, 36
6, 36
12, 36
2, 36
6, 36
1, 36
10, 36
21, 36
7, 36
10, 36
0, 36
16, 36
4, 36
20, 36
0, 36
23, 36
5, 36
13, 36
1, 36
2, 36
8, 36
17, 36
14, 36
6, 36
7, 36
4, 36
33, 36
48, 48
0, 48
9, 48
4, 48
13, 48
14, 48
8, 48
8, 48
1, 48
8, 48
14, 48
2, 48
4, 48
20, 48
4, 48
11, 48
5, 48
3, 48
8, 48
48, 48
10, 48
4, 48
5, 48
5, 48
2, 48
6, 48
5, 48
15, 48
7, 48
0, 48
4, 48
4, 48
24, 48
3, 48
8, 48
32, 48
6, 48
7, 48
7, 48
0, 48
5, 48
9, 48
1, 48
8, 48
5, 48
10, 48
32, 48
4, 48
18, 48
6, 48
6, 48
6, 48
7, 48
6, 48
1, 48
4, 48
2, 48
9, 48
18, 48
15, 48
11, 48
5, 48
24, 48
15, 48
12, 48
4, 48
9, 48
7, 48
18, 48
6, 48
12, 48
9, 48
19, 48
22, 48
18, 48
0, 48
4, 48
11, 48
10, 48
1, 48
5, 48
27, 48
12, 48
5, 48
12, 48
8, 48
10, 48
9, 48
5, 48
12, 48
13, 48
4, 48
19, 48
25, 48
7, 48
7, 48
23, 48
17, 48
6, 48
22, 48
16, 48
2, 48
13, 48
2, 48
6, 48
1, 48
7, 48
19, 48
2, 48
4, 48
9, 48
0, 48
14, 48
32, 48
15, 48
12, 48
3, 48
3, 48
0, 48
1, 48
5, 48
29, 48
6, 48
3, 48
0, 48
2, 48
2, 48
26, 48
0, 48
11, 48
6, 48
32, 48
0, 48
7, 48
6, 48
0, 48
7, 48
13, 48
2, 48
7, 48
7, 48
6, 48
10, 48
30, 48
46, 48
15, 48
0, 48
2, 48
5, 48
5, 48
4, 48
2, 48
6, 48
8, 48
1, 48
4, 48
12, 48
0, 48
5, 48
1, 48
8, 48
4, 48
17, 48
2, 48
39, 48
46, 48
0, 48
0, 48
10, 48
3, 48
4, 48
9, 48
15, 48
11, 48
12, 48
5, 48
4, 48
4, 48
21, 48
17, 48
20, 48
4, 48
3, 48
19, 48
0, 48
4, 48
2, 48
0, 48
4, 48
0, 48
4, 48
0, 48
5, 48
1, 48
0, 48
7, 48
27, 48
3, 48
5, 48
1, 48
0, 48
4, 48
1, 48
14, 48
2, 48
9, 48
6, 48
15, 48
12, 48
4, 48
0, 48
25, 48
6, 48
15, 48
7, 48
5, 48
6, 48
9, 48
7, 48
4, 48
18, 48
2, 48
1, 48
11, 48
8, 48
8, 48
8, 48
10, 48
1, 48
11, 48
7, 48
6, 48
1, 48
15, 48
9, 48
6, 48
32, 48
1, 48
3, 48
10, 48
17, 48
20, 48
18, 48
4, 48
4, 48
20, 48
7, 48
16, 48
11, 48
0, 48
12, 48
9, 48
0, 48
1, 48
0, 48
1, 48
3, 48
9, 48
16, 48
10, 48
8, 48
10, 48
6, 48
4, 48
14, 48
1, 48
2, 48
4, 48
42, 48
5, 48
10, 48
2, 48
23, 48
6, 48
9, 48
11, 48
12, 48
20, 48
9, 48
1, 48
7, 48
5, 48
23, 48
17, 48
10, 48
9, 48
10, 48
4, 48
37, 48
46, 48
8, 48
4, 48
3, 48
38, 48
12, 48
5, 48
6, 48
48, 48
4, 48
6, 48
12, 48
4, 48
11, 48
4, 48
2, 48
0, 48
3, 48
3, 48
2, 48
0, 48
7, 48
3, 48
4, 48
16, 48
6, 48
5, 48
3, 48
6, 48
32, 48
8, 48
4, 48
1, 48
5, 48
2, 48
5, 48
28, 48
4, 48
8, 48
7, 48
2, 48
8, 48
2, 48
25, 48
0, 48
9, 48
0, 48
12, 48
8, 48
2, 48
0, 48
10, 48
2, 48
4, 48
0, 48
17, 48
5, 48
1, 48
0, 48
20, 48
0, 48
5, 48
8, 48
4, 48
8, 48
5, 48
6, 48
13, 48
16, 48
5, 48
7, 48
1, 48
36, 48
1, 48
21, 48
6, 48
4, 48
1, 48
3, 48
5, 48
12, 48
1, 48
12, 48
34, 48
2, 48
5, 48
0, 48
19, 48
0, 48
9, 48
1, 48
6, 48
5, 48
1, 48
10, 48
13, 48
9, 48
3, 48
2, 48
7, 48
0, 48
6, 48
7, 48
1, 48
17, 48
41, 48
0, 48
10, 48
0, 48
15, 48
0, 48
50, 50
7, 50
4, 50
20, 50
0, 50
6, 50
0, 50
25, 50
12, 50
3, 50
11, 50
25, 50
3, 50
2, 50
10, 50
27, 50
3, 50
0, 50
11, 50
3, 50
3, 50
7, 50
14, 50
0, 50
2, 50
22, 50
22, 50
1, 50
7, 50
27, 50
3, 50
3, 50
6, 50
26, 50
9, 50
2, 50
25, 50
5, 50
6, 50
5, 50
1, 50
2, 50
15, 50
2, 50
4, 50
2, 50
6, 50
5, 50
9, 50
10, 50
29, 50
16, 50
4, 50
9, 50
5, 50
5, 50
7, 50
5, 50
15, 50
16, 50
29, 50
5, 50
3, 50
20, 50
11, 50
1, 50
9, 50
30, 50
46, 50
11, 50
4, 50
14, 50
2, 50
18, 50
20, 50
30, 50
25, 50
10, 50
4, 50
0, 50
15, 50
38, 50
2, 50
14, 50
40, 50
3, 50
25, 50
33, 50
17, 50
41, 50
18, 50
27, 50
7, 50
47, 50
33, 50
17, 50
10, 50
35, 50
2, 50
2, 50
11, 50
15, 50
31, 50
5, 50
15, 50
4, 50
3, 50
60, 60
4, 60
18, 60
10, 60
133, 133
8, 133
16, 133
14, 133
5, 133
32, 133
19, 133
15, 133
7, 133
52, 133
10, 133
4, 133
8, 133
109, 133
18, 133
15, 133
2, 133
17, 133
33, 133
11, 133
123, 133
13, 133
8, 133
6, 133
8, 133
3, 133
19, 133
23, 133
6, 133
19, 133
47, 133
73, 133
14, 133
8, 133
59, 133
67, 133
55, 133
45, 133
36, 133
74, 133
63, 133
9, 133
25, 133
25, 133
68, 133
19, 133
102, 133
9, 133
50, 133
74, 133
43, 133
89, 133
64, 133
36, 133
42, 133
59, 133
47, 133
28, 133
187, 187
20, 187
44, 187
21, 187
50, 187
5, 187
56, 187
20, 187
30, 187
13, 187
11, 187
16, 187
9, 187
43, 187
8, 187
23, 187
5, 187
63, 187
10, 187
2, 187
6, 187
10, 187
117, 187
87, 187
121, 187
116, 187
10, 187
40, 187
27, 187
155, 187
41, 187
47, 187
19, 187
133, 187
39, 187
108, 187
7, 187
74, 187
4, 187
16, 187
91, 187
8, 187
15, 187
5, 187
52, 187
7, 187
33, 187
5, 187
14, 187
10, 187
156, 187
2, 187
23, 187
68, 187
23, 187
130, 187
82, 187
64, 187
11, 187
19, 187
62, 187
92, 187
88, 187
176, 187
179, 187
38, 187
32, 187
34, 187
28, 187
293, 293
37, 293
9, 293
41, 293
196, 293
52, 293
13, 293
23, 293
68, 293
99, 293
15, 293
12, 293
29, 293
40, 293
13, 293
23, 293
18, 293
24, 293
106, 293
5, 293
21, 293
7, 293
136, 293
18, 293
17, 293
29, 293
41, 293
250, 293
148, 293
9, 293
14, 293
44, 293
70, 293
13, 293
38, 293
92, 293
72, 293
26, 293
91, 293
23, 293
149, 293
45, 293
82, 293
103, 293
304, 304
126, 304
210, 304
174, 304
21, 304
42, 304
36, 304
51, 304
63, 304
210, 304
13, 304
104, 304
66, 304
4, 304
42, 304
8, 304
42, 304
12, 304
61, 304
51, 304
2, 304
5, 304
17, 304
8, 304
104, 304
69, 304
64, 304
26, 304
2, 304
104, 304
15, 304
26, 304
163, 304
83, 304
8, 304
88, 304
37, 304
50, 304
118, 304
26, 304
21, 304
10, 304
64, 304
11, 304
23, 304
10, 304
100, 304
15, 304
134, 304
23, 304
89, 304
7, 304
273, 304
74, 304
92, 304
13, 304
153, 304
111, 304
157, 304
52, 304
40, 304
19, 304
25, 304
97, 304
147, 304
43, 304
114, 304
61, 304
55, 304
47, 304
8, 304
110, 304
118, 304
16, 304
91, 304
25, 304
14, 304
99, 304
29, 304
253, 304
14, 304
327, 327
104, 327
73, 327
92, 327
103, 327
19, 327
23, 327
97, 327
33, 327
36, 327
69, 327
31, 327
310, 327
44, 327
89, 327
205, 327
60, 327
25, 327
45, 327
8, 327
6, 327
3, 327
61, 327
6, 327
20, 327
30, 327
14, 327
20, 327
17, 327
44, 327
67, 327
27, 327
64, 327
14, 327
211, 327
67, 327
39, 327
78, 327
42, 327
61, 327
172, 327
121, 327
31, 327
99, 327
21, 327
109, 327
32, 327
15, 327
36, 327
7, 327
4, 327
67, 327
451, 451
64, 451
87, 451
272, 451
188, 451
315, 451
25, 451
88, 451
197, 451
10, 451
522, 522
49, 522
67, 522
173, 522
11, 522
3, 522
107, 522
192, 522
14, 522
58, 522
5, 522
77, 522
144, 522
38, 522
122, 522
99, 522
44, 522
33, 522
64, 522
7, 522
34, 522
15, 522
33, 522
241, 522
3, 522
96, 522
9, 522
93, 522
2, 522
34, 522
9, 522
45, 522
77, 522
50, 522
24, 522
41, 522
6, 522
19, 522
86, 522
117, 522
62, 522
18, 522
149, 522
24, 522
150, 522
57, 522
39, 522
26, 522
25, 522
124, 522
91, 522
78, 522
19, 522
15, 522
120, 522
44, 522
258, 522
0, 522
5, 522
94, 522
74, 522
133, 522
196, 522
23, 522
549, 549
287, 549
518, 549
1220, 1220
894, 1220
2001, 2001
999, 2001
2001, 2001
2001, 2001
576, 2001
423, 2001
1451, 2001
585, 2001
178, 2001
2001, 2001
1149, 2001
2001, 2001
2001, 2001
516, 2001
2001, 2001
627, 2001
810, 2001
311, 2001
178, 2001
640, 2001
1440, 2001
1446, 2001
2001, 2001
422, 2001
2001, 2001
1806, 2001
13, 2001
2001, 2001
1581, 2001
2001, 2001
1291, 2001
228, 2001
417, 2001
2001, 2001
567, 2001
1300, 2001
2001, 2001
2001, 2001
2001, 2001
585, 2001
2001, 2001
381, 2001
2001, 2001
595, 2001
1355, 2001
2001, 2001
788, 2001
1132, 2001
2001, 2001
2001, 2001
418, 2001
2001, 2001
2001, 2001
1010, 2001
1051, 2001
14, 2001
571, 2001
2001, 2001
611, 2001
528, 2001
2001, 2001
2001, 2001
2001, 2001
246, 2001
1214, 2001
2001, 2001
300, 2001
491, 2001
33, 2001
138, 2001
985, 2001
1250, 2001
1569, 2001
1489, 2001
2001, 2001
2001, 2001
131, 2001
1834, 2001
130, 2001
2001, 2001
436, 2001
782, 2001
556, 2001
1289, 2001
777, 2001
458, 2001
1046, 2001
807, 2001
838, 2001
1864, 2001
430, 2001
751, 2001
2001, 2001
1404, 2001
2001, 2001
32, 2001
2001, 2001
187, 2001
1983, 2001
1312, 2001
182, 2001
2001, 2001
1042, 2001
1058, 2001
2001, 2001
839, 2001
220, 2001
2001, 2001
33, 2001
1615, 2001
1402, 2001
2001, 2001
1384, 2001
843, 2001
1259, 2001
1952, 2001
1805, 2001
2001, 2001
189, 2001
2001, 2001
354, 2001
553, 2001
1328, 2001
912, 2001
2001, 2001
2001, 2001
730, 2001
2001, 2001
2001, 2001
880, 2001
2001, 2001
2001, 2001
1250, 2001
480, 2001
2001, 2001
2001, 2001
2001, 2001
1828, 2001
2001, 2001
163, 2001
470, 2001
623, 2001
1812, 2001
1847, 2001
525, 2001
2001, 2001
915, 2001
780, 2001
889, 2001
852, 2001
905, 2001
1809, 2001
2001, 2001
2001, 2001
2001, 2001
278, 2001
610, 2001
2001, 2001
2001, 2001
1277, 2001
179, 2001
43, 2001
273, 2001
448, 2001
559, 2001
369, 2001
1491, 2001
435, 2001
2001, 2001
1619, 2001
1397, 2001
668, 2001
515, 2001
141, 2001
330, 2001
1268, 2001
1288, 2001
2001, 2001
2001, 2001
657, 2001
2001, 2001
2001, 2001
2001, 2001
2001, 2001
826, 2001
691, 2001
25, 2001
2001, 2001
2001, 2001
900, 2001
502, 2001
1424, 2001
1893, 2001
2001, 2001
2001, 2001
2001, 2001
1117, 2001
2001, 2001
502, 2001
503, 2001
1557, 2001
1328, 2001
2001, 2001
2001, 2001
41, 2001
2001, 2001
2001, 2001
1047, 2001
2001, 2001
1817, 2001
2001, 2001
7, 2001
571, 2001
2001, 2001
2001, 2001
2001, 2001
2001, 2001
2001, 2001
401, 2001
1076, 2001
2001, 2001
2001, 2001
771, 2001
2001, 2001
1279, 2001
450, 2001
2001, 2001
2001, 2001
1487, 2001
2001, 2001
392, 2001
981, 2001
1592, 2001
45, 2001
2001, 2001
2001, 2001
1654, 2001
2001, 2001
433, 2001
646, 2001
434, 2001
613, 2001
2001, 2001
2001, 2001
1492, 2001
2001, 2001
2001, 2001
2001, 2001
146, 2001
1896, 2001
#Algorithm: Qlearning, Speed: 1, Boost: 5, PM: False, Env size: (20, 20), Car size: (6, 5),
#Counter: 10000000, Nsteps: 10000000, Gamma: 1, LearnRate: 0.01, Eps: 0.5, Epsdecay: 0.9
0, 0
0, 0
0, 0
1, 1
0, 1
1, 1
0, 1
0, 1
0, 1
1, 1
3, 3
0, 3
0, 3
3, 3
0, 3
4, 4
0, 4
3, 4
3, 4
0, 4
1, 4
1, 4
1, 4
4, 4
1, 4
5, 5
4, 5
1, 5
3, 5
1, 5
0, 5
2, 5
3, 5
1, 5
9, 9
2, 9
9, 9
0, 9
3, 9
3, 9
8, 9
7, 9
6, 9
5, 9
0, 9
6, 9
0, 9
10, 10
6, 10
1, 10
2, 10
10, 10
5, 10
7, 10
6, 10
1, 10
2, 10
3, 10
1, 10
3, 10
1, 10
1, 10
2, 10
3, 10
5, 10
1, 10
0, 10
1, 10
3, 10
9, 10
0, 10
8, 10
2, 10
1, 10
2, 10
4, 10
8, 10
1, 10
1, 10
6, 10
2, 10
9, 10
2, 10
2, 10
9, 10
4, 10
1, 10
3, 10
12, 12
3, 12
2, 12
13, 13
15, 15
9, 15
6, 15
1, 15
1, 15
16, 16
1, 16
4, 16
0, 16
8, 16
0, 16
4, 16
0, 16
1, 16
3, 16
12, 16
4, 16
4, 16
7, 16
0, 16
1, 16
10, 16
3, 16
6, 16
2, 16
2, 16
1, 16
7, 16
1, 16
2, 16
9, 16
3, 16
1, 16
1, 16
2, 16
6, 16
2, 16
4, 16
0, 16
7, 16
12, 16
1, 16
1, 16
8, 16
1, 16
0, 16
3, 16
0, 16
5, 16
0, 16
0, 16
0, 16
3, 16
0, 16
3, 16
13, 16
5, 16
18, 18
0, 18
11, 18
5, 18
7, 18
6, 18
6, 18
3, 18
3, 18
6, 18
4, 18
0, 18
0, 18
4, 18
2, 18
1, 18
0, 18
7, 18
2, 18
10, 18
5, 18
8, 18
2, 18
5, 18
2, 18
6, 18
2, 18
1, 18
2, 18
3, 18
1, 18
0, 18
0, 18
0, 18
5, 18
6, 18
6, 18
1, 18
2, 18
1, 18
0, 18
0, 18
3, 18
0, 18
3, 18
0, 18
6, 18
4, 18
1, 18
3, 18
7, 18
3, 18
0, 18
1, 18
9, 18
2, 18
11, 18
4, 18
1, 18
1, 18
0, 18
12, 18
13, 18
2, 18
2, 18
2, 18
4, 18
1, 18
3, 18
4, 18
0, 18
1, 18
11, 18
8, 18
3, 18
10, 18
10, 18
10, 18
1, 18
4, 18
5, 18
22, 22
4, 22
7, 22
6, 22
0, 22
1, 22
1, 22
1, 22
0, 22
3, 22
8, 22
5, 22
5, 22
2, 22
3, 22
4, 22
4, 22
7, 22
2, 22
15, 22
6, 22
14, 22
1, 22
2, 22
5, 22
11, 22
5, 22
9, 22
4, 22
0, 22
8, 22
8, 22
6, 22
4, 22
14, 22
7, 22
4, 22
7, 22
2, 22
3, 22
5, 22
3, 22
12, 22
14, 22
4, 22
6, 22
1, 22
19, 22
17, 22
18, 22
10, 22
22, 22
9, 22
6, 22
16, 22
2, 22
7, 22
3, 22
1, 22
6, 22
4, 22
4, 22
3, 22
5, 22
3, 22
8, 22
22, 22
3, 22
4, 22
13, 22
3, 22
1, 22
12, 22
9, 22
5, 22
7, 22
8, 22
2, 22
4, 22
5, 22
4, 22
6, 22
19, 22
3, 22
7, 22
31, 31
10, 31
10, 31
6, 31
6, 31
5, 31
12, 31
5, 31
6, 31
9, 31
12, 31
2, 31
12, 31
13, 31
1, 31
3, 31
11, 31
2, 31
3, 31
22, 31
5, 31
1, 31
8, 31
17, 31
4, 31
9, 31
0, 31
7, 31
5, 31
1, 31
11, 31
7, 31
5, 31
13, 31
18, 31
3, 31
9, 31
6, 31
3, 31
3, 31
9, 31
9, 31
9, 31
0, 31
37, 37
10, 37
9, 37
1, 37
15, 37
6, 37
7, 37
6, 37
5, 37
4, 37
2, 37
7, 37
3, 37
2, 37
1, 37
3, 37
12, 37
0, 37
3, 37
21, 37
1, 37
10, 37
4, 37
22, 37
15, 37
8, 37
13, 37
15, 37
20, 37
7, 37
20, 37
2, 37
11, 37
2, 37
3, 37
7, 37
4, 37
0, 37
10, 37
8, 37
5, 37
4, 37
6, 37
28, 37
3, 37
2, 37
7, 37
17, 37
27, 37
16, 37
3, 37
6, 37
5, 37
8, 37
2, 37
3, 37
8, 37
1, 37
8, 37
8, 37
7, 37
9, 37
10, 37
6, 37
37, 37
0, 37
7, 37
7, 37
1, 37
26, 37
11, 37
18, 37
15, 37
1, 37
12, 37
8, 37
8, 37
1, 37
17, 37
6, 37
4, 37
10, 37
2, 37
6, 37
8, 37
1, 37
12, 37
14, 37
4, 37
4, 37
1, 37
6, 37
3, 37
3, 37
9, 37
22, 37
5, 37
3, 37
5, 37
9, 37
11, 37
1, 37
29, 37
7, 37
6, 37
3, 37
12, 37
20, 37
1, 37
9, 37
40, 40
5, 40
2, 40
3, 40
7, 40
4, 40
17, 40
11, 40
12, 40
11, 40
14, 40
10, 40
2, 40
5, 40
18, 40
11, 40
10, 40
4, 40
3, 40
17, 40
4, 40
25, 40
8, 40
6, 40
11, 40
13, 40
2, 40
1, 40
42, 42
0, 42
1, 42
12, 42
12, 42
5, 42
3, 42
11, 42
14, 42
3, 42
8, 42
2, 42
0, 42
24, 42
4, 42
3, 42
20, 42
5, 42
33, 42
9, 42
10, 42
23, 42
2, 42
3, 42
10, 42
21, 42
8, 42
5, 42
16, 42
23, 42
25, 42
1, 42
44, 44
2, 44
17, 44
7, 44
15, 44
10, 44
6, 44
4, 44
19, 44
14, 44
6, 44
7, 44
2, 44
7, 44
3, 44
7, 44
3, 44
4, 44
4, 44
13, 44
2, 44
12, 44
1, 44
12, 44
0, 44
3, 44
8, 44
4, 44
4, 44
3, 44
8, 44
5, 44
13, 44
12, 44
5, 44
6, 44
9, 44
8, 44
15, 44
4, 44
14, 44
42, 44
24, 44
3, 44
7, 44
9, 44
9, 44
14, 44
15, 44
9, 44
11, 44
22, 44
0, 44
10, 44
9, 44
7, 44
3, 44
2, 44
13, 44
28, 44
3, 44
19, 44
17, 44
4, 44
3, 44
18, 44
3, 44
0, 44
10, 44
13, 44
3, 44
1, 44
0, 44
3, 44
2, 44
3, 44
0, 44
0, 44
2, 44
7, 44
11, 44
1, 44
2, 44
4, 44
0, 44
17, 44
2, 44
11, 44
1, 44
12, 44
0, 44
1, 44
2, 44
16, 44
5, 44
1, 44
3, 44
13, 44
0, 44
11, 44
2, 44
6, 44
1, 44
12, 44
10, 44
0, 44
1, 44
10, 44
13, 44
8, 44
7, 44
8, 44
2, 44
12, 44
7, 44
0, 44
24, 44
2, 44
7, 44
2, 44
2, 44
3, 44
1, 44
6, 44
0, 44
5, 44
23, 44
3, 44
4, 44
6, 44
10, 44
15, 44
0, 44
0, 44
12, 44
3, 44
0, 44
12, 44
1, 44
6, 44
4, 44
4, 44
15, 44
7, 44
1, 44
4, 44
8, 44
3, 44
4, 44
0, 44
20, 44
0, 44
6, 44
4, 44
5, 44
1, 44
7, 44
5, 44
0, 44
6, 44
12, 44
5, 44
1, 44
13, 44
5, 44
1, 44
1, 44
1, 44
4, 44
0, 44
2, 44
28, 44
0, 44
2, 44
5, 44
9, 44
12, 44
5, 44
9, 44
3, 44
17, 44
0, 44
14, 44
8, 44
8, 44
1, 44
1, 44
17, 44
4, 44
3, 44
1, 44
9, 44
0, 44
3, 44
10, 44
1, 44
1, 44
7, 44
34, 44
19, 44
25, 44
1, 44
7, 44
4, 44
1, 44
4, 44
3, 44
16, 44
35, 44
4, 44
9, 44
4, 44
0, 44
9, 44
2, 44
3, 44
6, 44
5, 44
12, 44
7, 44
3, 44
4, 44
7, 44
13, 44
0, 44
0, 44
5, 44
2, 44
18, 44
15, 44
26, 44
6, 44
20, 44
0, 44
3, 44
0, 44
5, 44
8, 44
4, 44
3, 44
15, 44
17, 44
28, 44
3, 44
0, 44
19, 44
4, 44
3, 44
5, 44
13, 44
26, 44
6, 44
4, 44
3, 44
11, 44
9, 44
5, 44
0, 44
19, 44
11, 44
0, 44
1, 44
0, 44
3, 44
2, 44
11, 44
31, 44
3, 44
5, 44
0, 44
15, 44
7, 44
15, 44
18, 44
14, 44
16, 44
40, 44
8, 44
6, 44
4, 44
0, 44
3, 44
3, 44
0, 44
9, 44
1, 44
1, 44
7, 44
4, 44
0, 44
5, 44
54, 54
10, 54
8, 54
24, 54
9, 54
3, 54
0, 54
15, 54
1, 54
2, 54
1, 54
5, 54
9, 54
15, 54
2, 54
73, 73
36, 73
32, 73
2, 73
11, 73
5, 73
6, 73
14, 73
3, 73
3, 73
10, 73
5, 73
27, 73
4, 73
7, 73
6, 73
8, 73
22, 73
6, 73
5, 73
8, 73
20, 73
36, 73
7, 73
4, 73
5, 73
6, 73
15, 73
1, 73
7, 73
13, 73
6, 73
3, 73
2, 73
13, 73
7, 73
14, 73
3, 73
17, 73
5, 73
3, 73
14, 73
4, 73
5, 73
7, 73
17, 73
4, 73
1, 73
5, 73
26, 73
15, 73
21, 73
5, 73
28, 73
4, 73
5, 73
7, 73
20, 73
0, 73
3, 73
7, 73
1, 73
33, 73
8, 73
6, 73
2, 73
8, 73
8, 73
0, 73
18, 73
8, 73
5, 73
12, 73
9, 73
5, 73
6, 73
3, 73
17, 73
2, 73
12, 73
16, 73
25, 73
12, 73
18, 73
12, 73
2, 73
2, 73
22, 73
12, 73
4, 73
44, 73
26, 73
17, 73
12, 73
25, 73
10, 73
4, 73
14, 73
8, 73
8, 73
29, 73
16, 73
13, 73
1, 73
14, 73
23, 73
48, 73
12, 73
9, 73
6, 73
15, 73
57, 73
77, 77
28, 77
15, 77
3, 77
2, 77
13, 77
33, 77
33, 77
5, 77
21, 77
25, 77
2, 77
31, 77
9, 77
3, 77
31, 77
5, 77
6, 77
13, 77
21, 77
3, 77
35, 77
31, 77
12, 77
22, 77
31, 77
60, 77
5, 77
6, 77
77, 77
27, 77
8, 77
106, 106
21, 106
9, 106
28, 106
21, 106
35, 106
33, 106
17, 106
21, 106
10, 106
102, 106
71, 106
16, 106
10, 106
32, 106
6, 106
7, 106
60, 106
78, 106
18, 106
26, 106
13, 106
6, 106
10, 106
71, 106
15, 106
48, 106
36, 106
59, 106
20, 106
13, 106
3, 106
3, 106
6, 106
79, 106
3, 106
15, 106
15, 106
27, 106
19, 106
16, 106
11, 106
18, 106
24, 106
31, 106
43, 106
80, 106
18, 106
13, 106
24, 106
11, 106
120, 120
44, 120
6, 120
1, 120
7, 120
6, 120
37, 120
10, 120
73, 120
17, 120
11, 120
61, 120
42, 120
5, 120
3, 120
3, 120
26, 120
54, 120
6, 120
64, 120
95, 120
5, 120
14, 120
18, 120
32, 120
31, 120
9, 120
89, 120
4, 120
85, 120
43, 120
3, 120
27, 120
18, 120
64, 120
9, 120
9, 120
18, 120
25, 120
5, 120
59, 120
25, 120
22, 120
39, 120
19, 120
30, 120
44, 120
103, 120
3, 120
10, 120
9, 120
5, 120
5, 120
18, 120
24, 120
7, 120
57, 120
18, 120
52, 120
23, 120
77, 120
53, 120
38, 120
5, 120
40, 120
13, 120
24, 120
25, 120
86, 120
51, 120
54, 120
52, 120
72, 120
18, 120
1, 120
8, 120
9, 120
18, 120
5, 120
16, 120
30, 120
43, 120
9, 120
92, 120
10, 120
8, 120
18, 120
134, 134
112, 134
29, 134
23, 134
33, 134
52, 134
181, 181
30, 181
96, 181
17, 181
85, 181
36, 181
4, 181
26, 181
13, 181
15, 181
15, 181
27, 181
49, 181
100, 181
26, 181
11, 181
32, 181
32, 181
49, 181
41, 181
41, 181
20, 181
39, 181
24, 181
4, 181
8, 181
49, 181
32, 181
8, 181
66, 181
1, 181
26, 181
31, 181
23, 181
37, 181
38, 181
32, 181
33, 181
56, 181
44, 181
25, 181
6, 181
8, 181
9, 181
21, 181
7, 181
2, 181
10, 181
6, 181
70, 181
4, 181
46, 181
3, 181
17, 181
8, 181
50, 181
15, 181
21, 181
20, 181
11, 181
17, 181
90, 181
2, 181
31, 181
21, 181
6, 181
3, 181
55, 181
27, 181
15, 181
33, 181
9, 181
18, 181
56, 181
52, 181
13, 181
31, 181
3, 181
16, 181
18, 181
28, 181
0, 181
25, 181
13, 181
41, 181
33, 181
17, 181
59, 181
159, 181
2, 181
25, 181
5, 181
68, 181
4, 181
37, 181
41, 181
74, 181
14, 181
4, 181
9, 181
20, 181
38, 181
25, 181
10, 181
42, 181
7, 181
11, 181
26, 181
50, 181
35, 181
116, 181
28, 181
11, 181
54, 181
11, 181
54, 181
69, 181
73, 181
41, 181
60, 181
4, 181
73, 181
18, 181
25, 181
62, 181
18, 181
23, 181
15, 181
20, 181
141, 181
41, 181
44, 181
7, 181
83, 181
23, 181
8, 181
19, 181
16, 181
26, 181
13, 181
36, 181
11, 181
14, 181
18, 181
48, 181
51, 181
34, 181
85, 181
10, 181
30, 181
23, 181
1, 181
51, 181
74, 181
133, 181
7, 181
5, 181
142, 181
3, 181
5, 181
62, 181
44, 181
30, 181
10, 181
43, 181
13, 181
21, 181
39, 181
33, 181
69, 181
16, 181
19, 181
30, 181
6, 181
16, 181
31, 181
29, 181
13, 181
5, 181
20, 181
70, 181
7, 181
16, 181
20, 181
17, 181
0, 181
18, 181
33, 181
282, 282
106, 282
88, 282
44, 282
137, 282
7, 282
36, 282
143, 282
68, 282
31, 282
164, 282
121, 282
65, 282
32, 282
10, 282
11, 282
106, 282
22, 282
2, 282
28, 282
21, 282
21, 282
10, 282
53, 282
12, 282
63, 282
13, 282
25, 282
9, 282
40, 282
12, 282
3, 282
100, 282
5, 282
13, 282
6, 282
8, 282
46, 282
7, 282
24, 282
41, 282
24, 282
1, 282
11, 282
2, 282
5, 282
16, 282
22, 282
91, 282
34, 282
17, 282
28, 282
13, 282
4, 282
52, 282
10, 282
4, 282
87, 282
23, 282
2, 282
24, 282
53, 282
7, 282
14, 282
20, 282
9, 282
11, 282
33, 282
14, 282
89, 282
13, 282
17, 282
153, 282
6, 282
19, 282
55, 282
7, 282
8, 282
43, 282
16, 282
14, 282
108, 282
17, 282
28, 282
97, 282
28, 282
2, 282
42, 282
104, 282
8, 282
15, 282
15, 282
17, 282
12, 282
85, 282
20, 282
122, 282
157, 282
25, 282
66, 282
69, 282
31, 282
52, 282
41, 282
131, 282
51, 282
79, 282
39, 282
29, 282
0, 282
18, 282
68, 282
14, 282
0, 282
83, 282
11, 282
12, 282
0, 282
35, 282
28, 282
37, 282
79, 282
85, 282
34, 282
19, 282
26, 282
47, 282
12, 282
3, 282
98, 282
111, 282
7, 282
12, 282
9, 282
103, 282
30, 282
42, 282
31, 282
9, 282
8, 282
13, 282
61, 282
24, 282
12, 282
32, 282
19, 282
33, 282
0, 282
24, 282
16, 282
10, 282
1, 282
23, 282
11, 282
64, 282
3, 282
6, 282
19, 282
2, 282
3, 282
33, 282
5, 282
19, 282
51, 282
76, 282
2, 282
3, 282
48, 282
1, 282
11, 282
10, 282
85, 282
39, 282
54, 282
20, 282
25, 282
70, 282
15, 282
2, 282
2, 282
2, 282
26, 282
13, 282
7, 282
3, 282
10, 282
54, 282
10, 282
9, 282
21, 282
15, 282
18, 282
13, 282
3, 282
4, 282
2, 282
44, 282
4, 282
5, 282
12, 282
21, 282
17, 282
40, 282
15, 282
3, 282
20, 282
33, 282
20, 282
4, 282
18, 282
2, 282
9, 282
18, 282
14, 282
39, 282
13, 282
8, 282
18, 282
21, 282
2, 282
2, 282
23, 282
1, 282
28, 282
5, 282
20, 282
3, 282
22, 282
20, 282
64, 282
10, 282
4, 282
21, 282
20, 282
9, 282
3, 282
13, 282
25, 282
6, 282
18, 282
77, 282
8, 282
26, 282
2, 282
18, 282
22, 282
38, 282
11, 282
18, 282
20, 282
18, 282
11, 282
7, 282
12, 282
19, 282
13, 282
4, 282
65, 282
6, 282
62, 282
18, 282
8, 282
24, 282
6, 282
47, 282
15, 282
12, 282
30, 282
0, 282
11, 282
2, 282
26, 282
12, 282
21, 282
33, 282
1, 282
20, 282
0, 282
28, 282
9, 282
1, 282
92, 282
14, 282
11, 282
13, 282
6, 282
3, 282
71, 282
3, 282
22, 282
13, 282
27, 282
14, 282
8, 282
3, 282
16, 282
34, 282
17, 282
5, 282
34, 282
24, 282
27, 282
55, 282
5, 282
4, 282
11, 282
26, 282
16, 282
2, 282
23, 282
6, 282
4, 282
34, 282
16, 282
21, 282
31, 282
7, 282
13, 282
11, 282
18, 282
67, 282
9, 282
0, 282
5, 282
16, 282
21, 282
5, 282
17, 282
5, 282
11, 282
25, 282
22, 282
20, 282
27, 282
27, 282
8, 282
14, 282
0, 282
8, 282
17, 282
32, 282
5, 282
29, 282
13, 282
28, 282
57, 282
15, 282
24, 282
1, 282
37, 282
44, 282
6, 282
16, 282
7, 282
18, 282
10, 282
8, 282
39, 282
23, 282
42, 282
31, 282
14, 282
0, 282
12, 282
42, 282
7, 282
20, 282
21, 282
5, 282
26, 282
14, 282
38, 282
20, 282
69, 282
1, 282
2, 282
15, 282
3, 282
71, 282
2, 282
11, 282
13, 282
18, 282
12, 282
45, 282
30, 282
26, 282
34, 282
1, 282
#Algorithm: Qlearning, Speed: 1, Boost: 5, PM: False, Env size: (20, 20), Car size: (6, 5),
#Counter: 10000000, Nsteps: 10000000, Gamma: 1, LearnRate: 0.01, Eps: 0.5, Epsdecay: 0.9
0, 0
0, 0
0, 0
0, 0
0, 0
0, 0
3, 3
0, 3
2, 3
0, 3
3, 3
0, 3
1, 3
2, 3
5, 5
6, 6
1, 6
8, 8
1, 8
0, 8
3, 8
4, 8
3, 8
2, 8
0, 8
2, 8
2, 8
0, 8
3, 8
4, 8
1, 8
10, 10
2, 10
1, 10
11, 11
3, 11
0, 11
0, 11
1, 11
1, 11
2, 11
1, 11
1, 11
5, 11
2, 11
3, 11
3, 11
4, 11
7, 11
0, 11
1, 11
1, 11
7, 11
2, 11
3, 11
9, 11
8, 11
2, 11
5, 11
4, 11
3, 11
1, 11
2, 11
0, 11
0, 11
7, 11
7, 11
1, 11
18, 18
5, 18
11, 18
3, 18
2, 18
1, 18
8, 18
1, 18
0, 18
0, 18
3, 18
7, 18
1, 18
1, 18
5, 18
6, 18
10, 18
8, 18
0, 18
0, 18
1, 18
0, 18
4, 18
4, 18
3, 18
0, 18
7, 18
17, 18
6, 18
1, 18
3, 18
5, 18
1, 18
5, 18
3, 18
4, 18
3, 18
4, 18
6, 18
1, 18
3, 18
3, 18
2, 18
6, 18
3, 18
16, 18
2, 18
8, 18
4, 18
1, 18
1, 18
2, 18
4, 18
0, 18
6, 18
8, 18
11, 18
8, 18
5, 18
2, 18
2, 18
9, 18
12, 18
7, 18
2, 18
12, 18
2, 18
1, 18
3, 18
1, 18
24, 24
2, 24
4, 24
0, 24
6, 24
4, 24
8, 24
21, 24
2, 24
5, 24
5, 24
3, 24
3, 24
0, 24
1, 24
12, 24
12, 24
5, 24
0, 24
13, 24
7, 24
5, 24
2, 24
4, 24
5, 24
8, 24
4, 24
5, 24
12, 24
2, 24
3, 24
1, 24
2, 24
15, 24
9, 24
0, 24
0, 24
8, 24
11, 24
0, 24
3, 24
3, 24
4, 24
6, 24
2, 24
6, 24
8, 24
2, 24
5, 24
2, 24
4, 24
3, 24
4, 24
0, 24
6, 24
15, 24
5, 24
0, 24
9, 24
0, 24
0, 24
12, 24
2, 24
3, 24
11, 24
6, 24
36, 36
25, 36
1, 36
1, 36
5, 36
2, 36
4, 36
22, 36
9, 36
4, 36
19, 36
8, 36
5, 36
6, 36
11, 36
5, 36
11, 36
2, 36
5, 36
14, 36
16, 36
21, 36
0, 36
10, 36
15, 36
10, 36
26, 36
6, 36
19, 36
11, 36
8, 36
14, 36
13, 36
10, 36
15, 36
11, 36
9, 36
1, 36
7, 36
8, 36
1, 36
4, 36
6, 36
4, 36
0, 36
6, 36
4, 36
4, 36
5, 36
22, 36
5, 36
7, 36
5, 36
6, 36
9, 36
5, 36
8, 36
9, 36
9, 36
28, 36
8, 36
28, 36
12, 36
0, 36
2, 36
11, 36
18, 36
27, 36
3, 36
4, 36
13, 36
15, 36
8, 36
5, 36
1, 36
0, 36
11, 36
1, 36
12, 36
2, 36
8, 36
5, 36
16, 36
7, 36
13, 36
5, 36
9, 36
5, 36
15, 36
6, 36
1, 36
2, 36
0, 36
19, 36
4, 36
21, 36
11, 36
2, 36
4, 36
8, 36
6, 36
1, 36
14, 36
5, 36
8, 36
10, 36
15, 36
18, 36
7, 36
1, 36
5, 36
38, 38
4, 38
6, 38
2, 38
15, 38
14, 38
2, 38
22, 38
1, 38
12, 38
11, 38
1, 38
4, 38
2, 38
0, 38
5, 38
19, 38
11, 38
21, 38
4, 38
5, 38
6, 38
7, 38
20, 38
4, 38
12, 38
15, 38
40, 40
20, 40
5, 40
3, 40
8, 40
8, 40
17, 40
39, 40
21, 40
9, 40
31, 40
27, 40
1, 40
13, 40
12, 40
1, 40
9, 40
9, 40
0, 40
22, 40
17, 40
12, 40
0, 40
9, 40
22, 40
1, 40
16, 40
2, 40
3, 40
0, 40
2, 40
12, 40
5, 40
11, 40
12, 40
9, 40
4, 40
4, 40
4, 40
2, 40
14, 40
14, 40
16, 40
2, 40
1, 40
28, 40
10, 40
4, 40
2, 40
7, 40
0, 40
7, 40
1, 40
14, 40
34, 40
17, 40
7, 40
21, 40
2, 40
32, 40
7, 40
12, 40
7, 40
8, 40
6, 40
2, 40
4, 40
3, 40
3, 40
26, 40
4, 40
2, 40
24, 40
21, 40
0, 40
12, 40
8, 40
4, 40
3, 40
14, 40
0, 40
2, 40
2, 40
4, 40
8, 40
8, 40
1, 40
8, 40
2, 40
1, 40
1, 40
6, 40
3, 40
12, 40
24, 40
7, 40
12, 40
5, 40
3, 40
0, 40
16, 40
4, 40
6, 40
25, 40
0, 40
1, 40
4, 40
8, 40
1, 40
11, 40
4, 40
0, 40
30, 40
8, 40
12, 40
10, 40
7, 40
8, 40
3, 40
5, 40
4, 40
3, 40
5, 40
2, 40
0, 40
4, 40
3, 40
11, 40
0, 40
6, 40
7, 40
6, 40
6, 40
0, 40
21, 40
1, 40
15, 40
6, 40
4, 40
0, 40
14, 40
3, 40
1, 40
3, 40
7, 40
11, 40
12, 40
2, 40
14, 40
0, 40
24, 40
1, 40
2, 40
11, 40
16, 40
0, 40
14, 40
3, 40
4, 40
7, 40
0, 40
6, 40
27, 40
3, 40
8, 40
33, 40
7, 40
4, 40
9, 40
2, 40
9, 40
4, 40
0, 40
12, 40
14, 40
3, 40
2, 40
0, 40
10, 40
14, 40
4, 40
7, 40
23, 40
9, 40
3, 40
2, 40
17, 40
6, 40
6, 40
6, 40
6, 40
20, 40
0, 40
17, 40
1, 40
13, 40
0, 40
8, 40
3, 40
0, 40
10, 40
0, 40
13, 40
2, 40
4, 40
4, 40
13, 40
6, 40
4, 40
0, 40
1, 40
4, 40
3, 40
1, 40
16, 40
4, 40
4, 40
11, 40
18, 40
10, 40
1, 40
14, 40
16, 40
4, 40
10, 40
1, 40
1, 40
3, 40
7, 40
18, 40
1, 40
2, 40
3, 40
1, 40
6, 40
4, 40
5, 40
1, 40
1, 40
4, 40
2, 40
5, 40
11, 40
4, 40
3, 40
9, 40
10, 40
14, 40
4, 40
2, 40
13, 40
5, 40
10, 40
6, 40
1, 40
4, 40
18, 40
10, 40
2, 40
9, 40
9, 40
1, 40
3, 40
1, 40
17, 40
2, 40
2, 40
15, 40
2, 40
2, 40
2, 40
4, 40
3, 40
11, 40
6, 40
16, 40
14, 40
13, 40
1, 40
8, 40
6, 40
8, 40
12, 40
7, 40
0, 40
3, 40
0, 40
13, 40
1, 40
0, 40
3, 40
11, 40
9, 40
27, 40
8, 40
49, 49
11, 49
0, 49
44, 49
5, 49
1, 49
5, 49
13, 49
11, 49
22, 49
11, 49
4, 49
10, 49
26, 49
4, 49
4, 49
3, 49
10, 49
20, 49
8, 49
3, 49
7, 49
4, 49
18, 49
2, 49
3, 49
12, 49
7, 49
1, 49
2, 49
1, 49
5, 49
13, 49
12, 49
7, 49
0, 49
1, 49
0, 49
3, 49
6, 49
0, 49
8, 49
2, 49
8, 49
0, 49
2, 49
7, 49
3, 49
0, 49
25, 49
0, 49
4, 49
12, 49
0, 49
4, 49
7, 49
8, 49
4, 49
2, 49
5, 49
4, 49
12, 49
6, 49
1, 49
9, 49
21, 49
35, 49
9, 49
0, 49
18, 49
26, 49
0, 49
8, 49
15, 49
4, 49
3, 49
9, 49
23, 49
36, 49
11, 49
0, 49
16, 49
3, 49
2, 49
3, 49
2, 49
19, 49
11, 49
1, 49
6, 49
12, 49
5, 49
6, 49
41, 49
10, 49
73, 73
5, 73
2, 73
3, 73
6, 73
27, 73
6, 73
28, 73
15, 73
7, 73
22, 73
24, 73
29, 73
5, 73
4, 73
8, 73
7, 73
2, 73
29, 73
8, 73
13, 73
16, 73
6, 73
30, 73
7, 73
16, 73
77, 77
29, 77
13, 77
1, 77
24, 77
19, 77
28, 77
1, 77
13, 77
3, 77
21, 77
5, 77
16, 77
3, 77
21, 77
14, 77
33, 77
49, 77
5, 77
26, 77
10, 77
31, 77
27, 77
30, 77
38, 77
18, 77
9, 77
2, 77
4, 77
11, 77
10, 77
5, 77
19, 77
11, 77
21, 77
16, 77
1, 77
14, 77
21, 77
30, 77
5, 77
12, 77
32, 77
26, 77
4, 77
9, 77
9, 77
8, 77
18, 77
11, 77
4, 77
45, 77
27, 77
27, 77
21, 77
45, 77
41, 77
19, 77
8, 77
38, 77
6, 77
3, 77
41, 77
26, 77
5, 77
31, 77
15, 77
7, 77
30, 77
5, 77
15, 77
1, 77
5, 77
1, 77
41, 77
43, 77
11, 77
18, 77
28, 77
15, 77
88, 88
47, 88
12, 88
7, 88
26, 88
67, 88
10, 88
6, 88
17, 88
11, 88
9, 88
3, 88
39, 88
40, 88
10, 88
29, 88
5, 88
10, 88
7, 88
41, 88
10, 88
7, 88
20, 88
84, 88
19, 88
76, 88
3, 88
38, 88
7, 88
2, 88
20, 88
7, 88
9, 88
75, 88
56, 88
23, 88
7, 88
14, 88
28, 88
86, 88
30, 88
17, 88
14, 88
38, 88
15, 88
74, 88
7, 88
25, 88
7, 88
14, 88
62, 88
77, 88
39, 88
14, 88
133, 133
19, 133
30, 133
3, 133
15, 133
22, 133
38, 133
21, 133
38, 133
44, 133
14, 133
27, 133
44, 133
11, 133
78, 133
6, 133
4, 133
10, 133
69, 133
31, 133
17, 133
14, 133
4, 133
64, 133
12, 133
5, 133
61, 133
26, 133
41, 133
24, 133
15, 133
95, 133
67, 133
17, 133
35, 133
10, 133
10, 133
65, 133
76, 133
36, 133
1, 133
76, 133
12, 133
45, 133
41, 133
12, 133
7, 133
18, 133
14, 133
59, 133
29, 133
17, 133
26, 133
13, 133
12, 133
35, 133
22, 133
6, 133
8, 133
48, 133
101, 133
26, 133
12, 133
6, 133
17, 133
8, 133
16, 133
26, 133
38, 133
19, 133
14, 133
17, 133
3, 133
65, 133
14, 133
26, 133
56, 133
44, 133
14, 133
7, 133
7, 133
1, 133
19, 133
7, 133
20, 133
24, 133
31, 133
10, 133
21, 133
50, 133
67, 133
6, 133
40, 133
134, 134
75, 134
97, 134
9, 134
25, 134
6, 134
23, 134
135, 135
3, 135
25, 135
10, 135
23, 135
42, 135
63, 135
52, 135
35, 135
37, 135
70, 135
25, 135
48, 135
6, 135
147, 147
14, 147
80, 147
2, 147
9, 147
126, 147
47, 147
36, 147
53, 147
1, 147
30, 147
35, 147
11, 147
49, 147
22, 147
21, 147
2, 147
58, 147
29, 147
7, 147
24, 147
33, 147
15, 147
12, 147
5, 147
14, 147
35, 147
37, 147
3, 147
34, 147
12, 147
6, 147
51, 147
29, 147
72, 147
23, 147
43, 147
1, 147
74, 147
43, 147
9, 147
10, 147
6, 147
10, 147
15, 147
64, 147
5, 147
6, 147
5, 147
6, 147
44, 147
14, 147
139, 147
22, 147
7, 147
11, 147
25, 147
14, 147
6, 147
24, 147
25, 147
13, 147
33, 147
57, 147
8, 147
12, 147
11, 147
23, 147
27, 147
33, 147
4, 147
6, 147
7, 147
19, 147
11, 147
91, 147
28, 147
55, 147
34, 147
10, 147
22, 147
14, 147
15, 147
50, 147
88, 147
15, 147
19, 147
25, 147
113, 147
64, 147
13, 147
86, 147
16, 147
6, 147
38, 147
70, 147
26, 147
9, 147
60, 147
4, 147
53, 147
30, 147
111, 147
7, 147
31, 147
11, 147
13, 147
4, 147
73, 147
36, 147
40, 147
37, 147
26, 147
41, 147
13, 147
3, 147
18, 147
21, 147
10, 147
8, 147
25, 147
18, 147
2, 147
31, 147
10, 147
29, 147
19, 147
9, 147
13, 147
16, 147
12, 147
9, 147
46, 147
17, 147
78, 147
104, 147
74, 147
165, 165
195, 195
19, 195
2, 195
8, 195
17, 195
13, 195
30, 195
39, 195
22, 195
14, 195
24, 195
26, 195
35, 195
10, 195
73, 195
7, 195
27, 195
4, 195
4, 195
58, 195
27, 195
1, 195
30, 195
4, 195
16, 195
13, 195
11, 195
13, 195
7, 195
57, 195
38, 195
7, 195
38, 195
27, 195
50, 195
4, 195
55, 195
161, 195
44, 195
45, 195
108, 195
26, 195
32, 195
23, 195
6, 195
17, 195
68, 195
4, 195
3, 195
1, 195
25, 195
23, 195
24, 195
60, 195
54, 195
23, 195
83, 195
24, 195
6, 195
91, 195
93, 195
36, 195
68, 195
38, 195
17, 195
28, 195
10, 195
29, 195
43, 195
24, 195
26, 195
114, 195
17, 195
3, 195
59, 195
47, 195
148, 195
45, 195
16, 195
18, 195
37, 195
6, 195
50, 195
86, 195
12, 195
17, 195
118, 195
6, 195
35, 195
55, 195
19, 195
8, 195
332, 332
10, 332
102, 332
145, 332
81, 332
25, 332
21, 332
49, 332
39, 332
309, 332
101, 332
11, 332
33, 332
3, 332
146, 332
43, 332
13, 332
157, 332
213, 332
31, 332
64, 332
120, 332
11, 332
31, 332
24, 332
43, 332
7, 332
7, 332
37, 332
45, 332
8, 332
35, 332
5, 332
65, 332
47, 332
67, 332
81, 332
42, 332
23, 332
56, 332
8, 332
72, 332
50, 332
2, 332
17, 332
82, 332
41, 332
47, 332
28, 332
82, 332
37, 332
40, 332
44, 332
4, 332
30, 332
29, 332
6, 332
7, 332
0, 332
64, 332
9, 332
11, 332
11, 332
1, 332
14, 332
34, 332
40, 332
65, 332
25, 332
0, 332
35, 332
103, 332
91, 332
78, 332
47, 332
140, 332
49, 332
91, 332
567, 567
135, 567
132, 567
115, 567
30, 567
17, 567
57, 567
119, 567
79, 567
254, 567
6, 567
458, 567
296, 567
49, 567
225, 567
64, 567
210, 567
46, 567
109, 567
158, 567
128, 567
79, 567
192, 567
127, 567
192, 567
342, 567
123, 567
91, 567
150, 567
27, 567
241, 567
14, 567
61, 567
154, 567
88, 567
44, 567
4, 567
59, 567
48, 567
34, 567
52, 567
44, 567
3, 567
45, 567
36, 567
85, 567
6, 567
21, 567
36, 567
14, 567
70, 567
34, 567
198, 567
40, 567
10, 567
42, 567
54, 567
215, 567
44, 567
115, 567
967, 967
78, 967
198, 967
25, 967
0, 967
49, 967
51, 967
26, 967
61, 967
41, 967
98, 967
5, 967
2, 967
7, 967
17, 967
31, 967
13, 967
4, 967
65, 967
94, 967
212, 967
69, 967
21, 967
52, 967
46, 967
63, 967
132, 967
7, 967
120, 967
11, 967
171, 967
16, 967
25, 967
95, 967
124, 967
41, 967
4, 967
12, 967
23, 967
8, 967
83, 967
12, 967
116, 967
172, 967
103, 967
83, 967
102, 967
14, 967
11, 967
22, 967
125, 967
53, 967
132, 967
51, 967
70, 967
28, 967
6, 967
182, 967
191, 967
14, 967
164, 967
4, 967
76, 967
5, 967
27, 967
6, 967
7, 967
222, 967
51, 967
72, 967
31, 967
131, 967
59, 967
20, 967
50, 967
100, 967
78, 967
26, 967
29, 967
29, 967
143, 967
21, 967
137, 967
105, 967
2, 967
215, 967
638, 967
146, 967
176, 967
243, 967
133, 967
209, 967
61, 967
164, 967
130, 967
100, 967
84, 967
79, 967
476, 967
278, 967
1041, 1041
624, 1041
277, 1041
252, 1041
36, 1041
548, 1041
78, 1041
8, 1041
287, 1041
90, 1041
30, 1041
305, 1041
552, 1041
438, 1041
227, 1041
182, 1041
127, 1041
218, 1041
275, 1041
529, 1041
16, 1041
715, 1041
54, 1041
116, 1041
154, 1041
233, 1041
121, 1041
35, 1041
28, 1041
12, 1041
373, 1041
18, 1041
212, 1041
25, 1041
438, 1041
19, 1041
83, 1041
568, 1041
201, 1041
372, 1041
178, 1041
439, 1041
82, 1041
253, 1041
41, 1041
195, 1041
1270, 1270
19, 1270
92, 1270
59, 1270
299, 1270
564, 1270
45, 1270
269, 1270
209, 1270
278, 1270
220, 1270
133, 1270
131, 1270
118, 1270
201, 1270
138, 1270
226, 1270
415, 1270
433, 1270
42, 1270
250, 1270
29, 1270
579, 1270
189, 1270
12, 1270
456, 1270
23, 1270
272, 1270
192, 1270
540, 1270
16, 1270
21, 1270
263, 1270
172, 1270
313, 1270
160, 1270
415, 1270
471, 1270
39, 1270
224, 1270
50, 1270
69, 1270
145, 1270
246, 1270
11, 1270
12, 1270
503, 1270
53, 1270
272, 1270
33, 1270
189, 1270
130, 1270
33, 1270
18, 1270
270, 1270
22, 1270
13, 1270
206, 1270
787, 1270
170, 1270
378, 1270
440, 1270
269, 1270
567, 1270
270, 1270
180, 1270
403, 1270
163, 1270
238, 1270
47, 1270
161, 1270
583, 1270
670, 1270
63, 1270
79, 1270
253, 1270
269, 1270
204, 1270
180, 1270
49, 1270
64, 1270
496, 1270
95, 1270
68, 1270
335, 1270
214, 1270
356, 1270
217, 1270
118, 1270
486, 1270
150, 1270
828, 1270
63, 1270
8, 1270
530, 1270
558, 1270
351, 1270
308, 1270
105, 1270
360, 1270
103, 1270
76, 1270
139, 1270
58, 1270
180, 1270
61, 1270
641, 1270
212, 1270
471, 1270
83, 1270
157, 1270
435, 1270
56, 1270
62, 1270
210, 1270
88, 1270
83, 1270
84, 1270
591, 1270
143, 1270
145, 1270
355, 1270
76, 1270
578, 1270
518, 1270
8, 1270
380, 1270
321, 1270
74, 1270
172, 1270
80, 1270
188, 1270
690, 1270
12, 1270
170, 1270
352, 1270
53, 1270
263, 1270
305, 1270
274, 1270
116, 1270
124, 1270
94, 1270
155, 1270
309, 1270
31, 1270
373, 1270
140, 1270
5, 1270
558, 1270
16, 1270
297, 1270
708, 1270
102, 1270
71, 1270
109, 1270
266, 1270
352, 1270
107, 1270
399, 1270
10, 1270
151, 1270
186, 1270
613, 1270
166, 1270
422, 1270
44, 1270
326, 1270
399, 1270
216, 1270
210, 1270
161, 1270
101, 1270
62, 1270
534, 1270
1121, 1270
317, 1270
303, 1270
382, 1270
1169, 1270
#Algorithm: Qlearning, Speed: 1, Boost: 5, PM: False, Env size: (20, 20), Car size: (6, 5),
#Counter: 10000000, Nsteps: 10000000, Gamma: 1, LearnRate: 0.01, Eps: 0.5, Epsdecay: 0.9
0, 0
0, 0
3, 3
0, 3
0, 3
0, 3
0, 3
0, 3
1, 3
0, 3
1, 3
0, 3
1, 3
0, 3
1, 3
3, 3
1, 3
0, 3
1, 3
0, 3
0, 3
2, 3
4, 4
7, 7
5, 7
1, 7
3, 7
1, 7
0, 7
2, 7
2, 7
2, 7
1, 7
1, 7
1, 7
1, 7
0, 7
4, 7
9, 9
1, 9
0, 9
1, 9
1, 9
2, 9
5, 9
7, 9
1, 9
0, 9
7, 9
1, 9
4, 9
7, 9
2, 9
4, 9
3, 9
3, 9
3, 9
0, 9
2, 9
1, 9
4, 9
2, 9
4, 9
0, 9
3, 9
1, 9
1, 9
3, 9
3, 9
3, 9
5, 9
6, 9
2, 9
1, 9
2, 9
7, 9
11, 11
3, 11
1, 11
2, 11
12, 12
5, 12
8, 12
1, 12
1, 12
0, 12
3, 12
2, 12
5, 12
1, 12
0, 12
2, 12
0, 12
0, 12
6, 12
1, 12
8, 12
2, 12
4, 12
5, 12
3, 12
1, 12
3, 12
5, 12
1, 12
5, 12
2, 12
3, 12
4, 12
7, 12
10, 12
1, 12
2, 12
8, 12
12, 12
7, 12
0, 12
3, 12
3, 12
6, 12
5, 12
3, 12
2, 12
2, 12
2, 12
2, 12
2, 12
0, 12
2, 12
12, 12
4, 12
5, 12
7, 12
0, 12
7, 12
2, 12
2, 12
0, 12
0, 12
2, 12
3, 12
2, 12
1, 12
2, 12
1, 12
4, 12
3, 12
5, 12
2, 12
0, 12
2, 12
1, 12
1, 12
5, 12
6, 12
2, 12
0, 12
0, 12
0, 12
9, 12
3, 12
7, 12
1, 12
0, 12
2, 12
3, 12
6, 12
0, 12
0, 12
8, 12
2, 12
12, 12
3, 12
2, 12
6, 12
2, 12
8, 12
5, 12
10, 12
0, 12
3, 12
0, 12
0, 12
8, 12
6, 12
1, 12
0, 12
0, 12
10, 12
9, 12
13, 13
0, 13
7, 13
1, 13
2, 13
0, 13
2, 13
5, 13
6, 13
4, 13
14, 14
0, 14
1, 14
6, 14
5, 14
7, 14
4, 14
3, 14
4, 14
6, 14
3, 14
4, 14
3, 14
0, 14
5, 14
1, 14
0, 14
2, 14
5, 14
4, 14
1, 14
9, 14
6, 14
2, 14
15, 15
20, 20
1, 20
15, 20
7, 20
5, 20
7, 20
4, 20
6, 20
9, 20
9, 20
19, 20
3, 20
6, 20
3, 20
7, 20
2, 20
2, 20
4, 20
9, 20
3, 20
4, 20
7, 20
2, 20
10, 20
3, 20
1, 20
4, 20
2, 20
4, 20
3, 20
2, 20
2, 20
3, 20
0, 20
3, 20
13, 20
0, 20
8, 20
4, 20
6, 20
7, 20
0, 20
7, 20
10, 20
13, 20
4, 20
4, 20
2, 20
8, 20
3, 20
2, 20
8, 20
0, 20
18, 20
8, 20
7, 20
10, 20
9, 20
4, 20
9, 20
2, 20
15, 20
6, 20
16, 20
0, 20
4, 20
11, 20
3, 20
4, 20
0, 20
4, 20
28, 28
3, 28
3, 28
9, 28
1, 28
5, 28
2, 28
12, 28
6, 28
9, 28
8, 28
3, 28
5, 28
3, 28
3, 28
3, 28
0, 28
1, 28
20, 28
16, 28
10, 28
3, 28
2, 28
1, 28
1, 28
15, 28
12, 28
5, 28
5, 28
4, 28
10, 28
15, 28
7, 28
4, 28
12, 28
3, 28
5, 28
6, 28
9, 28
4, 28
8, 28
0, 28
16, 28
14, 28
5, 28
12, 28
1, 28
3, 28
6, 28
19, 28
9, 28
3, 28
11, 28
7, 28
0, 28
10, 28
3, 28
4, 28
6, 28
11, 28
5, 28
1, 28
19, 28
2, 28
3, 28
7, 28
5, 28
8, 28
13, 28
3, 28
4, 28
1, 28
9, 28
4, 28
20, 28
0, 28
11, 28
12, 28
3, 28
0, 28
19, 28
10, 28
12, 28
24, 28
3, 28
6, 28
2, 28
22, 28
5, 28
27, 28
14, 28
15, 28
5, 28
10, 28
8, 28
12, 28
4, 28
4, 28
6, 28
43, 43
14, 43
8, 43
12, 43
6, 43
5, 43
0, 43
9, 43
10, 43
22, 43
1, 43
5, 43
28, 43
4, 43
8, 43
13, 43
8, 43
4, 43
11, 43
6, 43
0, 43
6, 43
11, 43
9, 43
0, 43
16, 43
29, 43
6, 43
9, 43
14, 43
1, 43
10, 43
8, 43
3, 43
6, 43
6, 43
4, 43
6, 43
17, 43
10, 43
19, 43
10, 43
11, 43
20, 43
1, 43
3, 43
12, 43
14, 43
3, 43
6, 43
13, 43
7, 43
1, 43
8, 43
4, 43
7, 43
3, 43
8, 43
15, 43
20, 43
2, 43
4, 43
10, 43
7, 43
4, 43
24, 43
11, 43
14, 43
19, 43
7, 43
15, 43
3, 43
14, 43
1, 43
35, 43
7, 43
5, 43
10, 43
7, 43
11, 43
8, 43
0, 43
0, 43
11, 43
2, 43
14, 43
1, 43
2, 43
4, 43
5, 43
4, 43
5, 43
3, 43
2, 43
6, 43
1, 43
33, 43
6, 43
3, 43
0, 43
11, 43
6, 43
36, 43
8, 43
14, 43
6, 43
26, 43
1, 43
19, 43
10, 43
3, 43
5, 43
3, 43
1, 43
7, 43
8, 43
29, 43
0, 43
4, 43
21, 43
14, 43
2, 43
0, 43
12, 43
19, 43
3, 43
5, 43
13, 43
8, 43
19, 43
4, 43
0, 43
11, 43
15, 43
7, 43
2, 43
1, 43
0, 43
3, 43
14, 43
8, 43
16, 43
18, 43
21, 43
12, 43
7, 43
7, 43
1, 43
16, 43
0, 43
8, 43
4, 43
7, 43
8, 43
17, 43
40, 43
36, 43
5, 43
8, 43
10, 43
1, 43
30, 43
11, 43
6, 43
3, 43
18, 43
13, 43
3, 43
2, 43
15, 43
0, 43
0, 43
16, 43
7, 43
4, 43
4, 43
0, 43
9, 43
31, 43
5, 43
4, 43
14, 43
27, 43
11, 43
12, 43
20, 43
0, 43
9, 43
15, 43
10, 43
6, 43
6, 43
0, 43
10, 43
20, 43
4, 43
5, 43
10, 43
9, 43
2, 43
16, 43
5, 43
9, 43
11, 43
0, 43
57, 57
9, 57
15, 57
4, 57
4, 57
16, 57
14, 57
17, 57
2, 57
10, 57
2, 57
1, 57
2, 57
8, 57
23, 57
3, 57
4, 57
3, 57
4, 57
4, 57
5, 57
13, 57
21, 57
5, 57
2, 57
2, 57
11, 57
0, 57
17, 57
6, 57
3, 57
4, 57
29, 57
4, 57
4, 57
11, 57
3, 57
7, 57
2, 57
2, 57
58, 58
1, 58
34, 58
20, 58
4, 58
1, 58
37, 58
16, 58
20, 58
10, 58
2, 58
4, 58
5, 58
6, 58
0, 58
3, 58
1, 58
2, 58
2, 58
12, 58
5, 58
1, 58
45, 58
29, 58
19, 58
20, 58
19, 58
11, 58
7, 58
2, 58
2, 58
2, 58
34, 58
11, 58
1, 58
0, 58
10, 58
8, 58
0, 58
13, 58
14, 58
5, 58
1, 58
7, 58
57, 58
24, 58
12, 58
1, 58
4, 58
4, 58
3, 58
45, 58
10, 58
11, 58
8, 58
8, 58
2, 58
2, 58
19, 58
1, 58
8, 58
6, 58
4, 58
18, 58
8, 58
9, 58
31, 58
1, 58
18, 58
3, 58
0, 58
10, 58
14, 58
16, 58
4, 58
1, 58
3, 58
2, 58
21, 58
8, 58
0, 58
14, 58
3, 58
3, 58
13, 58
2, 58
9, 58
6, 58
25, 58
8, 58
2, 58
13, 58
42, 58
11, 58
2, 58
1, 58
4, 58
4, 58
1, 58
3, 58
13, 58
0, 58
25, 58
4, 58
4, 58
3, 58
4, 58
4, 58
13, 58
19, 58
11, 58
7, 58
7, 58
0, 58
5, 58
8, 58
7, 58
2, 58
8, 58
13, 58
9, 58
16, 58
0, 58
1, 58
25, 58
4, 58
2, 58
8, 58
0, 58
10, 58
6, 58
13, 58
18, 58
14, 58
27, 58
5, 58
2, 58
20, 58
8, 58
13, 58
17, 58
6, 58
0, 58
1, 58
5, 58
2, 58
18, 58
8, 58
11, 58
5, 58
4, 58
3, 58
19, 58
2, 58
1, 58
18, 58
16, 58
1, 58
18, 58
4, 58
2, 58
3, 58
13, 58
1, 58
6, 58
18, 58
0, 58
7, 58
4, 58
5, 58
4, 58
20, 58
1, 58
1, 58
0, 58
6, 58
3, 58
1, 58
14, 58
7, 58
1, 58
11, 58
2, 58
10, 58
0, 58
13, 58
9, 58
1, 58
9, 58
12, 58
13, 58
12, 58
5, 58
12, 58
6, 58
1, 58
23, 58
3, 58
4, 58
22, 58
8, 58
15, 58
11, 58
11, 58
9, 58
4, 58
0, 58
3, 58
3, 58
34, 58
0, 58
0, 58
0, 58
8, 58
10, 58
12, 58
6, 58
9, 58
10, 58
16, 58
10, 58
0, 58
4, 58
8, 58
12, 58
28, 58
3, 58
0, 58
8, 58
30, 58
26, 58
7, 58
12, 58
12, 58
8, 58
1, 58
4, 58
40, 58
21, 58
3, 58
9, 58
39, 58
20, 58
2, 58
8, 58
3, 58
7, 58
8, 58
1, 58
0, 58
12, 58
4, 58
0, 58
0, 58
12, 58
4, 58
14, 58
36, 58
0, 58
9, 58
0, 58
28, 58
3, 58
8, 58
6, 58
1, 58
3, 58
1, 58
1, 58
16, 58
10, 58
12, 58
15, 58
0, 58
23, 58
17, 58
11, 58
7, 58
17, 58
7, 58
2, 58
4, 58
0, 58
17, 58
4, 58
17, 58
2, 58
7, 58
1, 58
6, 58
1, 58
9, 58
3, 58
11, 58
23, 58
7, 58
1, 58
20, 58
1, 58
2, 58
11, 58
9, 58
20, 58
1, 58
5, 58
7, 58
17, 58
36, 58
18, 58
46, 58
8, 58
12, 58
4, 58
0, 58
7, 58
6, 58
30, 58
60, 60
24, 60
7, 60
1, 60
5, 60
11, 60
14, 60
15, 60
12, 60
14, 60
2, 60
10, 60
7, 60
3, 60
40, 60
7, 60
0, 60
9, 60
20, 60
5, 60
25, 60
11, 60
15, 60
6, 60
0, 60
19, 60
0, 60
16, 60
1, 60
26, 60
21, 60
1, 60
14, 60
0, 60
11, 60
5, 60
9, 60
10, 60
6, 60
16, 60
18, 60
4, 60
2, 60
0, 60
11, 60
11, 60
7, 60
3, 60
4, 60
22, 60
12, 60
4, 60
0, 60
14, 60
0, 60
7, 60
2, 60
6, 60
2, 60
0, 60
2, 60
1, 60
0, 60
4, 60
6, 60
5, 60
29, 60
0, 60
33, 60
2, 60
1, 60
11, 60
16, 60
1, 60
12, 60
20, 60
12, 60
14, 60
4, 60
17, 60
2, 60
28, 60
0, 60
0, 60
9, 60
0, 60
8, 60
9, 60
0, 60
1, 60
16, 60
12, 60
8, 60
28, 60
27, 60
8, 60
26, 60
23, 60
5, 60
35, 60
11, 60
43, 60
11, 60
5, 60
16, 60
31, 60
3, 60
18, 60
9, 60
21, 60
35, 60
3, 60
1, 60
13, 60
11, 60
2, 60
7, 60
12, 60
14, 60
12, 60
8, 60
7, 60
14, 60
5, 60
23, 60
27, 60
8, 60
4, 60
46, 60
15, 60
2, 60
4, 60
17, 60
4, 60
10, 60
23, 60
7, 60
2, 60
9, 60
16, 60
34, 60
11, 60
22, 60
80, 80
4, 80
18, 80
29, 80
10, 80
2, 80
30, 80
8, 80
5, 80
7, 80
36, 80
16, 80
12, 80
24, 80
43, 80
8, 80
10, 80
6, 80
3, 80
35, 80
45, 80
1, 80
18, 80
44, 80
45, 80
12, 80
25, 80
33, 80
7, 80
11, 80
28, 80
65, 80
4, 80
5, 80
24, 80
47, 80
22, 80
40, 80
18, 80
23, 80
10, 80
10, 80
3, 80
4, 80
15, 80
15, 80
5, 80
61, 80
36, 80
26, 80
42, 80
31, 80
8, 80
4, 80
13, 80
27, 80
31, 80
10, 80
7, 80
72, 80
63, 80
1, 80
24, 80
8, 80
1, 80
8, 80
59, 80
4, 80
14, 80
1, 80
41, 80
7, 80
3, 80
28, 80
15, 80
73, 80
5, 80
5, 80
17, 80
12, 80
9, 80
50, 80
3, 80
14, 80
50, 80
7, 80
8, 80
8, 80
21, 80
6, 80
19, 80
28, 80
8, 80
81, 81
18, 81
22, 81
98, 98
9, 98
12, 98
14, 98
15, 98
28, 98
22, 98
8, 98
28, 98
46, 98
35, 98
56, 98
5, 98
21, 98
6, 98
53, 98
36, 98
48, 98
31, 98
30, 98
17, 98
39, 98
20, 98
4, 98
6, 98
49, 98
25, 98
18, 98
21, 98
38, 98
75, 98
14, 98
3, 98
13, 98
42, 98
4, 98
12, 98
17, 98
11, 98
81, 98
11, 98
18, 98
20, 98
14, 98
46, 98
26, 98
28, 98
15, 98
38, 98
7, 98
8, 98
10, 98
23, 98
87, 98
79, 98
41, 98
16, 98
21, 98
68, 98
13, 98
12, 98
19, 98
80, 98
27, 98
30, 98
49, 98
9, 98
10, 98
6, 98
75, 98
5, 98
84, 98
4, 98
36, 98
4, 98
43, 98
8, 98
14, 98
17, 98
1, 98
124, 124
31, 124
12, 124
23, 124
2, 124
27, 124
18, 124
48, 124
23, 124
32, 124
26, 124
66, 124
22, 124
49, 124
15, 124
46, 124
62, 124
20, 124
26, 124
8, 124
3, 124
98, 124
8, 124
6, 124
7, 124
104, 124
9, 124
19, 124
9, 124
20, 124
2, 124
17, 124
16, 124
7, 124
3, 124
4, 124
12, 124
6, 124
46, 124
48, 124
6, 124
1, 124
20, 124
24, 124
4, 124
2, 124
3, 124
10, 124
14, 124
14, 124
25, 124
1, 124
11, 124
5, 124
8, 124
87, 124
31, 124
31, 124
2, 124
99, 124
8, 124
6, 124
2, 124
1, 124
4, 124
67, 124
16, 124
38, 124
30, 124
3, 124
92, 124
12, 124
5, 124
3, 124
24, 124
14, 124
33, 124
10, 124
21, 124
45, 124
2, 124
32, 124
50, 124
43, 124
11, 124
3, 124
135, 135
65, 135
7, 135
22, 135
21, 135
14, 135
24, 135
31, 135
9, 135
26, 135
33, 135
76, 135
53, 135
51, 135
7, 135
48, 135
12, 135
60, 135
137, 137
15, 137
6, 137
23, 137
37, 137
32, 137
16, 137
37, 137
74, 137
23, 137
13, 137
26, 137
37, 137
58, 137
3, 137
30, 137
9, 137
9, 137
28, 137
31, 137
5, 137
20, 137
12, 137
68, 137
13, 137
24, 137
9, 137
17, 137
49, 137
51, 137
40, 137
17, 137
34, 137
3, 137
31, 137
52, 137
4, 137
24, 137
17, 137
60, 137
55, 137
14, 137
1, 137
37, 137
38, 137
3, 137
14, 137
14, 137
3, 137
3, 137
22, 137
19, 137
1, 137
33, 137
16, 137
35, 137
12, 137
12, 137
12, 137
23, 137
18, 137
2, 137
78, 137
16, 137
66, 137
17, 137
9, 137
38, 137
23, 137
4, 137
13, 137
109, 137
19, 137
59, 137
21, 137
13, 137
14, 137
74, 137
60, 137
2, 137
28, 137
12, 137
45, 137
4, 137
23, 137
76, 137
13, 137
49, 137
48, 137
27, 137
19, 137
24, 137
36, 137
13, 137
8, 137
19, 137
1, 137
31, 137
23, 137
38, 137
38, 137
45, 137
19, 137
12, 137
10, 137
79, 137
1, 137
85, 137
77, 137
8, 137
17, 137
17, 137
10, 137
18, 137
8, 137
93, 137
21, 137
42, 137
50, 137
9, 137
18, 137
42, 137
10, 137
23, 137
24, 137
60, 137
35, 137
19, 137
36, 137
30, 137
33, 137
7, 137
81, 137
35, 137
1, 137
54, 137
109, 137
8, 137
8, 137
9, 137
20, 137
17, 137
9, 137
33, 137
63, 137
120, 137
9, 137
112, 137
58, 137
20, 137
102, 137
25, 137
20, 137
22, 137
11, 137
37, 137
48, 137
6, 137
1, 137
76, 137
13, 137
137, 137
96, 137
22, 137
24, 137
23, 137
7, 137
17, 137
185, 185
10, 185
92, 185
45, 185
65, 185
30, 185
36, 185
4, 185
43, 185
33, 185
3, 185
33, 185
16, 185
27, 185
14, 185
33, 185
38, 185
63, 185
11, 185
15, 185
55, 185
54, 185
14, 185
16, 185
21, 185
6, 185
8, 185
14, 185
55, 185
7, 185
6, 185
45, 185
33, 185
19, 185
42, 185
125, 185
13, 185
16, 185
31, 185
46, 185
23, 185
50, 185
68, 185
23, 185
16, 185
3, 185
7, 185
2, 185
73, 185
70, 185
10, 185
6, 185
9, 185
22, 185
59, 185
70, 185
34, 185
23, 185
5, 185
93, 185
73, 185
18, 185
40, 185
53, 185
168, 185
17, 185
34, 185
11, 185
80, 185
20, 185
13, 185
33, 185
14, 185
28, 185
10, 185
134, 185
74, 185
8, 185
20, 185
4, 185
0, 185
0, 185
75, 185
0, 185
4, 185
23, 185
65, 185
40, 185
49, 185
9, 185
12, 185
46, 185
236, 236
9, 236
175, 236
222, 236
17, 236
28, 236
12, 236
51, 236
163, 236
9, 236
115, 236
53, 236
30, 236
45, 236
40, 236
37, 236
28, 236
66, 236
78, 236
174, 236
5, 236
50, 236
5, 236
35, 236
201, 236
37, 236
5, 236
102, 236
100, 236
3, 236
47, 236
93, 236
120, 236
44, 236
85, 236
61, 236
52, 236
57, 236
92, 236
116, 236
49, 236
23, 236
139, 236
12, 236
137, 236
56, 236
50, 236
20, 236
96, 236
33, 236
26, 236
20, 236
163, 236
140, 236
48, 236
34, 236
326, 326
109, 326
41, 326
57, 326
#Algorithm: Qlearning, Speed: 1, Boost: 5, PM: False, Env size: (20, 20), Car size: (6, 5),
#Counter: 10000000, Nsteps: 10000000, Gamma: 1, LearnRate: 0.01, Eps: 0.5, Epsdecay: 0.9
0, 0
0, 0
0, 0
0, 0
0, 0
0, 0
0, 0
1, 1
1, 1
1, 1
1, 1
2, 2
2, 2
2, 2
2, 2
1, 2
4, 4
0, 4
1, 4
1, 4
2, 4
3, 4
1, 4
2, 4
2, 4
0, 4
3, 4
3, 4
2, 4
1, 4
1, 4
3, 4
2, 4
0, 4
2, 4
11, 11
7, 11
5, 11
1, 11
10, 11
3, 11
1, 11
0, 11
2, 11
1, 11
4, 11
3, 11
1, 11
4, 11
2, 11
10, 11
1, 11
2, 11
4, 11
2, 11
4, 11
4, 11
2, 11
7, 11
21, 21
4, 21
7, 21
1, 21
3, 21
1, 21
6, 21
4, 21
1, 21
0, 21
5, 21
0, 21
4, 21
5, 21
1, 21
1, 21
1, 21
1, 21
1, 21
5, 21
3, 21
4, 21
3, 21
2, 21
0, 21
5, 21
4, 21
2, 21
4, 21
4, 21
0, 21
2, 21
2, 21
9, 21
5, 21
1, 21
3, 21
3, 21
3, 21
2, 21
0, 21
4, 21
7, 21
3, 21
1, 21
9, 21
1, 21
8, 21
0, 21
2, 21
0, 21
0, 21
8, 21
1, 21
4, 21
12, 21
5, 21
9, 21
12, 21
8, 21
3, 21
9, 21
1, 21
0, 21
3, 21
1, 21
3, 21
2, 21
1, 21
4, 21
4, 21
3, 21
5, 21
6, 21
3, 21
5, 21
9, 21
1, 21
4, 21
3, 21
6, 21
8, 21
2, 21
4, 21
2, 21
2, 21
3, 21
4, 21
3, 21
0, 21
1, 21
0, 21
0, 21
5, 21
2, 21
1, 21
2, 21
2, 21
1, 21
7, 21
7, 21
8, 21
3, 21
8, 21
5, 21
0, 21
9, 21
8, 21
10, 21
16, 21
4, 21
0, 21
2, 21
1, 21
3, 21
2, 21
5, 21
3, 21
0, 21
7, 21
4, 21
4, 21
4, 21
5, 21
0, 21
7, 21
6, 21
1, 21
5, 21
7, 21
7, 21
5, 21
2, 21
0, 21
3, 21
1, 21
6, 21
3, 21
2, 21
9, 21
8, 21
1, 21
3, 21
3, 21
10, 21
3, 21
0, 21
7, 21
0, 21
8, 21
5, 21
3, 21
18, 21
1, 21
0, 21
6, 21
10, 21
5, 21
4, 21
3, 21
17, 21
2, 21
3, 21
3, 21
10, 21
1, 21
2, 21
2, 21
7, 21
7, 21
4, 21
0, 21
7, 21
9, 21
3, 21
1, 21
2, 21
0, 21
7, 21
2, 21
10, 21
3, 21
1, 21
3, 21
0, 21
5, 21
9, 21
6, 21
3, 21
1, 21
7, 21
1, 21
1, 21
6, 21
8, 21
2, 21
1, 21
8, 21
1, 21
0, 21
2, 21
3, 21
2, 21
7, 21
1, 21
1, 21
2, 21
4, 21
4, 21
6, 21
1, 21
6, 21
0, 21
3, 21
4, 21
1, 21
2, 21
1, 21
5, 21
9, 21
0, 21
2, 21
6, 21
2, 21
3, 21
8, 21
7, 21
2, 21
0, 21
1, 21
1, 21
4, 21
7, 21
10, 21
17, 21
2, 21
2, 21
1, 21
31, 31
1, 31
4, 31
12, 31
11, 31
8, 31
1, 31
3, 31
6, 31
1, 31
1, 31
12, 31
8, 31
5, 31
5, 31
0, 31
4, 31
4, 31
4, 31
0, 31
6, 31
22, 31
0, 31
11, 31
10, 31
10, 31
7, 31
14, 31
5, 31
21, 31
19, 31
3, 31
7, 31
11, 31
2, 31
7, 31
6, 31
13, 31
1, 31
2, 31
8, 31
6, 31
7, 31
6, 31
5, 31
10, 31
15, 31
10, 31
1, 31
5, 31
12, 31
3, 31
8, 31
2, 31
13, 31
5, 31
11, 31
6, 31
11, 31
0, 31
9, 31
11, 31
5, 31
14, 31
4, 31
7, 31
5, 31
15, 31
8, 31
22, 31
3, 31
14, 31
2, 31
4, 31
2, 31
8, 31
5, 31
7, 31
2, 31
8, 31
7, 31
11, 31
41, 41
6, 41
0, 41
14, 41
4, 41
13, 41
10, 41
7, 41
5, 41
1, 41
2, 41
6, 41
7, 41
17, 41
13, 41
12, 41
16, 41
3, 41
13, 41
3, 41
20, 41
4, 41
12, 41
0, 41
10, 41
15, 41
6, 41
16, 41
18, 41
8, 41
19, 41
0, 41
3, 41
14, 41
7, 41
8, 41
17, 41
8, 41
11, 41
7, 41
8, 41
10, 41
6, 41
3, 41
1, 41
8, 41
15, 41
2, 41
8, 41
20, 41
5, 41
11, 41
5, 41
5, 41
12, 41
4, 41
0, 41
1, 41
12, 41
3, 41
9, 41
16, 41
19, 41
7, 41
0, 41
5, 41
8, 41
5, 41
5, 41
37, 41
9, 41
13, 41
4, 41
2, 41
11, 41
7, 41
2, 41
9, 41
6, 41
23, 41
13, 41
19, 41
15, 41
9, 41
9, 41
2, 41
10, 41
2, 41
23, 41
2, 41
16, 41
0, 41
16, 41
6, 41
13, 41
2, 41
7, 41
0, 41
42, 42
32, 42
0, 42
3, 42
6, 42
55, 55
4, 55
0, 55
11, 55
2, 55
30, 55
13, 55
13, 55
3, 55
40, 55
2, 55
20, 55
24, 55
14, 55
8, 55
10, 55
3, 55
6, 55
8, 55
29, 55
10, 55
26, 55
0, 55
2, 55
4, 55
5, 55
24, 55
4, 55
4, 55
19, 55
9, 55
14, 55
12, 55
2, 55
2, 55
4, 55
16, 55
4, 55
3, 55
4, 55
0, 55
3, 55
10, 55
16, 55
11, 55
6, 55
4, 55
0, 55
2, 55
6, 55
24, 55
1, 55
12, 55
3, 55
0, 55
7, 55
1, 55
5, 55
1, 55
21, 55
2, 55
1, 55
11, 55
9, 55
5, 55
4, 55
17, 55
6, 55
19, 55
4, 55
5, 55
5, 55
3, 55
5, 55
12, 55
9, 55
1, 55
3, 55
21, 55
6, 55
2, 55
10, 55
5, 55
25, 55
21, 55
0, 55
6, 55
4, 55
2, 55
3, 55
1, 55
15, 55
3, 55
8, 55
4, 55
1, 55
1, 55
0, 55
10, 55
5, 55
16, 55
0, 55
2, 55
16, 55
0, 55
11, 55
2, 55
8, 55
4, 55
10, 55
8, 55
2, 55
1, 55
5, 55
4, 55
1, 55
5, 55
4, 55
0, 55
8, 55
1, 55
6, 55
23, 55
5, 55
1, 55
1, 55
2, 55
1, 55
8, 55
0, 55
6, 55
0, 55
3, 55
4, 55
4, 55
3, 55
10, 55
5, 55
4, 55
8, 55
0, 55
4, 55
4, 55
3, 55
3, 55
24, 55
0, 55
5, 55
6, 55
4, 55
16, 55
4, 55
8, 55
0, 55
12, 55
6, 55
10, 55
12, 55
2, 55
11, 55
2, 55
7, 55
6, 55
0, 55
3, 55
11, 55
2, 55
12, 55
7, 55
2, 55
2, 55
6, 55
5, 55
2, 55
7, 55
5, 55
8, 55
31, 55
5, 55
1, 55
20, 55
11, 55
0, 55
0, 55
0, 55
7, 55
7, 55
8, 55
5, 55
10, 55
3, 55
3, 55
13, 55
10, 55
4, 55
7, 55
5, 55
3, 55
5, 55
1, 55
11, 55
3, 55
4, 55
20, 55
8, 55
14, 55
9, 55
18, 55
1, 55
13, 55
22, 55
4, 55
5, 55
9, 55
5, 55
1, 55
23, 55
3, 55
1, 55
19, 55
18, 55
6, 55
0, 55
8, 55
7, 55
5, 55
16, 55
3, 55
27, 55
11, 55
5, 55
0, 55
3, 55
3, 55
6, 55
19, 55
8, 55
32, 55
19, 55
1, 55
8, 55
15, 55
8, 55
11, 55
0, 55
3, 55
8, 55
2, 55
1, 55
6, 55
19, 55
5, 55
12, 55
16, 55
11, 55
26, 55
2, 55
6, 55
6, 55
41, 55
4, 55
16, 55
4, 55
6, 55
2, 55
18, 55
10, 55
5, 55
7, 55
4, 55
25, 55
13, 55
6, 55
13, 55
7, 55
15, 55
8, 55
9, 55
6, 55
8, 55
3, 55
30, 55
6, 55
2, 55
12, 55
12, 55
5, 55
2, 55
20, 55
0, 55
2, 55
1, 55
4, 55
0, 55
2, 55
6, 55
2, 55
5, 55
11, 55
0, 55
0, 55
1, 55
7, 55
0, 55
3, 55
20, 55
7, 55
0, 55
0, 55
2, 55
4, 55
6, 55
3, 55
14, 55
6, 55
4, 55
5, 55
17, 55
10, 55
17, 55
5, 55
0, 55
4, 55
22, 55
23, 55
21, 55
7, 55
1, 55
25, 55
10, 55
0, 55
15, 55
5, 55
0, 55
1, 55
13, 55
8, 55
0, 55
2, 55
1, 55
6, 55
11, 55
9, 55
43, 55
6, 55
4, 55
2, 55
8, 55
14, 55
23, 55
15, 55
2, 55
0, 55
5, 55
1, 55
2, 55
11, 55
8, 55
12, 55
18, 55
4, 55
8, 55
33, 55
1, 55
19, 55
14, 55
4, 55
8, 55
9, 55
25, 55
11, 55
3, 55
0, 55
5, 55
5, 55
17, 55
4, 55
6, 55
0, 55
10, 55
0, 55
2, 55
22, 55
9, 55
16, 55
23, 55
29, 55
5, 55
7, 55
10, 55
0, 55
3, 55
1, 55
1, 55
1, 55
3, 55
5, 55
6, 55
4, 55
0, 55
11, 55
10, 55
38, 55
0, 55
5, 55
10, 55
9, 55
14, 55
9, 55
1, 55
4, 55
1, 55
6, 55
17, 55
1, 55
32, 55
6, 55
1, 55
16, 55
40, 55
1, 55
11, 55
2, 55
14, 55
4, 55
23, 55
23, 55
22, 55
16, 55
41, 55
28, 55
13, 55
3, 55
0, 55
30, 55
30, 55
44, 55
10, 55
37, 55
9, 55
3, 55
55, 55
0, 55
38, 55
1, 55
20, 55
4, 55
5, 55
5, 55
6, 55
2, 55
19, 55
19, 55
12, 55
18, 55
23, 55
63, 63
1, 63
21, 63
18, 63
49, 63
4, 63
9, 63
32, 63
7, 63
5, 63
16, 63
3, 63
3, 63
9, 63
19, 63
0, 63
9, 63
44, 63
18, 63
10, 63
9, 63
38, 63
4, 63
38, 63
33, 63
20, 63
6, 63
33, 63
13, 63
15, 63
19, 63
27, 63
8, 63
19, 63
10, 63
7, 63
22, 63
27, 63
6, 63
3, 63
3, 63
10, 63
1, 63
41, 63
8, 63
10, 63
7, 63
8, 63
21, 63
17, 63
27, 63
9, 63
1, 63
3, 63
9, 63
35, 63
7, 63
8, 63
6, 63
20, 63
46, 63
25, 63
15, 63
19, 63
3, 63
4, 63
7, 63
20, 63
18, 63
20, 63
19, 63
1, 63
6, 63
12, 63
7, 63
19, 63
12, 63
13, 63
68, 68
10, 68
6, 68
3, 68
6, 68
2, 68
7, 68
4, 68
25, 68
2, 68
1, 68
5, 68
24, 68
6, 68
7, 68
11, 68
9, 68
20, 68
32, 68
3, 68
34, 68
6, 68
5, 68
17, 68
7, 68
4, 68
18, 68
14, 68
18, 68
7, 68
10, 68
10, 68
4, 68
11, 68
16, 68
5, 68
6, 68
15, 68
10, 68
35, 68
3, 68
6, 68
16, 68
25, 68
24, 68
13, 68
36, 68
2, 68
10, 68
54, 68
14, 68
11, 68
5, 68
32, 68
7, 68
4, 68
7, 68
7, 68
8, 68
34, 68
8, 68
36, 68
4, 68
13, 68
20, 68
13, 68
2, 68
6, 68
8, 68
11, 68
8, 68
8, 68
37, 68
36, 68
7, 68
13, 68
12, 68
33, 68
5, 68
14, 68
10, 68
8, 68
7, 68
36, 68
6, 68
10, 68
45, 68
13, 68
22, 68
4, 68
32, 68
33, 68
6, 68
25, 68
13, 68
2, 68
6, 68
13, 68
21, 68
7, 68
27, 68
2, 68
8, 68
40, 68
3, 68
6, 68
15, 68
16, 68
14, 68
13, 68
7, 68
10, 68
33, 68
38, 68
11, 68
4, 68
2, 68
3, 68
14, 68
22, 68
14, 68
2, 68
7, 68
2, 68
13, 68
11, 68
49, 68
35, 68
1, 68
17, 68
22, 68
26, 68
12, 68
43, 68
3, 68
11, 68
24, 68
7, 68
20, 68
24, 68
7, 68
27, 68
1, 68
8, 68
5, 68
40, 68
30, 68
50, 68
42, 68
53, 68
8, 68
61, 68
41, 68
42, 68
19, 68
38, 68
12, 68
78, 78
21, 78
34, 78
93, 93
7, 93
6, 93
8, 93
41, 93
5, 93
27, 93
2, 93
23, 93
1, 93
15, 93
11, 93
12, 93
21, 93
18, 93
33, 93
3, 93
19, 93
27, 93
5, 93
34, 93
40, 93
5, 93
51, 93
30, 93
20, 93
9, 93
1, 93
27, 93
23, 93
23, 93
10, 93
3, 93
52, 93
47, 93
6, 93
8, 93
25, 93
1, 93
2, 93
6, 93
5, 93
6, 93
9, 93
4, 93
15, 93
28, 93
20, 93
0, 93
7, 93
6, 93
3, 93
27, 93
39, 93
7, 93
7, 93
15, 93
2, 93
10, 93
27, 93
17, 93
15, 93
22, 93
23, 93
27, 93
22, 93
10, 93
1, 93
5, 93
5, 93
18, 93
61, 93
16, 93
17, 93
17, 93
29, 93
5, 93
8, 93
6, 93
31, 93
9, 93
1, 93
15, 93
3, 93
1, 93
6, 93
20, 93
17, 93
9, 93
32, 93
34, 93
60, 93
13, 93
47, 93
19, 93
16, 93
12, 93
9, 93
31, 93
29, 93
20, 93
23, 93
6, 93
63, 93
46, 93
21, 93
20, 93
30, 93
91, 93
5, 93
8, 93
12, 93
61, 93
10, 93
10, 93
80, 93
7, 93
37, 93
142, 142
10, 142
23, 142
78, 142
8, 142
6, 142
37, 142
32, 142
24, 142
11, 142
7, 142
47, 142
51, 142
55, 142
25, 142
13, 142
6, 142
150, 150
13, 150
112, 150
66, 150
35, 150
10, 150
56, 150
5, 150
5, 150
14, 150
14, 150
4, 150
48, 150
2, 150
25, 150
48, 150
15, 150
19, 150
60, 150
19, 150
8, 150
19, 150
23, 150
62, 150
33, 150
104, 150
27, 150
47, 150
12, 150
52, 150
28, 150
13, 150
31, 150
66, 150
19, 150
45, 150
44, 150
7, 150
66, 150
7, 150
14, 150
64, 150
20, 150
122, 150
1, 150
2, 150
39, 150
213, 213
44, 213
52, 213
1, 213
33, 213
50, 213
7, 213
14, 213
14, 213
12, 213
73, 213
34, 213
65, 213
9, 213
5, 213
91, 213
104, 213
1, 213
54, 213
40, 213
2, 213
4, 213
37, 213
6, 213
29, 213
6, 213
101, 213
16, 213
4, 213
14, 213
42, 213
40, 213
37, 213
2, 213
3, 213
6, 213
4, 213
1, 213
22, 213
26, 213
0, 213
15, 213
50, 213
18, 213
108, 213
44, 213
4, 213
29, 213
40, 213
34, 213
100, 213
90, 213
80, 213
8, 213
12, 213
73, 213
30, 213
7, 213
20, 213
66, 213
13, 213
29, 213
18, 213
3, 213
0, 213
11, 213
16, 213
32, 213
1, 213
11, 213
13, 213
22, 213
75, 213
8, 213
11, 213
21, 213
13, 213
14, 213
24, 213
17, 213
11, 213
37, 213
68, 213
32, 213
12, 213
30, 213
38, 213
18, 213
22, 213
9, 213
3, 213
25, 213
52, 213
137, 213
5, 213
51, 213
10, 213
42, 213
4, 213
35, 213
44, 213
37, 213
50, 213
33, 213
9, 213
69, 213
12, 213
17, 213
32, 213
14, 213
2, 213
21, 213
6, 213
10, 213
17, 213
18, 213
17, 213
3, 213
4, 213
28, 213
18, 213
37, 213
4, 213
26, 213
29, 213
11, 213
34, 213
13, 213
14, 213
17, 213
50, 213
5, 213
10, 213
22, 213
2, 213
9, 213
22, 213
33, 213
57, 213
14, 213
28, 213
60, 213
29, 213
36, 213
10, 213
24, 213
20, 213
50, 213
18, 213
21, 213
23, 213
11, 213
6, 213
38, 213
54, 213
11, 213
6, 213
31, 213
97, 213
18, 213
23, 213
38, 213
8, 213
6, 213
5, 213
1, 213
0, 213
6, 213
47, 213
15, 213
25, 213
34, 213
132, 213
2, 213
2, 213
21, 213
8, 213
23, 213
24, 213
55, 213
32, 213
22, 213
1, 213
2, 213
17, 213
25, 213
24, 213
48, 213
15, 213
98, 213
8, 213
15, 213
12, 213
6, 213
28, 213
30, 213
29, 213
15, 213
24, 213
31, 213
65, 213
75, 213
30, 213
13, 213
31, 213
18, 213
134, 213
18, 213
75, 213
48, 213
11, 213
22, 213
44, 213
40, 213
10, 213
13, 213
17, 213
56, 213
52, 213
17, 213
0, 213
12, 213
1, 213
9, 213
8, 213
2, 213
18, 213
15, 213
14, 213
31, 213
14, 213
0, 213
36, 213
23, 213
49, 213
39, 213
21, 213
10, 213
11, 213
4, 213
0, 213
4, 213
28, 213
2, 213
63, 213
67, 213
2, 213
1, 213
1, 213
4, 213
18, 213
21, 213
40, 213
2, 213
16, 213
15, 213
8, 213
9, 213
5, 213
4, 213
2, 213
11, 213
4, 213
94, 213
53, 213
30, 213
24, 213
2, 213
28, 213
9, 213
47, 213
38, 213
8, 213
90, 213
12, 213
1, 213
30, 213
40, 213
28, 213
5, 213
7, 213
69, 213
22, 213
17, 213
24, 213
28, 213
35, 213
1, 213
7, 213
19, 213
8, 213
26, 213
20, 213
20, 213
37, 213
33, 213
28, 213
47, 213
52, 213
1, 213
40, 213
70, 213
84, 213
29, 213
4, 213
28, 213
0, 213
31, 213
38, 213
13, 213
3, 213
2, 213
57, 213
1, 213
20, 213
9, 213
3, 213
5, 213
26, 213
8, 213
17, 213
13, 213
16, 213
8, 213
18, 213
33, 213
2, 213
40, 213
0, 213
14, 213
97, 213
10, 213
84, 213
39, 213
118, 213
83, 213
6, 213
28, 213
17, 213
2, 213
36, 213
36, 213
