#Algorithm: Qlearning, Speed: 1, Boost: 5, PM: False, Env size: (20, 20), Car size: (6, 5),
#Counter: 10000000, Nsteps: 10000000, Gamma: 1, LearnRate: 0.01, Eps: 0.5, Epsdecay: 0.9
2, 2
2, 2
1, 2
0, 2
1, 2
0, 2
3, 3
1, 3
3, 3
0, 3
1, 3
1, 3
2, 3
1, 3
0, 3
2, 3
2, 3
0, 3
3, 3
2, 3
1, 3
3, 3
1, 3
7, 7
1, 7
2, 7
2, 7
6, 7
2, 7
3, 7
9, 9
6, 9
4, 9
1, 9
0, 9
0, 9
4, 9
2, 9
1, 9
1, 9
4, 9
1, 9
3, 9
1, 9
5, 9
2, 9
0, 9
1, 9
1, 9
1, 9
5, 9
2, 9
4, 9
1, 9
12, 12
1, 12
0, 12
0, 12
2, 12
1, 12
0, 12
0, 12
1, 12
3, 12
3, 12
0, 12
1, 12
0, 12
1, 12
0, 12
0, 12
2, 12
7, 12
1, 12
0, 12
10, 12
7, 12
16, 16
1, 16
2, 16
4, 16
1, 16
4, 16
0, 16
3, 16
2, 16
0, 16
5, 16
0, 16
1, 16
8, 16
8, 16
4, 16
2, 16
1, 16
4, 16
1, 16
1, 16
0, 16
0, 16
1, 16
4, 16
2, 16
10, 16
10, 16
4, 16
2, 16
0, 16
0, 16
1, 16
4, 16
4, 16
7, 16
3, 16
6, 16
0, 16
7, 16
1, 16
2, 16
3, 16
5, 16
9, 16
3, 16
1, 16
5, 16
1, 16
0, 16
1, 16
3, 16
17, 17
2, 17
3, 17
0, 17
2, 17
0, 17
2, 17
8, 17
0, 17
0, 17
8, 17
7, 17
1, 17
22, 22
2, 22
5, 22
12, 22
4, 22
0, 22
2, 22
2, 22
0, 22
5, 22
6, 22
0, 22
1, 22
2, 22
1, 22
3, 22
1, 22
0, 22
1, 22
2, 22
2, 22
0, 22
7, 22
4, 22
1, 22
6, 22
0, 22
4, 22
1, 22
1, 22
9, 22
0, 22
7, 22
0, 22
0, 22
1, 22
8, 22
1, 22
1, 22
12, 22
2, 22
13, 22
4, 22
5, 22
10, 22
1, 22
3, 22
9, 22
18, 22
2, 22
9, 22
7, 22
0, 22
7, 22
1, 22
4, 22
5, 22
1, 22
6, 22
8, 22
2, 22
2, 22
7, 22
4, 22
4, 22
5, 22
1, 22
0, 22
14, 22
1, 22
3, 22
3, 22
4, 22
10, 22
0, 22
4, 22
11, 22
1, 22
1, 22
3, 22
5, 22
0, 22
0, 22
2, 22
4, 22
4, 22
1, 22
0, 22
3, 22
21, 22
3, 22
6, 22
2, 22
4, 22
3, 22
0, 22
2, 22
1, 22
0, 22
0, 22
0, 22
0, 22
6, 22
0, 22
5, 22
1, 22
0, 22
15, 22
7, 22
1, 22
0, 22
3, 22
2, 22
2, 22
0, 22
6, 22
0, 22
0, 22
2, 22
0, 22
1, 22
0, 22
11, 22
1, 22
10, 22
9, 22
1, 22
2, 22
9, 22
2, 22
4, 22
22, 22
6, 22
7, 22
5, 22
6, 22
0, 22
9, 22
13, 22
1, 22
5, 22
0, 22
4, 22
1, 22
0, 22
3, 22
12, 22
12, 22
12, 22
3, 22
3, 22
4, 22
4, 22
10, 22
4, 22
0, 22
8, 22
6, 22
4, 22
0, 22
0, 22
3, 22
13, 22
0, 22
1, 22
2, 22
0, 22
7, 22
9, 22
6, 22
0, 22
14, 22
1, 22
8, 22
6, 22
11, 22
0, 22
17, 22
0, 22
2, 22
1, 22
2, 22
1, 22
3, 22
4, 22
0, 22
2, 22
0, 22
1, 22
4, 22
18, 22
3, 22
3, 22
1, 22
3, 22
1, 22
6, 22
3, 22
6, 22
5, 22
0, 22
9, 22
2, 22
2, 22
0, 22
9, 22
11, 22
5, 22
1, 22
3, 22
1, 22
1, 22
2, 22
5, 22
1, 22
17, 22
3, 22
1, 22
0, 22
0, 22
0, 22
6, 22
14, 22
3, 22
4, 22
2, 22
6, 22
3, 22
9, 22
0, 22
2, 22
2, 22
9, 22
0, 22
2, 22
0, 22
1, 22
17, 22
3, 22
4, 22
10, 22
7, 22
5, 22
7, 22
2, 22
20, 22
3, 22
6, 22
10, 22
1, 22
1, 22
11, 22
3, 22
1, 22
4, 22
6, 22
0, 22
0, 22
0, 22
0, 22
5, 22
6, 22
0, 22
4, 22
11, 22
2, 22
4, 22
3, 22
0, 22
3, 22
5, 22
2, 22
3, 22
2, 22
2, 22
8, 22
4, 22
2, 22
0, 22
0, 22
7, 22
3, 22
1, 22
6, 22
0, 22
19, 22
2, 22
8, 22
7, 22
4, 22
7, 22
10, 22
3, 22
13, 22
6, 22
1, 22
0, 22
6, 22
5, 22
1, 22
2, 22
3, 22
2, 22
11, 22
9, 22
4, 22
1, 22
10, 22
4, 22
5, 22
0, 22
10, 22
7, 22
12, 22
2, 22
4, 22
5, 22
1, 22
3, 22
0, 22
8, 22
1, 22
7, 22
5, 22
7, 22
2, 22
0, 22
0, 22
0, 22
0, 22
0, 22
13, 22
1, 22
5, 22
0, 22
1, 22
6, 22
1, 22
14, 22
1, 22
1, 22
0, 22
6, 22
6, 22
11, 22
3, 22
10, 22
0, 22
0, 22
8, 22
5, 22
1, 22
10, 22
15, 22
5, 22
11, 22
2, 22
22, 22
1, 22
7, 22
7, 22
5, 22
22, 22
1, 22
7, 22
0, 22
13, 22
9, 22
7, 22
3, 22
0, 22
4, 22
3, 22
1, 22
4, 22
2, 22
6, 22
3, 22
1, 22
0, 22
14, 22
0, 22
0, 22
0, 22
0, 22
0, 22
5, 22
13, 22
0, 22
28, 28
5, 28
3, 28
7, 28
2, 28
10, 28
6, 28
3, 28
6, 28
0, 28
6, 28
5, 28
1, 28
10, 28
5, 28
3, 28
1, 28
3, 28
1, 28
7, 28
5, 28
13, 28
2, 28
5, 28
4, 28
4, 28
1, 28
4, 28
16, 28
13, 28
6, 28
2, 28
18, 28
6, 28
8, 28
11, 28
31, 31
5, 31
3, 31
3, 31
9, 31
2, 31
9, 31
4, 31
13, 31
14, 31
10, 31
22, 31
1, 31
3, 31
1, 31
13, 31
1, 31
1, 31
6, 31
5, 31
6, 31
5, 31
13, 31
1, 31
1, 31
3, 31
4, 31
1, 31
2, 31
1, 31
9, 31
2, 31
9, 31
3, 31
6, 31
3, 31
29, 31
8, 31
2, 31
8, 31
6, 31
2, 31
14, 31
3, 31
1, 31
6, 31
7, 31
5, 31
4, 31
23, 31
6, 31
2, 31
3, 31
10, 31
4, 31
9, 31
16, 31
2, 31
16, 31
4, 31
7, 31
7, 31
9, 31
8, 31
13, 31
16, 31
9, 31
2, 31
3, 31
2, 31
6, 31
5, 31
5, 31
14, 31
3, 31
3, 31
2, 31
8, 31
4, 31
7, 31
1, 31
5, 31
1, 31
11, 31
4, 31
5, 31
11, 31
15, 31
2, 31
7, 31
18, 31
9, 31
15, 31
0, 31
10, 31
6, 31
13, 31
11, 31
1, 31
14, 31
5, 31
31, 31
5, 31
3, 31
6, 31
0, 31
5, 31
4, 31
8, 31
34, 34
11, 34
7, 34
2, 34
10, 34
15, 34
2, 34
3, 34
2, 34
10, 34
27, 34
16, 34
3, 34
1, 34
10, 34
5, 34
2, 34
2, 34
24, 34
14, 34
5, 34
12, 34
3, 34
6, 34
4, 34
3, 34
7, 34
6, 34
17, 34
5, 34
0, 34
14, 34
6, 34
4, 34
9, 34
7, 34
11, 34
2, 34
3, 34
4, 34
18, 34
9, 34
8, 34
34, 34
24, 34
11, 34
22, 34
3, 34
0, 34
22, 34
13, 34
8, 34
4, 34
16, 34
13, 34
13, 34
13, 34
11, 34
4, 34
1, 34
9, 34
3, 34
8, 34
15, 34
12, 34
6, 34
4, 34
10, 34
13, 34
4, 34
14, 34
42, 42
11, 42
10, 42
5, 42
12, 42
8, 42
4, 42
1, 42
1, 42
26, 42
2, 42
10, 42
3, 42
4, 42
13, 42
2, 42
14, 42
9, 42
6, 42
5, 42
9, 42
14, 42
7, 42
11, 42
6, 42
33, 42
1, 42
22, 42
25, 42
1, 42
5, 42
12, 42
33, 42
1, 42
6, 42
4, 42
1, 42
5, 42
10, 42
16, 42
13, 42
10, 42
11, 42
15, 42
12, 42
29, 42
1, 42
2, 42
6, 42
29, 42
5, 42
1, 42
9, 42
2, 42
17, 42
4, 42
11, 42
8, 42
9, 42
3, 42
3, 42
5, 42
5, 42
8, 42
17, 42
4, 42
12, 42
12, 42
39, 42
10, 42
9, 42
7, 42
52, 52
2, 52
0, 52
27, 52
8, 52
21, 52
26, 52
20, 52
4, 52
3, 52
14, 52
9, 52
9, 52
11, 52
2, 52
18, 52
1, 52
14, 52
25, 52
4, 52
11, 52
19, 52
18, 52
7, 52
22, 52
2, 52
14, 52
26, 52
0, 52
1, 52
2, 52
1, 52
1, 52
10, 52
52, 52
18, 52
5, 52
7, 52
4, 52
9, 52
23, 52
3, 52
40, 52
9, 52
11, 52
6, 52
5, 52
3, 52
3, 52
17, 52
26, 52
22, 52
11, 52
3, 52
10, 52
0, 52
6, 52
9, 52
11, 52
14, 52
3, 52
8, 52
12, 52
11, 52
5, 52
43, 52
29, 52
8, 52
5, 52
10, 52
16, 52
32, 52
4, 52
11, 52
56, 56
4, 56
31, 56
26, 56
24, 56
2, 56
1, 56
17, 56
2, 56
31, 56
15, 56
1, 56
13, 56
2, 56
13, 56
13, 56
0, 56
27, 56
55, 56
11, 56
7, 56
2, 56
72, 72
1, 72
10, 72
18, 72
4, 72
12, 72
10, 72
26, 72
2, 72
5, 72
12, 72
6, 72
22, 72
15, 72
23, 72
4, 72
56, 72
18, 72
8, 72
2, 72
6, 72
23, 72
4, 72
29, 72
5, 72
29, 72
41, 72
8, 72
18, 72
18, 72
27, 72
7, 72
11, 72
16, 72
9, 72
11, 72
17, 72
2, 72
15, 72
13, 72
2, 72
49, 72
1, 72
9, 72
2, 72
23, 72
16, 72
17, 72
28, 72
3, 72
5, 72
10, 72
25, 72
44, 72
13, 72
3, 72
5, 72
50, 72
11, 72
7, 72
4, 72
15, 72
1, 72
10, 72
13, 72
30, 72
10, 72
2, 72
16, 72
9, 72
14, 72
7, 72
0, 72
30, 72
5, 72
4, 72
0, 72
29, 72
22, 72
4, 72
63, 72
6, 72
29, 72
0, 72
21, 72
23, 72
7, 72
0, 72
31, 72
0, 72
13, 72
6, 72
2, 72
1, 72
37, 72
2, 72
10, 72
1, 72
14, 72
17, 72
18, 72
15, 72
30, 72
52, 72
4, 72
13, 72
25, 72
11, 72
65, 72
6, 72
13, 72
4, 72
34, 72
12, 72
24, 72
19, 72
30, 72
14, 72
6, 72
39, 72
9, 72
43, 72
0, 72
10, 72
66, 72
3, 72
36, 72
0, 72
4, 72
25, 72
23, 72
18, 72
23, 72
8, 72
18, 72
8, 72
11, 72
4, 72
27, 72
47, 72
24, 72
8, 72
17, 72
10, 72
10, 72
15, 72
10, 72
27, 72
4, 72
17, 72
31, 72
15, 72
10, 72
4, 72
5, 72
35, 72
6, 72
11, 72
4, 72
33, 72
3, 72
18, 72
1, 72
14, 72
15, 72
1, 72
24, 72
1, 72
42, 72
2, 72
12, 72
13, 72
2, 72
32, 72
24, 72
2, 72
24, 72
21, 72
12, 72
6, 72
55, 72
34, 72
63, 72
12, 72
14, 72
17, 72
4, 72
14, 72
7, 72
30, 72
4, 72
36, 72
27, 72
23, 72
3, 72
4, 72
39, 72
16, 72
43, 72
8, 72
7, 72
36, 72
6, 72
8, 72
18, 72
1, 72
2, 72
16, 72
14, 72
12, 72
10, 72
13, 72
2, 72
27, 72
24, 72
2, 72
5, 72
1, 72
17, 72
26, 72
1, 72
32, 72
53, 72
6, 72
7, 72
10, 72
32, 72
0, 72
13, 72
5, 72
6, 72
14, 72
16, 72
5, 72
30, 72
7, 72
0, 72
12, 72
15, 72
36, 72
13, 72
2, 72
31, 72
1, 72
5, 72
10, 72
13, 72
1, 72
2, 72
1, 72
13, 72
0, 72
45, 72
12, 72
24, 72
23, 72
9, 72
18, 72
3, 72
16, 72
9, 72
25, 72
21, 72
15, 72
1, 72
10, 72
0, 72
8, 72
6, 72
63, 72
5, 72
37, 72
26, 72
18, 72
5, 72
10, 72
66, 72
5, 72
10, 72
8, 72
38, 72
9, 72
20, 72
32, 72
31, 72
3, 72
12, 72
17, 72
1, 72
12, 72
3, 72
15, 72
11, 72
30, 72
1, 72
12, 72
15, 72
20, 72
22, 72
27, 72
2, 72
11, 72
1, 72
45, 72
8, 72
16, 72
1, 72
19, 72
10, 72
3, 72
0, 72
21, 72
1, 72
6, 72
8, 72
5, 72
11, 72
5, 72
9, 72
10, 72
22, 72
7, 72
13, 72
30, 72
1, 72
4, 72
9, 72
38, 72
15, 72
16, 72
10, 72
33, 72
4, 72
1, 72
48, 72
5, 72
17, 72
2, 72
14, 72
4, 72
3, 72
20, 72
8, 72
35, 72
24, 72
6, 72
1, 72
10, 72
0, 72
64, 72
26, 72
9, 72
9, 72
1, 72
34, 72
57, 72
6, 72
2, 72
5, 72
8, 72
8, 72
15, 72
6, 72
11, 72
39, 72
56, 72
12, 72
5, 72
9, 72
13, 72
7, 72
8, 72
4, 72
13, 72
1, 72
15, 72
17, 72
31, 72
20, 72
2, 72
33, 72
11, 72
29, 72
8, 72
18, 72
15, 72
9, 72
13, 72
27, 72
5, 72
21, 72
26, 72
13, 72
43, 72
11, 72
11, 72
13, 72
14, 72
9, 72
3, 72
4, 72
5, 72
30, 72
20, 72
24, 72
17, 72
48, 72
11, 72
27, 72
1, 72
37, 72
31, 72
17, 72
9, 72
6, 72
37, 72
13, 72
15, 72
2, 72
8, 72
65, 72
12, 72
12, 72
24, 72
10, 72
16, 72
6, 72
4, 72
6, 72
2, 72
1, 72
33, 72
15, 72
6, 72
60, 72
12, 72
12, 72
38, 72
9, 72
9, 72
1, 72
4, 72
20, 72
25, 72
19, 72
2, 72
5, 72
6, 72
7, 72
47, 72
9, 72
38, 72
9, 72
7, 72
10, 72
15, 72
22, 72
13, 72
3, 72
31, 72
2, 72
1, 72
25, 72
3, 72
10, 72
21, 72
15, 72
0, 72
0, 72
9, 72
1, 72
0, 72
3, 72
6, 72
26, 72
8, 72
3, 72
0, 72
26, 72
81, 81
4, 81
46, 81
29, 81
5, 81
6, 81
16, 81
1, 81
31, 81
40, 81
30, 81
4, 81
2, 81
2, 81
37, 81
31, 81
5, 81
35, 81
41, 81
24, 81
6, 81
44, 81
51, 81
9, 81
44, 81
10, 81
6, 81
134, 134
12, 134
10, 134
16, 134
11, 134
5, 134
48, 134
2, 134
27, 134
63, 134
8, 134
23, 134
23, 134
3, 134
63, 134
26, 134
6, 134
29, 134
6, 134
1, 134
26, 134
31, 134
2, 134
87, 134
1, 134
36, 134
11, 134
7, 134
68, 134
6, 134
6, 134
11, 134
37, 134
2, 134
26, 134
67, 134
31, 134
9, 134
15, 134
41, 134
40, 134
11, 134
33, 134
8, 134
18, 134
49, 134
67, 134
6, 134
23, 134
33, 134
16, 134
76, 134
5, 134
4, 134
16, 134
34, 134
26, 134
8, 134
38, 134
11, 134
55, 134
28, 134
6, 134
29, 134
43, 134
91, 134
5, 134
124, 134
63, 134
96, 134
7, 134
45, 134
13, 134
22, 134
102, 134
11, 134
46, 134
33, 134
33, 134
66, 134
3, 134
5, 134
44, 134
57, 134
64, 134
8, 134
79, 134
14, 134
11, 134
51, 134
121, 134
24, 134
32, 134
22, 134
109, 134
49, 134
21, 134
5, 134
19, 134
94, 134
29, 134
38, 134
13, 134
8, 134
151, 151
30, 151
32, 151
26, 151
93, 151
67, 151
9, 151
17, 151
127, 151
7, 151
108, 151
29, 151
11, 151
50, 151
11, 151
86, 151
24, 151
26, 151
23, 151
3, 151
134, 151
33, 151
17, 151
8, 151
46, 151
25, 151
15, 151
11, 151
45, 151
28, 151
19, 151
105, 151
4, 151
39, 151
37, 151
14, 151
63, 151
162, 162
83, 162
11, 162
29, 162
58, 162
22, 162
14, 162
78, 162
154, 162
61, 162
191, 191
11, 191
130, 191
34, 191
13, 191
161, 191
18, 191
66, 191
84, 191
45, 191
95, 191
118, 191
146, 191
83, 191
26, 191
10, 191
16, 191
135, 191
105, 191
45, 191
6, 191
39, 191
9, 191
12, 191
28, 191
28, 191
12, 191
69, 191
28, 191
167, 191
2, 191
3, 191
39, 191
7, 191
136, 191
31, 191
7, 191
38, 191
158, 191
2, 191
20, 191
102, 191
40, 191
52, 191
16, 191
63, 191
44, 191
45, 191
84, 191
22, 191
20, 191
94, 191
12, 191
28, 191
216, 216
53, 216
15, 216
74, 216
14, 216
33, 216
105, 216
170, 216
59, 216
6, 216
103, 216
91, 216
51, 216
45, 216
12, 216
15, 216
23, 216
176, 216
9, 216
46, 216
86, 216
4, 216
182, 216
23, 216
15, 216
127, 216
4, 216
24, 216
48, 216
32, 216
1, 216
45, 216
34, 216
35, 216
136, 216
51, 216
62, 216
32, 216
17, 216
8, 216
99, 216
76, 216
30, 216
27, 216
11, 216
53, 216
25, 216
83, 216
69, 216
99, 216
74, 216
18, 216
62, 216
54, 216
103, 216
7, 216
17, 216
35, 216
23, 216
40, 216
77, 216
34, 216
139, 216
43, 216
46, 216
69, 216
108, 216
107, 216
84, 216
93, 216
38, 216
33, 216
68, 216
48, 216
14, 216
40, 216
3, 216
3, 216
9, 216
24, 216
10, 216
63, 216
7, 216
61, 216
6, 216
86, 216
9, 216
52, 216
19, 216
7, 216
15, 216
4, 216
9, 216
83, 216
7, 216
86, 216
13, 216
17, 216
4, 216
29, 216
42, 216
53, 216
40, 216
11, 216
22, 216
5, 216
21, 216
40, 216
32, 216
66, 216
16, 216
14, 216
56, 216
125, 216
69, 216
9, 216
29, 216
30, 216
12, 216
11, 216
68, 216
59, 216
20, 216
16, 216
56, 216
30, 216
24, 216
38, 216
27, 216
1, 216
3, 216
61, 216
32, 216
143, 216
2, 216
56, 216
35, 216
33, 216
11, 216
56, 216
8, 216
11, 216
7, 216
4, 216
4, 216
78, 216
32, 216
37, 216
28, 216
45, 216
21, 216
16, 216
17, 216
19, 216
30, 216
27, 216
33, 216
87, 216
0, 216
6, 216
27, 216
165, 216
338, 338
27, 338
5, 338
92, 338
19, 338
41, 338
152, 338
84, 338
14, 338
123, 338
88, 338
10, 338
8, 338
3, 338
14, 338
109, 338
230, 338
127, 338
105, 338
132, 338
72, 338
10, 338
12, 338
29, 338
3, 338
49, 338
63, 338
123, 338
60, 338
6, 338
115, 338
36, 338
123, 338
24, 338
19, 338
35, 338
76, 338
50, 338
26, 338
2, 338
77, 338
3, 338
8, 338
22, 338
14, 338
18, 338
20, 338
29, 338
65, 338
82, 338
47, 338
229, 338
43, 338
31, 338
14, 338
146, 338
86, 338
30, 338
75, 338
49, 338
28, 338
161, 338
52, 338
60, 338
113, 338
151, 338
5, 338
78, 338
9, 338
76, 338
77, 338
209, 338
8, 338
81, 338
86, 338
16, 338
22, 338
16, 338
58, 338
84, 338
92, 338
56, 338
149, 338
73, 338
121, 338
60, 338
49, 338
66, 338
101, 338
41, 338
134, 338
58, 338
49, 338
42, 338
47, 338
222, 338
170, 338
151, 338
3, 338
12, 338
37, 338
140, 338
247, 338
123, 338
283, 338
70, 338
13, 338
50, 338
98, 338
42, 338
8, 338
1, 338
66, 338
37, 338
73, 338
25, 338
186, 338
72, 338
11, 338
52, 338
32, 338
5, 338
25, 338
29, 338
25, 338
120, 338
16, 338
83, 338
45, 338
4, 338
31, 338
14, 338
32, 338
330, 338
110, 338
50, 338
25, 338
202, 338
12, 338
22, 338
3, 338
9, 338
240, 338
18, 338
37, 338
16, 338
93, 338
24, 338
1, 338
138, 338
41, 338
56, 338
124, 338
19, 338
9, 338
4, 338
63, 338
48, 338
25, 338
3, 338
6, 338
57, 338
3, 338
8, 338
93, 338
15, 338
162, 338
76, 338
178, 338
15, 338
58, 338
70, 338
87, 338
38, 338
50, 338
40, 338
20, 338
117, 338
46, 338
77, 338
139, 338
10, 338
6, 338
138, 338
122, 338
207, 338
15, 338
103, 338
16, 338
69, 338
5, 338
9, 338
58, 338
29, 338
52, 338
31, 338
173, 338
22, 338
47, 338
23, 338
254, 338
235, 338
47, 338
122, 338
166, 338
60, 338
48, 338
13, 338
10, 338
21, 338
16, 338
10, 338
#Algorithm: Qlearning, Speed: 1, Boost: 5, PM: False, Env size: (20, 20), Car size: (6, 5),
#Counter: 10000000, Nsteps: 10000000, Gamma: 1, LearnRate: 0.01, Eps: 0.5, Epsdecay: 0.9
0, 0
0, 0
0, 0
1, 1
0, 1
0, 1
0, 1
1, 1
0, 1
1, 1
1, 1
1, 1
3, 3
1, 3
1, 3
2, 3
0, 3
8, 8
1, 8
1, 8
0, 8
1, 8
2, 8
1, 8
9, 9
3, 9
2, 9
5, 9
6, 9
1, 9
3, 9
2, 9
1, 9
7, 9
2, 9
0, 9
1, 9
3, 9
3, 9
6, 9
6, 9
6, 9
1, 9
4, 9
2, 9
7, 9
0, 9
4, 9
2, 9
2, 9
9, 9
2, 9
7, 9
2, 9
8, 9
6, 9
5, 9
2, 9
1, 9
4, 9
1, 9
0, 9
1, 9
11, 11
0, 11
5, 11
8, 11
1, 11
6, 11
2, 11
0, 11
0, 11
0, 11
0, 11
5, 11
0, 11
5, 11
9, 11
8, 11
1, 11
3, 11
2, 11
6, 11
10, 11
2, 11
3, 11
3, 11
4, 11
6, 11
2, 11
0, 11
0, 11
7, 11
5, 11
2, 11
7, 11
2, 11
2, 11
7, 11
11, 11
7, 11
4, 11
3, 11
0, 11
12, 12
3, 12
2, 12
1, 12
1, 12
3, 12
1, 12
6, 12
2, 12
0, 12
3, 12
18, 18
3, 18
2, 18
7, 18
3, 18
1, 18
1, 18
4, 18
0, 18
2, 18
3, 18
0, 18
5, 18
4, 18
5, 18
5, 18
8, 18
0, 18
3, 18
4, 18
2, 18
4, 18
2, 18
9, 18
0, 18
4, 18
0, 18
1, 18
1, 18
0, 18
8, 18
7, 18
0, 18
2, 18
7, 18
6, 18
4, 18
6, 18
8, 18
3, 18
0, 18
4, 18
1, 18
7, 18
5, 18
0, 18
3, 18
9, 18
10, 18
0, 18
18, 18
3, 18
0, 18
1, 18
0, 18
1, 18
1, 18
1, 18
10, 18
0, 18
2, 18
5, 18
0, 18
2, 18
2, 18
12, 18
1, 18
7, 18
2, 18
12, 18
0, 18
2, 18
2, 18
3, 18
6, 18
7, 18
10, 18
17, 18
3, 18
10, 18
17, 18
2, 18
17, 18
28, 28
5, 28
28, 28
29, 29
27, 29
1, 29
6, 29
4, 29
4, 29
3, 29
4, 29
11, 29
8, 29
7, 29
5, 29
2, 29
10, 29
1, 29
15, 29
2, 29
2, 29
5, 29
2, 29
8, 29
3, 29
13, 29
10, 29
2, 29
17, 29
10, 29
5, 29
0, 29
1, 29
29, 29
4, 29
8, 29
9, 29
10, 29
16, 29
2, 29
6, 29
7, 29
3, 29
4, 29
5, 29
11, 29
15, 29
1, 29
5, 29
12, 29
18, 29
8, 29
4, 29
8, 29
15, 29
9, 29
15, 29
1, 29
2, 29
6, 29
7, 29
11, 29
10, 29
4, 29
5, 29
2, 29
7, 29
9, 29
2, 29
2, 29
5, 29
7, 29
9, 29
3, 29
8, 29
18, 29
10, 29
4, 29
13, 29
3, 29
4, 29
0, 29
1, 29
0, 29
11, 29
3, 29
16, 29
15, 29
2, 29
0, 29
3, 29
5, 29
5, 29
4, 29
2, 29
7, 29
8, 29
11, 29
7, 29
0, 29
2, 29
5, 29
1, 29
1, 29
10, 29
0, 29
9, 29
5, 29
8, 29
8, 29
1, 29
8, 29
26, 29
13, 29
4, 29
5, 29
5, 29
4, 29
8, 29
8, 29
2, 29
11, 29
33, 33
1, 33
7, 33
8, 33
8, 33
9, 33
2, 33
0, 33
4, 33
9, 33
5, 33
2, 33
4, 33
9, 33
9, 33
8, 33
9, 33
14, 33
2, 33
11, 33
5, 33
18, 33
0, 33
11, 33
20, 33
0, 33
7, 33
18, 33
6, 33
7, 33
6, 33
8, 33
5, 33
3, 33
29, 33
4, 33
1, 33
13, 33
4, 33
9, 33
11, 33
33, 33
7, 33
6, 33
7, 33
1, 33
4, 33
11, 33
10, 33
28, 33
10, 33
12, 33
1, 33
4, 33
10, 33
3, 33
10, 33
0, 33
8, 33
1, 33
3, 33
36, 36
52, 52
19, 52
12, 52
7, 52
24, 52
2, 52
2, 52
7, 52
2, 52
10, 52
9, 52
21, 52
6, 52
4, 52
16, 52
15, 52
18, 52
0, 52
4, 52
15, 52
4, 52
4, 52
4, 52
1, 52
0, 52
2, 52
20, 52
9, 52
10, 52
17, 52
4, 52
2, 52
16, 52
17, 52
11, 52
11, 52
24, 52
5, 52
17, 52
3, 52
18, 52
6, 52
11, 52
10, 52
1, 52
16, 52
1, 52
14, 52
7, 52
8, 52
33, 52
2, 52
2, 52
6, 52
8, 52
5, 52
8, 52
12, 52
23, 52
1, 52
5, 52
6, 52
1, 52
3, 52
9, 52
3, 52
8, 52
13, 52
6, 52
5, 52
14, 52
10, 52
8, 52
2, 52
4, 52
13, 52
24, 52
20, 52
7, 52
5, 52
6, 52
9, 52
6, 52
15, 52
4, 52
4, 52
12, 52
31, 52
30, 52
2, 52
10, 52
1, 52
8, 52
1, 52
10, 52
7, 52
6, 52
11, 52
0, 52
6, 52
2, 52
10, 52
2, 52
33, 52
20, 52
30, 52
11, 52
9, 52
13, 52
9, 52
6, 52
2, 52
23, 52
48, 52
5, 52
5, 52
8, 52
26, 52
6, 52
9, 52
1, 52
5, 52
29, 52
6, 52
8, 52
26, 52
15, 52
12, 52
1, 52
38, 52
11, 52
0, 52
6, 52
8, 52
14, 52
10, 52
4, 52
8, 52
5, 52
2, 52
9, 52
13, 52
6, 52
3, 52
35, 52
34, 52
6, 52
2, 52
15, 52
12, 52
13, 52
1, 52
3, 52
9, 52
13, 52
6, 52
15, 52
18, 52
2, 52
5, 52
18, 52
5, 52
5, 52
5, 52
3, 52
24, 52
13, 52
8, 52
5, 52
3, 52
16, 52
10, 52
3, 52
16, 52
12, 52
11, 52
23, 52
8, 52
8, 52
19, 52
6, 52
8, 52
12, 52
4, 52
5, 52
10, 52
7, 52
11, 52
28, 52
4, 52
5, 52
9, 52
8, 52
6, 52
15, 52
9, 52
1, 52
5, 52
15, 52
14, 52
4, 52
14, 52
5, 52
11, 52
8, 52
2, 52
7, 52
3, 52
0, 52
14, 52
4, 52
1, 52
16, 52
16, 52
4, 52
4, 52
8, 52
4, 52
20, 52
7, 52
5, 52
11, 52
3, 52
9, 52
6, 52
21, 52
2, 52
23, 52
0, 52
6, 52
21, 52
24, 52
8, 52
5, 52
1, 52
5, 52
5, 52
2, 52
10, 52
4, 52
6, 52
3, 52
7, 52
4, 52
3, 52
18, 52
0, 52
3, 52
6, 52
8, 52
7, 52
18, 52
10, 52
8, 52
17, 52
2, 52
1, 52
3, 52
1, 52
19, 52
13, 52
8, 52
0, 52
28, 52
12, 52
0, 52
35, 52
1, 52
14, 52
8, 52
22, 52
7, 52
2, 52
2, 52
0, 52
3, 52
36, 52
26, 52
7, 52
2, 52
15, 52
11, 52
3, 52
0, 52
2, 52
5, 52
20, 52
1, 52
4, 52
22, 52
17, 52
0, 52
13, 52
7, 52
0, 52
0, 52
14, 52
5, 52
5, 52
7, 52
47, 52
0, 52
0, 52
1, 52
17, 52
8, 52
6, 52
29, 52
0, 52
15, 52
8, 52
2, 52
2, 52
1, 52
16, 52
0, 52
4, 52
1, 52
6, 52
0, 52
5, 52
3, 52
3, 52
2, 52
2, 52
6, 52
2, 52
1, 52
4, 52
0, 52
9, 52
5, 52
5, 52
15, 52
0, 52
13, 52
8, 52
12, 52
18, 52
2, 52
9, 52
14, 52
26, 52
2, 52
24, 52
20, 52
12, 52
16, 52
17, 52
13, 52
4, 52
5, 52
1, 52
2, 52
13, 52
15, 52
6, 52
1, 52
9, 52
1, 52
3, 52
8, 52
4, 52
26, 52
5, 52
23, 52
10, 52
6, 52
9, 52
18, 52
3, 52
2, 52
2, 52
0, 52
4, 52
3, 52
5, 52
6, 52
6, 52
3, 52
10, 52
6, 52
3, 52
1, 52
23, 52
2, 52
3, 52
14, 52
6, 52
24, 52
14, 52
22, 52
15, 52
3, 52
18, 52
19, 52
4, 52
7, 52
2, 52
22, 52
0, 52
5, 52
9, 52
3, 52
12, 52
9, 52
7, 52
9, 52
20, 52
8, 52
2, 52
8, 52
4, 52
26, 52
2, 52
17, 52
5, 52
5, 52
7, 52
15, 52
10, 52
0, 52
18, 52
27, 52
0, 52
12, 52
3, 52
4, 52
14, 52
3, 52
9, 52
10, 52
0, 52
2, 52
22, 52
18, 52
0, 52
8, 52
13, 52
4, 52
8, 52
3, 52
29, 52
10, 52
14, 52
2, 52
0, 52
22, 52
6, 52
14, 52
1, 52
7, 52
2, 52
12, 52
14, 52
29, 52
7, 52
17, 52
8, 52
3, 52
12, 52
10, 52
0, 52
11, 52
3, 52
8, 52
8, 52
3, 52
0, 52
0, 52
0, 52
7, 52
1, 52
3, 52
16, 52
0, 52
3, 52
34, 52
8, 52
5, 52
12, 52
2, 52
7, 52
7, 52
7, 52
9, 52
7, 52
11, 52
9, 52
8, 52
15, 52
4, 52
10, 52
40, 52
5, 52
12, 52
1, 52
1, 52
27, 52
8, 52
7, 52
0, 52
7, 52
1, 52
7, 52
7, 52
6, 52
10, 52
9, 52
1, 52
65, 65
0, 65
12, 65
6, 65
12, 65
19, 65
5, 65
2, 65
31, 65
2, 65
0, 65
3, 65
30, 65
1, 65
0, 65
4, 65
32, 65
7, 65
2, 65
44, 65
3, 65
7, 65
22, 65
47, 65
5, 65
27, 65
18, 65
2, 65
4, 65
6, 65
5, 65
5, 65
10, 65
32, 65
33, 65
17, 65
15, 65
12, 65
29, 65
6, 65
51, 65
6, 65
6, 65
27, 65
32, 65
11, 65
30, 65
28, 65
39, 65
45, 65
12, 65
7, 65
14, 65
7, 65
7, 65
16, 65
10, 65
4, 65
8, 65
39, 65
7, 65
19, 65
0, 65
3, 65
3, 65
0, 65
2, 65
18, 65
9, 65
29, 65
47, 65
6, 65
0, 65
17, 65
77, 77
30, 77
9, 77
20, 77
25, 77
18, 77
5, 77
7, 77
0, 77
35, 77
24, 77
16, 77
17, 77
7, 77
16, 77
12, 77
17, 77
60, 77
1, 77
18, 77
18, 77
8, 77
25, 77
45, 77
13, 77
31, 77
13, 77
14, 77
2, 77
63, 77
3, 77
2, 77
26, 77
1, 77
6, 77
20, 77
33, 77
16, 77
2, 77
1, 77
8, 77
37, 77
4, 77
17, 77
11, 77
1, 77
17, 77
26, 77
17, 77
13, 77
4, 77
6, 77
24, 77
0, 77
12, 77
8, 77
0, 77
4, 77
15, 77
15, 77
36, 77
3, 77
4, 77
8, 77
13, 77
14, 77
3, 77
10, 77
18, 77
6, 77
31, 77
21, 77
20, 77
11, 77
6, 77
14, 77
5, 77
63, 77
0, 77
23, 77
15, 77
26, 77
15, 77
51, 77
18, 77
64, 77
42, 77
31, 77
12, 77
7, 77
33, 77
11, 77
4, 77
12, 77
8, 77
14, 77
9, 77
2, 77
5, 77
9, 77
9, 77
2, 77
0, 77
2, 77
11, 77
1, 77
2, 77
9, 77
1, 77
1, 77
6, 77
2, 77
13, 77
4, 77
11, 77
11, 77
3, 77
11, 77
5, 77
5, 77
15, 77
32, 77
11, 77
10, 77
3, 77
2, 77
4, 77
18, 77
4, 77
7, 77
10, 77
0, 77
2, 77
18, 77
3, 77
4, 77
17, 77
5, 77
2, 77
1, 77
6, 77
25, 77
0, 77
10, 77
6, 77
8, 77
7, 77
21, 77
18, 77
1, 77
6, 77
43, 77
9, 77
24, 77
2, 77
7, 77
19, 77
45, 77
4, 77
1, 77
31, 77
4, 77
8, 77
16, 77
7, 77
12, 77
31, 77
1, 77
38, 77
7, 77
16, 77
9, 77
9, 77
6, 77
9, 77
1, 77
39, 77
8, 77
2, 77
5, 77
11, 77
4, 77
30, 77
21, 77
2, 77
1, 77
6, 77
18, 77
2, 77
9, 77
16, 77
15, 77
7, 77
9, 77
2, 77
31, 77
18, 77
13, 77
13, 77
15, 77
14, 77
3, 77
40, 77
5, 77
6, 77
2, 77
15, 77
12, 77
4, 77
20, 77
4, 77
1, 77
9, 77
21, 77
1, 77
6, 77
3, 77
23, 77
22, 77
18, 77
4, 77
30, 77
4, 77
5, 77
25, 77
2, 77
7, 77
4, 77
15, 77
7, 77
9, 77
13, 77
0, 77
15, 77
13, 77
4, 77
39, 77
6, 77
39, 77
3, 77
25, 77
3, 77
27, 77
28, 77
2, 77
14, 77
6, 77
21, 77
21, 77
18, 77
4, 77
7, 77
25, 77
2, 77
22, 77
11, 77
8, 77
10, 77
10, 77
3, 77
7, 77
17, 77
16, 77
18, 77
12, 77
17, 77
15, 77
10, 77
2, 77
16, 77
16, 77
4, 77
8, 77
2, 77
16, 77
9, 77
6, 77
19, 77
5, 77
2, 77
1, 77
15, 77
10, 77
9, 77
2, 77
21, 77
35, 77
10, 77
38, 77
6, 77
23, 77
5, 77
0, 77
28, 77
5, 77
13, 77
33, 77
6, 77
1, 77
18, 77
19, 77
23, 77
3, 77
6, 77
7, 77
23, 77
2, 77
22, 77
27, 77
33, 77
31, 77
11, 77
42, 77
11, 77
15, 77
2, 77
18, 77
2, 77
12, 77
18, 77
5, 77
31, 77
10, 77
29, 77
44, 77
1, 77
16, 77
4, 77
49, 77
26, 77
8, 77
31, 77
14, 77
6, 77
1, 77
39, 77
24, 77
4, 77
6, 77
24, 77
19, 77
30, 77
4, 77
5, 77
10, 77
23, 77
35, 77
14, 77
14, 77
29, 77
17, 77
8, 77
2, 77
22, 77
19, 77
24, 77
13, 77
30, 77
10, 77
38, 77
5, 77
44, 77
1, 77
9, 77
35, 77
26, 77
1, 77
20, 77
3, 77
2, 77
38, 77
17, 77
46, 77
15, 77
7, 77
30, 77
18, 77
4, 77
16, 77
2, 77
64, 77
0, 77
21, 77
2, 77
18, 77
20, 77
16, 77
22, 77
12, 77
22, 77
0, 77
0, 77
15, 77
6, 77
18, 77
6, 77
8, 77
91, 91
13, 91
22, 91
7, 91
33, 91
24, 91
19, 91
63, 91
49, 91
63, 91
16, 91
4, 91
9, 91
1, 91
85, 91
35, 91
26, 91
14, 91
11, 91
1, 91
37, 91
1, 91
8, 91
34, 91
3, 91
34, 91
23, 91
21, 91
30, 91
14, 91
6, 91
36, 91
64, 91
6, 91
22, 91
89, 91
26, 91
29, 91
7, 91
54, 91
21, 91
46, 91
125, 125
38, 125
129, 129
8, 129
48, 129
56, 129
21, 129
2, 129
21, 129
1, 129
21, 129
2, 129
6, 129
13, 129
0, 129
61, 129
10, 129
20, 129
10, 129
8, 129
11, 129
15, 129
69, 129
17, 129
53, 129
2, 129
1, 129
27, 129
15, 129
1, 129
12, 129
115, 129
3, 129
12, 129
25, 129
52, 129
40, 129
9, 129
8, 129
20, 129
8, 129
12, 129
37, 129
28, 129
27, 129
23, 129
9, 129
17, 129
4, 129
14, 129
1, 129
30, 129
17, 129
15, 129
162, 162
35, 162
5, 162
28, 162
3, 162
3, 162
15, 162
35, 162
5, 162
16, 162
7, 162
54, 162
62, 162
65, 162
4, 162
31, 162
14, 162
15, 162
18, 162
4, 162
21, 162
16, 162
53, 162
40, 162
18, 162
11, 162
37, 162
11, 162
30, 162
17, 162
3, 162
10, 162
1, 162
3, 162
25, 162
4, 162
13, 162
3, 162
55, 162
6, 162
1, 162
17, 162
0, 162
6, 162
48, 162
7, 162
33, 162
29, 162
5, 162
12, 162
52, 162
15, 162
8, 162
31, 162
59, 162
2, 162
23, 162
5, 162
39, 162
36, 162
7, 162
7, 162
10, 162
6, 162
21, 162
52, 162
1, 162
76, 162
4, 162
10, 162
34, 162
61, 162
29, 162
28, 162
20, 162
6, 162
10, 162
16, 162
83, 162
8, 162
4, 162
37, 162
64, 162
16, 162
9, 162
21, 162
19, 162
22, 162
7, 162
36, 162
106, 162
15, 162
18, 162
14, 162
10, 162
54, 162
56, 162
34, 162
10, 162
9, 162
55, 162
15, 162
51, 162
11, 162
15, 162
108, 162
67, 162
85, 162
48, 162
5, 162
68, 162
7, 162
6, 162
195, 195
99, 195
103, 195
27, 195
8, 195
28, 195
8, 195
21, 195
5, 195
34, 195
10, 195
108, 195
1, 195
5, 195
23, 195
31, 195
192, 195
19, 195
10, 195
2, 195
62, 195
23, 195
118, 195
16, 195
50, 195
23, 195
33, 195
96, 195
11, 195
54, 195
87, 195
12, 195
13, 195
70, 195
7, 195
15, 195
8, 195
9, 195
51, 195
37, 195
13, 195
25, 195
23, 195
5, 195
34, 195
16, 195
14, 195
22, 195
8, 195
48, 195
23, 195
4, 195
78, 195
18, 195
47, 195
10, 195
2, 195
28, 195
26, 195
12, 195
20, 195
5, 195
25, 195
3, 195
140, 195
52, 195
4, 195
46, 195
50, 195
24, 195
12, 195
5, 195
63, 195
55, 195
27, 195
22, 195
7, 195
8, 195
56, 195
134, 195
10, 195
6, 195
68, 195
16, 195
50, 195
34, 195
3, 195
11, 195
10, 195
93, 195
19, 195
35, 195
89, 195
13, 195
9, 195
39, 195
34, 195
89, 195
58, 195
85, 195
10, 195
2, 195
11, 195
10, 195
9, 195
16, 195
91, 195
45, 195
24, 195
41, 195
7, 195
19, 195
38, 195
1, 195
34, 195
12, 195
21, 195
7, 195
46, 195
4, 195
5, 195
16, 195
10, 195
92, 195
76, 195
42, 195
77, 195
131, 195
40, 195
48, 195
21, 195
36, 195
26, 195
3, 195
83, 195
59, 195
21, 195
11, 195
17, 195
114, 195
15, 195
8, 195
53, 195
155, 195
66, 195
30, 195
10, 195
40, 195
21, 195
71, 195
39, 195
14, 195
34, 195
55, 195
13, 195
102, 195
27, 195
35, 195
69, 195
4, 195
2, 195
13, 195
89, 195
16, 195
59, 195
22, 195
17, 195
126, 195
58, 195
55, 195
153, 195
14, 195
42, 195
156, 195
20, 195
30, 195
10, 195
28, 195
41, 195
41, 195
14, 195
79, 195
30, 195
144, 195
16, 195
37, 195
18, 195
52, 195
20, 195
27, 195
19, 195
81, 195
16, 195
63, 195
36, 195
36, 195
3, 195
104, 195
7, 195
24, 195
3, 195
31, 195
23, 195
69, 195
3, 195
43, 195
76, 195
87, 195
66, 195
19, 195
6, 195
7, 195
85, 195
145, 195
12, 195
112, 195
28, 195
11, 195
84, 195
38, 195
129, 195
21, 195
42, 195
30, 195
13, 195
40, 195
26, 195
319, 319
199, 319
28, 319
119, 319
331, 331
12, 331
25, 331
155, 331
111, 331
322, 331
15, 331
157, 331
426, 426
11, 426
299, 426
37, 426
64, 426
29, 426
123, 426
17, 426
16, 426
41, 426
48, 426
61, 426
32, 426
19, 426
4, 426
152, 426
24, 426
127, 426
45, 426
251, 426
86, 426
116, 426
157, 426
9, 426
16, 426
35, 426
16, 426
43, 426
243, 426
98, 426
54, 426
102, 426
44, 426
68, 426
190, 426
55, 426
68, 426
29, 426
38, 426
62, 426
176, 426
30, 426
232, 426
128, 426
249, 426
28, 426
119, 426
122, 426
137, 426
49, 426
12, 426
389, 426
39, 426
136, 426
26, 426
36, 426
69, 426
4, 426
572, 572
141, 572
180, 572
34, 572
6, 572
67, 572
43, 572
14, 572
31, 572
383, 572
31, 572
33, 572
35, 572
4, 572
87, 572
32, 572
296, 572
7, 572
134, 572
10, 572
87, 572
83, 572
152, 572
174, 572
80, 572
77, 572
217, 572
171, 572
6, 572
130, 572
37, 572
76, 572
107, 572
165, 572
88, 572
80, 572
1, 572
142, 572
35, 572
97, 572
138, 572
26, 572
43, 572
433, 572
301, 572
73, 572
57, 572
22, 572
158, 572
123, 572
44, 572
108, 572
6, 572
254, 572
105, 572
22, 572
197, 572
148, 572
510, 572
288, 572
67, 572
207, 572
145, 572
1159, 1159
1039, 1159
10, 1159
129, 1159
305, 1159
204, 1159
186, 1159
111, 1159
188, 1159
39, 1159
5, 1159
644, 1159
11, 1159
216, 1159
132, 1159
18, 1159
158, 1159
1415, 1415
1729, 1729
2001, 2001
356, 2001
2, 2001
2001, 2001
355, 2001
16, 2001
2001, 2001
2001, 2001
2001, 2001
2001, 2001
2001, 2001
2001, 2001
211, 2001
2001, 2001
2001, 2001
2001, 2001
2001, 2001
2001, 2001
2001, 2001
2001, 2001
2001, 2001
2001, 2001
2001, 2001
2001, 2001
2001, 2001
2001, 2001
2001, 2001
2001, 2001
2001, 2001
2001, 2001
2001, 2001
2001, 2001
2001, 2001
2001, 2001
2001, 2001
2001, 2001
2001, 2001
2001, 2001
2001, 2001
2001, 2001
2001, 2001
2001, 2001
2001, 2001
2001, 2001
2001, 2001
2001, 2001
2001, 2001
2001, 2001
2001, 2001
#Algorithm: Qlearning, Speed: 1, Boost: 5, PM: False, Env size: (20, 20), Car size: (6, 5),
#Counter: 10000000, Nsteps: 10000000, Gamma: 1, LearnRate: 0.01, Eps: 0.5, Epsdecay: 0.9
0, 0
0, 0
1, 1
0, 1
0, 1
0, 1
0, 1
0, 1
0, 1
0, 1
1, 1
2, 2
1, 2
0, 2
1, 2
3, 3
0, 3
1, 3
0, 3
3, 3
4, 4
2, 4
4, 4
1, 4
4, 4
0, 4
10, 10
2, 10
3, 10
8, 10
1, 10
0, 10
3, 10
5, 10
8, 10
2, 10
2, 10
2, 10
1, 10
5, 10
4, 10
0, 10
2, 10
0, 10
1, 10
7, 10
4, 10
0, 10
1, 10
1, 10
2, 10
4, 10
1, 10
1, 10
1, 10
1, 10
1, 10
2, 10
3, 10
3, 10
1, 10
2, 10
1, 10
9, 10
1, 10
2, 10
6, 10
3, 10
2, 10
2, 10
3, 10
1, 10
0, 10
1, 10
1, 10
0, 10
8, 10
0, 10
0, 10
0, 10
6, 10
11, 11
0, 11
2, 11
1, 11
3, 11
0, 11
4, 11
2, 11
8, 11
4, 11
9, 11
3, 11
5, 11
9, 11
1, 11
1, 11
4, 11
1, 11
2, 11
0, 11
2, 11
4, 11
0, 11
0, 11
0, 11
8, 11
7, 11
16, 16
1, 16
1, 16
1, 16
2, 16
6, 16
0, 16
0, 16
2, 16
0, 16
1, 16
11, 16
3, 16
3, 16
2, 16
1, 16
5, 16
0, 16
5, 16
2, 16
4, 16
3, 16
3, 16
3, 16
12, 16
1, 16
7, 16
5, 16
5, 16
3, 16
2, 16
4, 16
2, 16
5, 16
2, 16
2, 16
2, 16
3, 16
0, 16
2, 16
3, 16
0, 16
0, 16
7, 16
0, 16
2, 16
2, 16
1, 16
6, 16
2, 16
2, 16
0, 16
4, 16
1, 16
8, 16
7, 16
2, 16
4, 16
1, 16
1, 16
5, 16
3, 16
1, 16
0, 16
3, 16
5, 16
4, 16
9, 16
6, 16
2, 16
11, 16
7, 16
9, 16
0, 16
3, 16
6, 16
1, 16
5, 16
1, 16
3, 16
1, 16
5, 16
3, 16
12, 16
2, 16
7, 16
5, 16
16, 16
1, 16
16, 16
5, 16
4, 16
3, 16
0, 16
13, 16
2, 16
1, 16
15, 16
19, 19
1, 19
3, 19
1, 19
15, 19
1, 19
14, 19
1, 19
2, 19
8, 19
3, 19
8, 19
8, 19
0, 19
0, 19
6, 19
7, 19
25, 25
3, 25
7, 25
2, 25
2, 25
4, 25
13, 25
2, 25
4, 25
4, 25
11, 25
14, 25
3, 25
3, 25
5, 25
13, 25
4, 25
11, 25
0, 25
11, 25
14, 25
3, 25
11, 25
6, 25
2, 25
22, 25
2, 25
7, 25
6, 25
5, 25
4, 25
10, 25
6, 25
2, 25
18, 25
1, 25
14, 25
1, 25
11, 25
6, 25
9, 25
13, 25
6, 25
3, 25
7, 25
25, 25
7, 25
8, 25
4, 25
3, 25
0, 25
12, 25
4, 25
1, 25
13, 25
1, 25
20, 25
6, 25
13, 25
9, 25
3, 25
4, 25
2, 25
4, 25
2, 25
4, 25
6, 25
1, 25
3, 25
2, 25
1, 25
1, 25
4, 25
0, 25
6, 25
10, 25
13, 25
3, 25
4, 25
8, 25
13, 25
14, 25
2, 25
10, 25
22, 25
4, 25
1, 25
20, 25
6, 25
11, 25
14, 25
0, 25
17, 25
0, 25
4, 25
20, 25
3, 25
1, 25
1, 25
5, 25
12, 25
11, 25
6, 25
5, 25
2, 25
15, 25
21, 25
1, 25
11, 25
7, 25
15, 25
3, 25
45, 45
8, 45
3, 45
1, 45
5, 45
6, 45
19, 45
3, 45
4, 45
6, 45
14, 45
6, 45
10, 45
23, 45
11, 45
2, 45
18, 45
14, 45
3, 45
13, 45
0, 45
9, 45
15, 45
1, 45
5, 45
12, 45
2, 45
7, 45
4, 45
1, 45
5, 45
11, 45
27, 45
18, 45
12, 45
4, 45
6, 45
16, 45
7, 45
1, 45
1, 45
6, 45
1, 45
18, 45
8, 45
15, 45
1, 45
0, 45
11, 45
15, 45
8, 45
3, 45
0, 45
8, 45
11, 45
3, 45
16, 45
2, 45
14, 45
3, 45
69, 69
4, 69
8, 69
7, 69
4, 69
1, 69
0, 69
11, 69
10, 69
4, 69
27, 69
5, 69
17, 69
2, 69
3, 69
10, 69
3, 69
4, 69
5, 69
5, 69
14, 69
16, 69
4, 69
3, 69
21, 69
7, 69
4, 69
19, 69
14, 69
14, 69
7, 69
6, 69
0, 69
3, 69
19, 69
14, 69
6, 69
6, 69
9, 69
0, 69
15, 69
4, 69
15, 69
12, 69
7, 69
3, 69
6, 69
2, 69
14, 69
9, 69
3, 69
7, 69
5, 69
2, 69
7, 69
11, 69
6, 69
1, 69
20, 69
1, 69
15, 69
1, 69
2, 69
4, 69
38, 69
3, 69
0, 69
16, 69
8, 69
0, 69
15, 69
3, 69
16, 69
21, 69
23, 69
0, 69
5, 69
14, 69
2, 69
4, 69
7, 69
5, 69
17, 69
1, 69
14, 69
13, 69
13, 69
21, 69
28, 69
3, 69
4, 69
6, 69
5, 69
3, 69
10, 69
6, 69
1, 69
7, 69
4, 69
17, 69
11, 69
24, 69
0, 69
4, 69
8, 69
2, 69
5, 69
21, 69
10, 69
4, 69
3, 69
22, 69
5, 69
6, 69
1, 69
9, 69
8, 69
8, 69
9, 69
4, 69
5, 69
10, 69
1, 69
0, 69
4, 69
1, 69
23, 69
6, 69
4, 69
8, 69
8, 69
7, 69
22, 69
11, 69
23, 69
9, 69
6, 69
9, 69
7, 69
14, 69
18, 69
16, 69
4, 69
6, 69
5, 69
8, 69
6, 69
0, 69
13, 69
15, 69
12, 69
3, 69
0, 69
3, 69
1, 69
1, 69
4, 69
13, 69
2, 69
2, 69
18, 69
21, 69
14, 69
7, 69
2, 69
4, 69
7, 69
4, 69
10, 69
3, 69
3, 69
14, 69
9, 69
12, 69
6, 69
5, 69
2, 69
9, 69
0, 69
16, 69
8, 69
23, 69
1, 69
6, 69
6, 69
5, 69
17, 69
6, 69
2, 69
11, 69
1, 69
3, 69
5, 69
18, 69
1, 69
3, 69
10, 69
2, 69
8, 69
16, 69
20, 69
5, 69
2, 69
2, 69
9, 69
10, 69
3, 69
1, 69
3, 69
7, 69
5, 69
12, 69
0, 69
12, 69
0, 69
0, 69
11, 69
1, 69
0, 69
0, 69
11, 69
0, 69
4, 69
1, 69
4, 69
5, 69
0, 69
3, 69
21, 69
20, 69
1, 69
6, 69
13, 69
26, 69
10, 69
10, 69
15, 69
0, 69
0, 69
20, 69
7, 69
8, 69
1, 69
3, 69
8, 69
2, 69
4, 69
16, 69
10, 69
7, 69
9, 69
1, 69
0, 69
9, 69
1, 69
21, 69
7, 69
6, 69
5, 69
3, 69
8, 69
8, 69
1, 69
4, 69
5, 69
3, 69
6, 69
14, 69
12, 69
0, 69
0, 69
19, 69
4, 69
6, 69
6, 69
3, 69
25, 69
11, 69
0, 69
8, 69
0, 69
19, 69
3, 69
6, 69
8, 69
4, 69
6, 69
1, 69
1, 69
5, 69
8, 69
0, 69
10, 69
5, 69
1, 69
21, 69
1, 69
12, 69
1, 69
0, 69
1, 69
10, 69
23, 69
5, 69
13, 69
10, 69
19, 69
4, 69
36, 69
25, 69
1, 69
21, 69
4, 69
17, 69
7, 69
2, 69
14, 69
3, 69
12, 69
59, 69
6, 69
22, 69
32, 69
10, 69
8, 69
26, 69
6, 69
0, 69
9, 69
1, 69
8, 69
0, 69
23, 69
7, 69
5, 69
8, 69
9, 69
10, 69
13, 69
11, 69
4, 69
44, 69
2, 69
10, 69
13, 69
23, 69
9, 69
9, 69
15, 69
2, 69
6, 69
15, 69
19, 69
2, 69
35, 69
4, 69
14, 69
5, 69
5, 69
11, 69
0, 69
12, 69
0, 69
6, 69
10, 69
22, 69
1, 69
1, 69
5, 69
8, 69
13, 69
3, 69
2, 69
4, 69
1, 69
2, 69
2, 69
7, 69
2, 69
18, 69
5, 69
12, 69
10, 69
12, 69
107, 107
4, 107
18, 107
5, 107
9, 107
2, 107
28, 107
13, 107
2, 107
5, 107
21, 107
1, 107
2, 107
3, 107
7, 107
20, 107
32, 107
2, 107
2, 107
22, 107
13, 107
12, 107
6, 107
9, 107
22, 107
46, 107
0, 107
8, 107
0, 107
3, 107
0, 107
17, 107
1, 107
1, 107
18, 107
2, 107
2, 107
26, 107
7, 107
2, 107
24, 107
9, 107
42, 107
2, 107
10, 107
8, 107
4, 107
14, 107
4, 107
9, 107
5, 107
17, 107
9, 107
7, 107
1, 107
20, 107
9, 107
0, 107
10, 107
12, 107
27, 107
1, 107
4, 107
2, 107
4, 107
5, 107
3, 107
22, 107
13, 107
0, 107
3, 107
1, 107
8, 107
7, 107
9, 107
59, 107
8, 107
26, 107
4, 107
8, 107
1, 107
0, 107
4, 107
0, 107
0, 107
5, 107
4, 107
3, 107
1, 107
5, 107
23, 107
1, 107
0, 107
8, 107
6, 107
9, 107
22, 107
0, 107
21, 107
31, 107
17, 107
1, 107
22, 107
9, 107
0, 107
17, 107
15, 107
30, 107
6, 107
15, 107
28, 107
4, 107
6, 107
1, 107
5, 107
1, 107
2, 107
7, 107
17, 107
6, 107
10, 107
6, 107
0, 107
16, 107
0, 107
15, 107
1, 107
1, 107
16, 107
2, 107
7, 107
16, 107
20, 107
6, 107
14, 107
9, 107
6, 107
14, 107
2, 107
4, 107
11, 107
14, 107
7, 107
5, 107
5, 107
1, 107
1, 107
3, 107
14, 107
24, 107
0, 107
9, 107
0, 107
16, 107
3, 107
3, 107
6, 107
20, 107
8, 107
35, 107
4, 107
9, 107
1, 107
7, 107
11, 107
0, 107
16, 107
0, 107
9, 107
3, 107
6, 107
19, 107
1, 107
13, 107
31, 107
7, 107
33, 107
5, 107
3, 107
6, 107
29, 107
11, 107
33, 107
5, 107
27, 107
2, 107
5, 107
5, 107
5, 107
5, 107
14, 107
6, 107
8, 107
45, 107
13, 107
6, 107
12, 107
8, 107
18, 107
9, 107
10, 107
16, 107
18, 107
3, 107
18, 107
8, 107
5, 107
6, 107
30, 107
12, 107
15, 107
5, 107
17, 107
29, 107
1, 107
19, 107
39, 107
5, 107
16, 107
26, 107
19, 107
27, 107
14, 107
4, 107
7, 107
29, 107
14, 107
12, 107
21, 107
34, 107
9, 107
35, 107
15, 107
5, 107
32, 107
21, 107
31, 107
2, 107
8, 107
6, 107
15, 107
35, 107
23, 107
6, 107
25, 107
13, 107
15, 107
16, 107
38, 107
21, 107
28, 107
18, 107
13, 107
8, 107
4, 107
6, 107
17, 107
2, 107
17, 107
9, 107
10, 107
23, 107
28, 107
9, 107
60, 107
4, 107
30, 107
43, 107
8, 107
12, 107
34, 107
18, 107
8, 107
4, 107
12, 107
58, 107
18, 107
33, 107
2, 107
14, 107
9, 107
15, 107
26, 107
25, 107
9, 107
41, 107
18, 107
1, 107
5, 107
5, 107
19, 107
7, 107
13, 107
17, 107
20, 107
17, 107
35, 107
20, 107
20, 107
2, 107
2, 107
21, 107
8, 107
53, 107
35, 107
16, 107
14, 107
13, 107
11, 107
6, 107
37, 107
16, 107
1, 107
16, 107
5, 107
49, 107
31, 107
8, 107
52, 107
19, 107
8, 107
20, 107
37, 107
10, 107
7, 107
42, 107
14, 107
61, 107
3, 107
42, 107
20, 107
11, 107
5, 107
2, 107
15, 107
6, 107
8, 107
1, 107
3, 107
4, 107
23, 107
15, 107
9, 107
27, 107
26, 107
15, 107
12, 107
10, 107
22, 107
52, 107
26, 107
53, 107
5, 107
12, 107
47, 107
52, 107
14, 107
22, 107
6, 107
18, 107
9, 107
1, 107
19, 107
1, 107
47, 107
4, 107
36, 107
1, 107
9, 107
1, 107
2, 107
21, 107
16, 107
12, 107
10, 107
1, 107
43, 107
59, 107
84, 107
4, 107
65, 107
10, 107
11, 107
19, 107
19, 107
5, 107
4, 107
6, 107
9, 107
10, 107
7, 107
57, 107
5, 107
9, 107
9, 107
15, 107
31, 107
84, 107
5, 107
4, 107
7, 107
33, 107
26, 107
20, 107
59, 107
9, 107
6, 107
6, 107
8, 107
1, 107
31, 107
51, 107
3, 107
13, 107
7, 107
1, 107
16, 107
11, 107
92, 107
20, 107
20, 107
8, 107
32, 107
47, 107
7, 107
8, 107
20, 107
3, 107
37, 107
3, 107
11, 107
18, 107
3, 107
19, 107
15, 107
35, 107
3, 107
39, 107
16, 107
10, 107
19, 107
12, 107
2, 107
2, 107
50, 107
33, 107
10, 107
5, 107
38, 107
26, 107
24, 107
14, 107
141, 141
10, 141
12, 141
32, 141
75, 141
7, 141
4, 141
54, 141
18, 141
3, 141
17, 141
25, 141
21, 141
12, 141
17, 141
6, 141
28, 141
3, 141
48, 141
21, 141
0, 141
69, 141
10, 141
40, 141
3, 141
39, 141
15, 141
16, 141
7, 141
32, 141
67, 141
22, 141
22, 141
8, 141
36, 141
47, 141
1, 141
26, 141
10, 141
44, 141
27, 141
6, 141
0, 141
2, 141
2, 141
27, 141
33, 141
34, 141
22, 141
27, 141
26, 141
51, 141
9, 141
39, 141
31, 141
27, 141
5, 141
7, 141
1, 141
23, 141
4, 141
38, 141
93, 141
44, 141
8, 141
33, 141
41, 141
22, 141
11, 141
19, 141
10, 141
51, 141
32, 141
8, 141
5, 141
110, 141
3, 141
16, 141
60, 141
21, 141
11, 141
51, 141
5, 141
25, 141
20, 141
18, 141
63, 141
16, 141
8, 141
29, 141
16, 141
8, 141
118, 141
10, 141
60, 141
19, 141
39, 141
126, 141
14, 141
32, 141
13, 141
32, 141
32, 141
4, 141
39, 141
14, 141
66, 141
11, 141
28, 141
3, 141
70, 141
15, 141
58, 141
7, 141
42, 141
17, 141
40, 141
4, 141
9, 141
20, 141
30, 141
8, 141
27, 141
30, 141
3, 141
4, 141
66, 141
51, 141
29, 141
5, 141
36, 141
23, 141
3, 141
27, 141
54, 141
41, 141
4, 141
10, 141
3, 141
54, 141
43, 141
25, 141
1, 141
28, 141
13, 141
23, 141
6, 141
5, 141
6, 141
20, 141
25, 141
17, 141
18, 141
17, 141
29, 141
22, 141
4, 141
35, 141
1, 141
4, 141
22, 141
8, 141
30, 141
20, 141
27, 141
74, 141
32, 141
7, 141
2, 141
3, 141
21, 141
93, 141
13, 141
9, 141
7, 141
35, 141
50, 141
5, 141
28, 141
56, 141
14, 141
40, 141
21, 141
42, 141
1, 141
8, 141
7, 141
4, 141
17, 141
20, 141
13, 141
63, 141
20, 141
31, 141
3, 141
39, 141
22, 141
7, 141
18, 141
0, 141
10, 141
25, 141
11, 141
6, 141
3, 141
63, 141
3, 141
1, 141
5, 141
14, 141
75, 141
27, 141
33, 141
6, 141
25, 141
13, 141
49, 141
13, 141
9, 141
51, 141
22, 141
49, 141
11, 141
14, 141
11, 141
87, 141
64, 141
73, 141
14, 141
44, 141
32, 141
71, 141
40, 141
41, 141
37, 141
14, 141
8, 141
11, 141
18, 141
130, 141
25, 141
11, 141
108, 141
69, 141
47, 141
52, 141
88, 141
14, 141
4, 141
7, 141
3, 141
35, 141
11, 141
119, 141
60, 141
5, 141
27, 141
7, 141
21, 141
34, 141
12, 141
32, 141
19, 141
55, 141
10, 141
2, 141
30, 141
5, 141
5, 141
77, 141
12, 141
20, 141
7, 141
8, 141
47, 141
10, 141
31, 141
6, 141
63, 141
38, 141
51, 141
5, 141
19, 141
4, 141
94, 141
63, 141
2, 141
10, 141
44, 141
13, 141
70, 141
7, 141
13, 141
55, 141
17, 141
74, 141
50, 141
1, 141
5, 141
24, 141
2, 141
76, 141
4, 141
72, 141
53, 141
46, 141
16, 141
18, 141
11, 141
22, 141
12, 141
22, 141
2, 141
59, 141
17, 141
88, 141
12, 141
71, 141
29, 141
65, 141
79, 141
39, 141
5, 141
17, 141
36, 141
56, 141
4, 141
47, 141
12, 141
13, 141
91, 141
35, 141
67, 141
25, 141
18, 141
51, 141
45, 141
23, 141
26, 141
32, 141
50, 141
104, 141
25, 141
2, 141
45, 141
20, 141
119, 141
6, 141
79, 141
11, 141
18, 141
62, 141
50, 141
46, 141
2, 141
18, 141
84, 141
48, 141
8, 141
128, 141
76, 141
38, 141
31, 141
24, 141
3, 141
59, 141
35, 141
12, 141
25, 141
43, 141
93, 141
31, 141
10, 141
40, 141
5, 141
20, 141
65, 141
5, 141
189, 189
14, 189
7, 189
57, 189
23, 189
44, 189
112, 189
81, 189
27, 189
64, 189
86, 189
203, 203
59, 203
84, 203
109, 203
6, 203
26, 203
32, 203
97, 203
62, 203
100, 203
23, 203
21, 203
16, 203
70, 203
10, 203
83, 203
15, 203
33, 203
21, 203
43, 203
6, 203
69, 203
17, 203
9, 203
90, 203
42, 203
101, 203
22, 203
8, 203
60, 203
40, 203
24, 203
62, 203
103, 203
13, 203
59, 203
22, 203
1, 203
20, 203
5, 203
63, 203
22, 203
43, 203
109, 203
52, 203
12, 203
23, 203
131, 203
61, 203
111, 203
60, 203
22, 203
110, 203
16, 203
20, 203
82, 203
73, 203
44, 203
33, 203
10, 203
252, 252
18, 252
33, 252
129, 252
63, 252
134, 252
96, 252
31, 252
71, 252
88, 252
70, 252
2, 252
38, 252
112, 252
89, 252
39, 252
50, 252
86, 252
61, 252
47, 252
40, 252
89, 252
287, 287
19, 287
27, 287
88, 287
65, 287
100, 287
27, 287
5, 287
42, 287
93, 287
7, 287
25, 287
28, 287
3, 287
310, 310
56, 310
10, 310
19, 310
19, 310
3, 310
16, 310
214, 310
345, 345
94, 345
61, 345
42, 345
29, 345
7, 345
22, 345
4, 345
81, 345
336, 345
76, 345
18, 345
25, 345
1, 345
12, 345
74, 345
6, 345
32, 345
245, 345
102, 345
92, 345
33, 345
20, 345
30, 345
68, 345
89, 345
96, 345
4, 345
31, 345
115, 345
69, 345
45, 345
87, 345
122, 345
50, 345
47, 345
8, 345
39, 345
61, 345
160, 345
17, 345
14, 345
2, 345
197, 345
4, 345
101, 345
34, 345
27, 345
49, 345
117, 345
223, 345
83, 345
110, 345
71, 345
194, 345
65, 345
136, 345
75, 345
11, 345
78, 345
28, 345
5, 345
51, 345
94, 345
26, 345
22, 345
15, 345
79, 345
141, 345
50, 345
0, 345
0, 345
20, 345
141, 345
46, 345
63, 345
50, 345
8, 345
30, 345
12, 345
67, 345
16, 345
37, 345
36, 345
95, 345
30, 345
17, 345
1, 345
18, 345
8, 345
83, 345
12, 345
52, 345
25, 345
57, 345
62, 345
266, 345
71, 345
46, 345
21, 345
201, 345
42, 345
54, 345
173, 345
26, 345
387, 387
14, 387
0, 387
607, 607
10, 607
81, 607
240, 607
33, 607
52, 607
9, 607
18, 607
133, 607
50, 607
42, 607
5, 607
30, 607
90, 607
10, 607
2, 607
231, 607
138, 607
54, 607
67, 607
15, 607
113, 607
32, 607
274, 607
8, 607
87, 607
59, 607
10, 607
53, 607
133, 607
0, 607
13, 607
182, 607
120, 607
13, 607
103, 607
158, 607
90, 607
37, 607
129, 607
22, 607
17, 607
0, 607
3, 607
61, 607
27, 607
17, 607
158, 607
7, 607
126, 607
97, 607
35, 607
22, 607
10, 607
5, 607
2, 607
53, 607
9, 607
40, 607
34, 607
13, 607
9, 607
14, 607
78, 607
86, 607
44, 607
130, 607
41, 607
65, 607
713, 713
30, 713
2, 713
20, 713
66, 713
28, 713
3, 713
33, 713
91, 713
22, 713
83, 713
27, 713
2, 713
71, 713
82, 713
20, 713
54, 713
21, 713
13, 713
0, 713
42, 713
3, 713
0, 713
50, 713
56, 713
30, 713
25, 713
35, 713
26, 713
67, 713
65, 713
20, 713
70, 713
0, 713
16, 713
5, 713
125, 713
24, 713
21, 713
24, 713
16, 713
15, 713
14, 713
67, 713
92, 713
2, 713
3, 713
60, 713
19, 713
30, 713
19, 713
4, 713
3, 713
3, 713
60, 713
76, 713
36, 713
31, 713
74, 713
20, 713
4, 713
66, 713
116, 713
196, 713
65, 713
9, 713
175, 713
0, 713
10, 713
61, 713
50, 713
6, 713
280, 713
156, 713
63, 713
23, 713
18, 713
9, 713
33, 713
329, 713
107, 713
59, 713
60, 713
99, 713
162, 713
50, 713
54, 713
142, 713
220, 713
11, 713
148, 713
7, 713
46, 713
16, 713
3, 713
120, 713
75, 713
11, 713
4, 713
#Algorithm: Qlearning, Speed: 1, Boost: 5, PM: False, Env size: (20, 20), Car size: (6, 5),
#Counter: 10000000, Nsteps: 10000000, Gamma: 1, LearnRate: 0.01, Eps: 0.5, Epsdecay: 0.9
0, 0
0, 0
1, 1
0, 1
2, 2
1, 2
0, 2
1, 2
1, 2
0, 2
0, 2
0, 2
2, 2
6, 6
2, 6
1, 6
3, 6
1, 6
1, 6
0, 6
7, 7
1, 7
1, 7
2, 7
7, 7
7, 7
5, 7
2, 7
7, 7
5, 7
3, 7
2, 7
1, 7
0, 7
4, 7
2, 7
2, 7
5, 7
2, 7
3, 7
4, 7
1, 7
3, 7
1, 7
2, 7
0, 7
0, 7
2, 7
7, 7
5, 7
2, 7
5, 7
2, 7
10, 10
4, 10
6, 10
1, 10
2, 10
3, 10
1, 10
3, 10
2, 10
1, 10
0, 10
4, 10
1, 10
1, 10
3, 10
3, 10
0, 10
2, 10
5, 10
3, 10
0, 10
1, 10
3, 10
0, 10
3, 10
4, 10
0, 10
0, 10
1, 10
1, 10
3, 10
0, 10
5, 10
1, 10
0, 10
2, 10
13, 13
3, 13
4, 13
5, 13
7, 13
2, 13
20, 20
1, 20
9, 20
11, 20
1, 20
11, 20
4, 20
1, 20
0, 20
2, 20
7, 20
2, 20
3, 20
5, 20
3, 20
6, 20
4, 20
9, 20
6, 20
5, 20
1, 20
3, 20
0, 20
0, 20
4, 20
2, 20
3, 20
4, 20
0, 20
4, 20
7, 20
0, 20
1, 20
8, 20
6, 20
0, 20
4, 20
0, 20
0, 20
1, 20
4, 20
12, 20
3, 20
1, 20
2, 20
2, 20
1, 20
4, 20
2, 20
11, 20
3, 20
4, 20
1, 20
4, 20
3, 20
3, 20
13, 20
5, 20
9, 20
4, 20
1, 20
3, 20
4, 20
2, 20
9, 20
2, 20
4, 20
2, 20
3, 20
7, 20
1, 20
0, 20
3, 20
13, 20
3, 20
5, 20
4, 20
7, 20
6, 20
2, 20
5, 20
1, 20
0, 20
3, 20
4, 20
1, 20
8, 20
0, 20
9, 20
4, 20
0, 20
20, 20
4, 20
2, 20
1, 20
3, 20
14, 20
5, 20
1, 20
5, 20
1, 20
2, 20
5, 20
3, 20
4, 20
2, 20
1, 20
0, 20
6, 20
2, 20
6, 20
3, 20
1, 20
8, 20
4, 20
6, 20
0, 20
6, 20
6, 20
11, 20
14, 20
6, 20
10, 20
4, 20
0, 20
33, 33
6, 33
3, 33
0, 33
2, 33
9, 33
1, 33
11, 33
8, 33
1, 33
3, 33
3, 33
1, 33
6, 33
3, 33
0, 33
2, 33
1, 33
4, 33
4, 33
6, 33
2, 33
0, 33
3, 33
0, 33
1, 33
1, 33
0, 33
0, 33
0, 33
7, 33
3, 33
7, 33
0, 33
6, 33
4, 33
7, 33
3, 33
2, 33
13, 33
0, 33
4, 33
1, 33
4, 33
5, 33
4, 33
0, 33
3, 33
23, 33
15, 33
5, 33
3, 33
4, 33
0, 33
0, 33
45, 45
4, 45
3, 45
3, 45
4, 45
4, 45
7, 45
1, 45
3, 45
1, 45
2, 45
2, 45
0, 45
1, 45
4, 45
9, 45
2, 45
0, 45
8, 45
11, 45
2, 45
8, 45
4, 45
2, 45
9, 45
1, 45
10, 45
22, 45
1, 45
5, 45
1, 45
6, 45
5, 45
2, 45
15, 45
4, 45
1, 45
11, 45
4, 45
7, 45
0, 45
8, 45
2, 45
6, 45
7, 45
2, 45
4, 45
23, 45
8, 45
6, 45
2, 45
4, 45
1, 45
11, 45
4, 45
6, 45
8, 45
8, 45
2, 45
2, 45
9, 45
2, 45
2, 45
1, 45
4, 45
1, 45
12, 45
6, 45
2, 45
0, 45
2, 45
7, 45
0, 45
7, 45
14, 45
9, 45
4, 45
2, 45
2, 45
4, 45
6, 45
4, 45
2, 45
2, 45
14, 45
1, 45
5, 45
4, 45
8, 45
1, 45
3, 45
2, 45
3, 45
4, 45
3, 45
6, 45
6, 45
2, 45
6, 45
3, 45
3, 45
5, 45
0, 45
7, 45
2, 45
1, 45
1, 45
1, 45
1, 45
5, 45
3, 45
2, 45
6, 45
3, 45
13, 45
7, 45
3, 45
1, 45
5, 45
2, 45
3, 45
2, 45
2, 45
1, 45
6, 45
1, 45
2, 45
2, 45
0, 45
5, 45
9, 45
10, 45
0, 45
5, 45
7, 45
4, 45
4, 45
1, 45
7, 45
6, 45
2, 45
4, 45
5, 45
3, 45
2, 45
5, 45
14, 45
8, 45
4, 45
4, 45
23, 45
1, 45
3, 45
19, 45
9, 45
13, 45
3, 45
1, 45
9, 45
8, 45
16, 45
5, 45
2, 45
3, 45
3, 45
6, 45
2, 45
2, 45
3, 45
12, 45
2, 45
1, 45
11, 45
7, 45
8, 45
9, 45
3, 45
2, 45
7, 45
15, 45
1, 45
3, 45
2, 45
11, 45
3, 45
18, 45
6, 45
3, 45
4, 45
1, 45
12, 45
1, 45
2, 45
6, 45
5, 45
2, 45
4, 45
1, 45
6, 45
9, 45
1, 45
1, 45
6, 45
13, 45
7, 45
4, 45
18, 45
4, 45
2, 45
2, 45
2, 45
0, 45
1, 45
2, 45
6, 45
2, 45
9, 45
9, 45
5, 45
9, 45
4, 45
4, 45
7, 45
2, 45
3, 45
5, 45
14, 45
1, 45
2, 45
0, 45
4, 45
0, 45
2, 45
0, 45
4, 45
0, 45
0, 45
2, 45
3, 45
9, 45
4, 45
4, 45
2, 45
19, 45
3, 45
3, 45
3, 45
8, 45
3, 45
4, 45
5, 45
6, 45
10, 45
8, 45
6, 45
18, 45
7, 45
0, 45
3, 45
5, 45
1, 45
2, 45
7, 45
16, 45
19, 45
1, 45
4, 45
12, 45
2, 45
11, 45
14, 45
4, 45
13, 45
3, 45
8, 45
7, 45
17, 45
3, 45
3, 45
5, 45
5, 45
1, 45
3, 45
35, 45
6, 45
7, 45
17, 45
11, 45
0, 45
6, 45
7, 45
5, 45
0, 45
15, 45
7, 45
55, 55
3, 55
13, 55
11, 55
16, 55
9, 55
4, 55
1, 55
0, 55
8, 55
2, 55
3, 55
1, 55
0, 55
10, 55
29, 55
3, 55
10, 55
0, 55
1, 55
12, 55
15, 55
9, 55
4, 55
21, 55
2, 55
8, 55
3, 55
2, 55
1, 55
1, 55
4, 55
3, 55
1, 55
16, 55
5, 55
4, 55
12, 55
10, 55
7, 55
18, 55
5, 55
0, 55
4, 55
0, 55
5, 55
12, 55
17, 55
6, 55
4, 55
1, 55
0, 55
0, 55
3, 55
28, 55
4, 55
2, 55
3, 55
3, 55
16, 55
4, 55
14, 55
2, 55
10, 55
13, 55
6, 55
4, 55
0, 55
10, 55
14, 55
11, 55
2, 55
11, 55
7, 55
3, 55
5, 55
1, 55
13, 55
2, 55
5, 55
4, 55
17, 55
6, 55
7, 55
12, 55
4, 55
24, 55
3, 55
3, 55
11, 55
2, 55
3, 55
2, 55
1, 55
9, 55
2, 55
4, 55
1, 55
15, 55
6, 55
19, 55
11, 55
10, 55
17, 55
7, 55
3, 55
7, 55
4, 55
7, 55
5, 55
10, 55
5, 55
6, 55
2, 55
2, 55
2, 55
11, 55
4, 55
13, 55
31, 55
20, 55
0, 55
4, 55
8, 55
34, 55
32, 55
12, 55
11, 55
1, 55
6, 55
28, 55
9, 55
21, 55
6, 55
0, 55
8, 55
1, 55
1, 55
18, 55
22, 55
3, 55
10, 55
6, 55
9, 55
27, 55
1, 55
3, 55
13, 55
0, 55
7, 55
25, 55
3, 55
3, 55
0, 55
19, 55
3, 55
9, 55
0, 55
0, 55
13, 55
4, 55
34, 55
11, 55
5, 55
2, 55
2, 55
5, 55
42, 55
19, 55
45, 55
9, 55
3, 55
12, 55
3, 55
16, 55
17, 55
0, 55
0, 55
16, 55
1, 55
7, 55
0, 55
13, 55
0, 55
5, 55
23, 55
0, 55
4, 55
1, 55
0, 55
4, 55
11, 55
0, 55
3, 55
3, 55
0, 55
9, 55
6, 55
12, 55
0, 55
0, 55
8, 55
8, 55
6, 55
39, 55
15, 55
18, 55
6, 55
1, 55
20, 55
14, 55
6, 55
12, 55
7, 55
13, 55
6, 55
4, 55
3, 55
8, 55
3, 55
5, 55
6, 55
11, 55
1, 55
12, 55
5, 55
15, 55
28, 55
11, 55
11, 55
5, 55
20, 55
7, 55
27, 55
12, 55
7, 55
8, 55
35, 55
0, 55
16, 55
24, 55
14, 55
1, 55
27, 55
1, 55
7, 55
10, 55
14, 55
6, 55
12, 55
0, 55
6, 55
10, 55
0, 55
16, 55
2, 55
15, 55
5, 55
9, 55
3, 55
9, 55
0, 55
0, 55
0, 55
5, 55
2, 55
9, 55
1, 55
9, 55
50, 55
4, 55
6, 55
14, 55
16, 55
20, 55
4, 55
18, 55
32, 55
25, 55
23, 55
26, 55
16, 55
1, 55
15, 55
24, 55
9, 55
0, 55
0, 55
3, 55
7, 55
42, 55
4, 55
5, 55
16, 55
10, 55
8, 55
21, 55
7, 55
57, 57
16, 57
29, 57
3, 57
11, 57
59, 59
15, 59
36, 59
2, 59
12, 59
16, 59
12, 59
4, 59
15, 59
70, 70
13, 70
8, 70
7, 70
6, 70
0, 70
25, 70
20, 70
9, 70
12, 70
44, 70
15, 70
21, 70
50, 70
1, 70
20, 70
27, 70
13, 70
4, 70
3, 70
2, 70
8, 70
12, 70
7, 70
0, 70
8, 70
0, 70
3, 70
5, 70
7, 70
5, 70
4, 70
10, 70
18, 70
49, 70
29, 70
1, 70
26, 70
18, 70
7, 70
17, 70
20, 70
40, 70
14, 70
25, 70
5, 70
10, 70
67, 70
16, 70
2, 70
11, 70
22, 70
13, 70
11, 70
25, 70
16, 70
16, 70
5, 70
1, 70
14, 70
6, 70
9, 70
22, 70
12, 70
3, 70
13, 70
1, 70
5, 70
29, 70
2, 70
11, 70
40, 70
22, 70
0, 70
26, 70
16, 70
17, 70
8, 70
14, 70
0, 70
11, 70
15, 70
5, 70
10, 70
26, 70
7, 70
6, 70
8, 70
6, 70
33, 70
25, 70
53, 70
3, 70
43, 70
4, 70
1, 70
4, 70
41, 70
1, 70
14, 70
24, 70
3, 70
36, 70
62, 70
7, 70
24, 70
32, 70
22, 70
10, 70
57, 70
6, 70
37, 70
2, 70
7, 70
10, 70
32, 70
29, 70
8, 70
5, 70
0, 70
37, 70
8, 70
59, 70
13, 70
23, 70
9, 70
45, 70
15, 70
20, 70
15, 70
43, 70
2, 70
4, 70
24, 70
2, 70
23, 70
46, 70
19, 70
17, 70
28, 70
41, 70
1, 70
5, 70
9, 70
4, 70
1, 70
24, 70
59, 70
12, 70
27, 70
14, 70
11, 70
19, 70
73, 73
21, 73
9, 73
1, 73
65, 73
10, 73
17, 73
29, 73
16, 73
3, 73
14, 73
19, 73
13, 73
1, 73
7, 73
72, 73
25, 73
28, 73
39, 73
14, 73
55, 73
10, 73
70, 73
4, 73
18, 73
32, 73
4, 73
33, 73
4, 73
7, 73
7, 73
0, 73
16, 73
20, 73
31, 73
113, 113
6, 113
11, 113
25, 113
6, 113
50, 113
10, 113
25, 113
51, 113
17, 113
29, 113
92, 113
66, 113
2, 113
11, 113
9, 113
0, 113
146, 146
7, 146
7, 146
32, 146
38, 146
11, 146
15, 146
0, 146
49, 146
11, 146
9, 146
0, 146
0, 146
64, 146
65, 146
41, 146
14, 146
14, 146
15, 146
62, 146
46, 146
3, 146
10, 146
71, 146
20, 146
21, 146
16, 146
17, 146
0, 146
32, 146
7, 146
1, 146
7, 146
16, 146
0, 146
28, 146
71, 146
40, 146
7, 146
43, 146
26, 146
8, 146
6, 146
25, 146
21, 146
46, 146
32, 146
25, 146
113, 146
31, 146
4, 146
29, 146
12, 146
21, 146
5, 146
20, 146
29, 146
43, 146
3, 146
9, 146
32, 146
14, 146
14, 146
24, 146
3, 146
3, 146
6, 146
2, 146
20, 146
4, 146
12, 146
16, 146
10, 146
13, 146
14, 146
10, 146
9, 146
23, 146
17, 146
4, 146
7, 146
4, 146
24, 146
10, 146
18, 146
3, 146
9, 146
33, 146
14, 146
3, 146
157, 157
94, 157
60, 157
6, 157
45, 157
118, 157
29, 157
6, 157
6, 157
24, 157
17, 157
19, 157
122, 157
3, 157
327, 327
51, 327
258, 327
149, 327
125, 327
58, 327
5, 327
89, 327
76, 327
66, 327
178, 327
157, 327
14, 327
121, 327
49, 327
56, 327
177, 327
3, 327
75, 327
31, 327
11, 327
44, 327
20, 327
16, 327
81, 327
78, 327
12, 327
16, 327
8, 327
21, 327
34, 327
30, 327
21, 327
44, 327
136, 327
18, 327
28, 327
0, 327
102, 327
70, 327
84, 327
54, 327
72, 327
2, 327
0, 327
16, 327
162, 327
19, 327
14, 327
1, 327
1, 327
2, 327
42, 327
52, 327
93, 327
2, 327
13, 327
2, 327
24, 327
17, 327
7, 327
60, 327
13, 327
5, 327
47, 327
24, 327
29, 327
4, 327
4, 327
31, 327
71, 327
17, 327
37, 327
28, 327
20, 327
84, 327
34, 327
76, 327
41, 327
10, 327
8, 327
43, 327
90, 327
10, 327
8, 327
26, 327
11, 327
53, 327
3, 327
18, 327
54, 327
1, 327
49, 327
9, 327
8, 327
16, 327
17, 327
15, 327
100, 327
3, 327
8, 327
16, 327
9, 327
69, 327
16, 327
9, 327
43, 327
21, 327
2, 327
12, 327
30, 327
29, 327
51, 327
9, 327
32, 327
15, 327
8, 327
4, 327
3, 327
4, 327
52, 327
40, 327
27, 327
48, 327
32, 327
14, 327
34, 327
130, 327
36, 327
5, 327
14, 327
31, 327
7, 327
12, 327
0, 327
10, 327
6, 327
39, 327
1, 327
3, 327
27, 327
33, 327
6, 327
5, 327
1, 327
6, 327
24, 327
1, 327
5, 327
6, 327
16, 327
8, 327
1, 327
13, 327
6, 327
15, 327
14, 327
24, 327
11, 327
3, 327
2, 327
1, 327
22, 327
1, 327
7, 327
6, 327
22, 327
20, 327
6, 327
16, 327
4, 327
8, 327
8, 327
23, 327
5, 327
10, 327
19, 327
27, 327
9, 327
5, 327
21, 327
16, 327
24, 327
6, 327
24, 327
13, 327
34, 327
57, 327
7, 327
63, 327
13, 327
17, 327
27, 327
8, 327
29, 327
19, 327
8, 327
1, 327
5, 327
28, 327
4, 327
22, 327
6, 327
16, 327
86, 327
4, 327
50, 327
54, 327
30, 327
11, 327
96, 327
39, 327
59, 327
21, 327
1, 327
2, 327
264, 327
41, 327
12, 327
0, 327
44, 327
19, 327
15, 327
210, 327
17, 327
87, 327
10, 327
134, 327
14, 327
5, 327
106, 327
10, 327
610, 610
55, 610
82, 610
39, 610
26, 610
12, 610
9, 610
1, 610
2, 610
2, 610
41, 610
8, 610
20, 610
26, 610
20, 610
58, 610
30, 610
2, 610
11, 610
68, 610
26, 610
26, 610
80, 610
49, 610
11, 610
6, 610
26, 610
42, 610
53, 610
22, 610
36, 610
17, 610
4, 610
6, 610
1, 610
77, 610
13, 610
6, 610
48, 610
39, 610
3, 610
1, 610
46, 610
37, 610
99, 610
63, 610
11, 610
70, 610
22, 610
3, 610
27, 610
22, 610
5, 610
40, 610
12, 610
10, 610
19, 610
40, 610
29, 610
17, 610
32, 610
33, 610
47, 610
31, 610
47, 610
26, 610
2, 610
44, 610
101, 610
35, 610
32, 610
19, 610
88, 610
60, 610
11, 610
119, 610
95, 610
175, 610
36, 610
10, 610
43, 610
8, 610
22, 610
29, 610
4, 610
26, 610
17, 610
44, 610
93, 610
46, 610
23, 610
24, 610
42, 610
21, 610
1, 610
3, 610
14, 610
51, 610
8, 610
32, 610
21, 610
17, 610
6, 610
51, 610
5, 610
69, 610
41, 610
4, 610
13, 610
16, 610
8, 610
35, 610
27, 610
7, 610
1, 610
5, 610
8, 610
9, 610
14, 610
39, 610
9, 610
18, 610
19, 610
9, 610
40, 610
8, 610
18, 610
1, 610
34, 610
4, 610
24, 610
17, 610
25, 610
4, 610
23, 610
2, 610
7, 610
18, 610
9, 610
7, 610
11, 610
19, 610
24, 610
91, 610
24, 610
2, 610
43, 610
148, 610
50, 610
88, 610
17, 610
23, 610
12, 610
44, 610
4, 610
4, 610
4, 610
7, 610
11, 610
18, 610
12, 610
4, 610
1, 610
14, 610
20, 610
12, 610
23, 610
40, 610
8, 610
4, 610
8, 610
13, 610
5, 610
44, 610
16, 610
4, 610
51, 610
2, 610
42, 610
23, 610
116, 610
129, 610
351, 610
456, 610
65, 610
241, 610
3, 610
7, 610
62, 610
30, 610
27, 610
11, 610
44, 610
30, 610
41, 610
179, 610
35, 610
19, 610
16, 610
84, 610
29, 610
97, 610
9, 610
10, 610
8, 610
13, 610
49, 610
17, 610
2, 610
16, 610
14, 610
15, 610
1, 610
2, 610
65, 610
24, 610
316, 610
1, 610
17, 610
124, 610
84, 610
94, 610
65, 610
3, 610
16, 610
45, 610
57, 610
1, 610
18, 610
3, 610
11, 610
7, 610
5, 610
27, 610
39, 610
20, 610
81, 610
7, 610
16, 610
7, 610
7, 610
1, 610
3, 610
10, 610
4, 610
21, 610
6, 610
5, 610
31, 610
12, 610
32, 610
5, 610
9, 610
11, 610
22, 610
9, 610
11, 610
43, 610
6, 610
13, 610
12, 610
48, 610
5, 610
11, 610
10, 610
25, 610
19, 610
9, 610
19, 610
4, 610
19, 610
6, 610
15, 610
32, 610
2, 610
5, 610
6, 610
7, 610
11, 610
3, 610
7, 610
4, 610
7, 610
68, 610
43, 610
56, 610
169, 610
37, 610
11, 610
12, 610
7, 610
55, 610
22, 610
5, 610
20, 610
27, 610
11, 610
38, 610
67, 610
67, 610
79, 610
9, 610
22, 610
8, 610
3, 610
63, 610
5, 610
19, 610
24, 610
27, 610
17, 610
3, 610
66, 610
19, 610
8, 610
19, 610
1, 610
5, 610
8, 610
8, 610
31, 610
16, 610
2, 610
14, 610
2, 610
28, 610
15, 610
16, 610
11, 610
20, 610
21, 610
5, 610
4, 610
12, 610
45, 610
9, 610
5, 610
10, 610
5, 610
1, 610
2, 610
96, 610
49, 610
226, 610
214, 610
141, 610
108, 610
74, 610
48, 610
20, 610
17, 610
1, 610
3, 610
2, 610
9, 610
60, 610
64, 610
62, 610
5, 610
35, 610
7, 610
4, 610
22, 610
52, 610
10, 610
6, 610
88, 610
50, 610
89, 610
74, 610
20, 610
20, 610
97, 610
60, 610
25, 610
87, 610
32, 610
83, 610
1, 610
2, 610
60, 610
56, 610
63, 610
16, 610
9, 610
66, 610
51, 610
112, 610
62, 610
18, 610
22, 610
10, 610
6, 610
32, 610
11, 610
2, 610
79, 610
14, 610
2, 610
4, 610
17, 610
11, 610
1, 610
35, 610
7, 610
12, 610
8, 610
20, 610
5, 610
53, 610
14, 610
7, 610
64, 610
25, 610
107, 610
12, 610
20, 610
4, 610
37, 610
6, 610
3, 610
33, 610
26, 610
17, 610
29, 610
2, 610
3, 610
35, 610
11, 610
17, 610
20, 610
52, 610
32, 610
474, 610
192, 610
80, 610
86, 610
3, 610
37, 610
17, 610
153, 610
51, 610
74, 610
18, 610
21, 610
19, 610
24, 610
15, 610
2, 610
6, 610
10, 610
49, 610
2, 610
2, 610
6, 610
8, 610
31, 610
112, 610
55, 610
189, 610
162, 610
65, 610
56, 610
31, 610
21, 610
11, 610
2, 610
9, 610
3, 610
37, 610
8, 610
25, 610
10, 610
29, 610
10, 610
11, 610
18, 610
18, 610
5, 610
21, 610
9, 610
20, 610
31, 610
15, 610
34, 610
26, 610
16, 610
1, 610
13, 610
23, 610
11, 610
6, 610
61, 610
13, 610
51, 610
37, 610
11, 610
5, 610
19, 610
2, 610
30, 610
7, 610
6, 610
21, 610
38, 610
53, 610
6, 610
7, 610
15, 610
77, 610
43, 610
26, 610
19, 610
50, 610
1, 610
18, 610
44, 610
26, 610
23, 610
56, 610
17, 610
314, 610
37, 610
58, 610
2, 610
19, 610
2, 610
9, 610
7, 610
24, 610
15, 610
15, 610
15, 610
18, 610
8, 610
4, 610
25, 610
1, 610
29, 610
15, 610
8, 610
37, 610
4, 610
0, 610
17, 610
70, 610
38, 610
42, 610
16, 610
76, 610
7, 610
46, 610
29, 610
9, 610
2, 610
12, 610
40, 610
63, 610
17, 610
16, 610
36, 610
1, 610
36, 610
38, 610
72, 610
3, 610
0, 610
37, 610
8, 610
86, 610
51, 610
28, 610
90, 610
40, 610
150, 610
24, 610
59, 610
#Algorithm: Qlearning, Speed: 1, Boost: 5, PM: False, Env size: (20, 20), Car size: (6, 5),
#Counter: 10000000, Nsteps: 10000000, Gamma: 1, LearnRate: 0.01, Eps: 0.5, Epsdecay: 0.9
0, 0
0, 0
0, 0
0, 0
1, 1
1, 1
1, 1
0, 1
0, 1
0, 1
1, 1
1, 1
1, 1
0, 1
0, 1
2, 2
1, 2
0, 2
1, 2
5, 5
1, 5
0, 5
5, 5
1, 5
4, 5
0, 5
4, 5
1, 5
6, 6
2, 6
3, 6
2, 6
0, 6
6, 6
4, 6
1, 6
4, 6
8, 8
2, 8
3, 8
0, 8
1, 8
2, 8
0, 8
0, 8
0, 8
2, 8
4, 8
1, 8
3, 8
1, 8
4, 8
3, 8
3, 8
5, 8
5, 8
4, 8
8, 8
6, 8
4, 8
1, 8
10, 10
1, 10
4, 10
9, 10
1, 10
2, 10
3, 10
1, 10
3, 10
1, 10
0, 10
0, 10
3, 10
9, 10
5, 10
3, 10
1, 10
4, 10
1, 10
1, 10
1, 10
0, 10
4, 10
4, 10
2, 10
1, 10
2, 10
3, 10
1, 10
1, 10
2, 10
1, 10
4, 10
3, 10
7, 10
1, 10
2, 10
6, 10
3, 10
0, 10
5, 10
14, 14
3, 14
19, 19
1, 19
2, 19
0, 19
5, 19
13, 19
1, 19
1, 19
3, 19
7, 19
2, 19
4, 19
5, 19
2, 19
17, 19
5, 19
1, 19
6, 19
9, 19
1, 19
4, 19
0, 19
3, 19
1, 19
3, 19
2, 19
0, 19
6, 19
2, 19
6, 19
2, 19
1, 19
3, 19
4, 19
6, 19
5, 19
1, 19
0, 19
7, 19
1, 19
4, 19
0, 19
1, 19
3, 19
6, 19
1, 19
2, 19
6, 19
3, 19
3, 19
0, 19
2, 19
1, 19
2, 19
2, 19
1, 19
0, 19
1, 19
2, 19
0, 19
3, 19
12, 19
0, 19
0, 19
2, 19
2, 19
3, 19
10, 19
7, 19
4, 19
2, 19
3, 19
3, 19
11, 19
4, 19
1, 19
3, 19
4, 19
4, 19
2, 19
8, 19
6, 19
2, 19
6, 19
13, 19
7, 19
2, 19
11, 19
19, 19
1, 19
10, 19
8, 19
2, 19
7, 19
3, 19
8, 19
2, 19
1, 19
0, 19
1, 19
10, 19
1, 19
3, 19
0, 19
17, 19
10, 19
4, 19
11, 19
3, 19
5, 19
6, 19
5, 19
1, 19
5, 19
10, 19
9, 19
3, 19
3, 19
4, 19
11, 19
2, 19
4, 19
3, 19
2, 19
3, 19
3, 19
3, 19
13, 19
16, 19
16, 19
9, 19
7, 19
3, 19
6, 19
4, 19
18, 19
8, 19
4, 19
8, 19
8, 19
14, 19
4, 19
5, 19
14, 19
6, 19
3, 19
8, 19
6, 19
4, 19
3, 19
8, 19
8, 19
1, 19
16, 19
10, 19
3, 19
5, 19
19, 19
5, 19
4, 19
4, 19
6, 19
9, 19
13, 19
5, 19
9, 19
11, 19
7, 19
7, 19
2, 19
5, 19
2, 19
8, 19
8, 19
2, 19
13, 19
10, 19
1, 19
4, 19
25, 25
7, 25
14, 25
7, 25
2, 25
9, 25
3, 25
5, 25
5, 25
3, 25
3, 25
8, 25
3, 25
7, 25
4, 25
1, 25
4, 25
7, 25
6, 25
5, 25
4, 25
6, 25
8, 25
2, 25
8, 25
7, 25
2, 25
17, 25
12, 25
4, 25
17, 25
8, 25
4, 25
26, 26
7, 26
3, 26
22, 26
5, 26
5, 26
21, 26
27, 27
8, 27
5, 27
1, 27
11, 27
4, 27
7, 27
20, 27
12, 27
20, 27
3, 27
9, 27
13, 27
5, 27
4, 27
12, 27
1, 27
9, 27
3, 27
3, 27
7, 27
10, 27
17, 27
24, 27
9, 27
12, 27
7, 27
6, 27
7, 27
12, 27
17, 27
22, 27
3, 27
1, 27
6, 27
10, 27
3, 27
10, 27
9, 27
2, 27
14, 27
2, 27
5, 27
7, 27
2, 27
18, 27
5, 27
5, 27
1, 27
3, 27
24, 27
7, 27
23, 27
7, 27
4, 27
7, 27
4, 27
7, 27
6, 27
17, 27
50, 50
9, 50
9, 50
5, 50
4, 50
7, 50
13, 50
4, 50
6, 50
7, 50
4, 50
9, 50
3, 50
10, 50
13, 50
7, 50
6, 50
10, 50
4, 50
17, 50
6, 50
3, 50
2, 50
9, 50
6, 50
14, 50
4, 50
14, 50
22, 50
12, 50
6, 50
8, 50
1, 50
20, 50
14, 50
40, 50
2, 50
13, 50
13, 50
13, 50
17, 50
2, 50
4, 50
13, 50
3, 50
6, 50
14, 50
18, 50
10, 50
6, 50
3, 50
38, 50
2, 50
3, 50
11, 50
7, 50
14, 50
3, 50
6, 50
13, 50
3, 50
9, 50
6, 50
6, 50
13, 50
7, 50
5, 50
3, 50
2, 50
7, 50
32, 50
11, 50
3, 50
1, 50
7, 50
9, 50
19, 50
6, 50
2, 50
4, 50
8, 50
9, 50
18, 50
5, 50
3, 50
4, 50
15, 50
15, 50
4, 50
2, 50
1, 50
18, 50
11, 50
11, 50
24, 50
16, 50
9, 50
6, 50
11, 50
1, 50
4, 50
25, 50
4, 50
9, 50
7, 50
4, 50
11, 50
2, 50
5, 50
3, 50
7, 50
13, 50
8, 50
11, 50
13, 50
6, 50
20, 50
20, 50
3, 50
8, 50
4, 50
12, 50
6, 50
4, 50
6, 50
6, 50
22, 50
10, 50
32, 50
7, 50
5, 50
20, 50
3, 50
9, 50
7, 50
4, 50
21, 50
23, 50
6, 50
1, 50
11, 50
1, 50
12, 50
11, 50
2, 50
26, 50
5, 50
24, 50
3, 50
8, 50
5, 50
2, 50
5, 50
5, 50
4, 50
5, 50
2, 50
3, 50
9, 50
6, 50
23, 50
12, 50
6, 50
2, 50
5, 50
3, 50
27, 50
6, 50
10, 50
4, 50
2, 50
25, 50
0, 50
10, 50
7, 50
3, 50
2, 50
7, 50
9, 50
2, 50
12, 50
5, 50
1, 50
37, 50
7, 50
6, 50
3, 50
19, 50
13, 50
14, 50
5, 50
3, 50
37, 50
5, 50
14, 50
2, 50
11, 50
28, 50
1, 50
19, 50
12, 50
10, 50
8, 50
20, 50
6, 50
2, 50
3, 50
12, 50
0, 50
10, 50
10, 50
14, 50
11, 50
10, 50
6, 50
2, 50
7, 50
9, 50
6, 50
10, 50
31, 50
15, 50
6, 50
4, 50
20, 50
2, 50
2, 50
9, 50
11, 50
15, 50
5, 50
2, 50
8, 50
13, 50
12, 50
2, 50
4, 50
7, 50
7, 50
3, 50
20, 50
3, 50
15, 50
4, 50
16, 50
6, 50
13, 50
9, 50
2, 50
23, 50
8, 50
3, 50
13, 50
13, 50
13, 50
9, 50
12, 50
3, 50
4, 50
6, 50
2, 50
51, 51
2, 51
2, 51
6, 51
4, 51
12, 51
25, 51
1, 51
25, 51
0, 51
7, 51
9, 51
3, 51
20, 51
3, 51
9, 51
16, 51
19, 51
4, 51
15, 51
19, 51
19, 51
5, 51
3, 51
9, 51
16, 51
15, 51
9, 51
9, 51
12, 51
12, 51
10, 51
19, 51
9, 51
22, 51
18, 51
12, 51
4, 51
8, 51
1, 51
8, 51
10, 51
6, 51
5, 51
7, 51
0, 51
99, 99
16, 99
24, 99
11, 99
5, 99
10, 99
2, 99
6, 99
8, 99
3, 99
7, 99
23, 99
9, 99
6, 99
49, 99
44, 99
10, 99
8, 99
3, 99
7, 99
28, 99
13, 99
1, 99
12, 99
7, 99
7, 99
0, 99
10, 99
4, 99
15, 99
3, 99
7, 99
41, 99
11, 99
21, 99
2, 99
5, 99
2, 99
13, 99
19, 99
3, 99
4, 99
2, 99
0, 99
15, 99
16, 99
11, 99
12, 99
3, 99
33, 99
8, 99
19, 99
4, 99
22, 99
3, 99
29, 99
7, 99
4, 99
2, 99
39, 99
16, 99
20, 99
3, 99
7, 99
15, 99
8, 99
15, 99
7, 99
28, 99
3, 99
12, 99
11, 99
7, 99
9, 99
49, 99
3, 99
28, 99
7, 99
15, 99
11, 99
1, 99
11, 99
9, 99
0, 99
0, 99
20, 99
3, 99
5, 99
24, 99
10, 99
2, 99
53, 99
11, 99
33, 99
10, 99
4, 99
33, 99
19, 99
26, 99
8, 99
4, 99
11, 99
5, 99
15, 99
55, 99
8, 99
7, 99
2, 99
4, 99
14, 99
15, 99
21, 99
9, 99
22, 99
3, 99
51, 99
30, 99
7, 99
4, 99
19, 99
21, 99
10, 99
16, 99
8, 99
37, 99
8, 99
3, 99
18, 99
19, 99
6, 99
5, 99
19, 99
4, 99
32, 99
1, 99
10, 99
26, 99
19, 99
8, 99
19, 99
22, 99
1, 99
5, 99
7, 99
4, 99
8, 99
24, 99
16, 99
20, 99
6, 99
51, 99
11, 99
27, 99
8, 99
11, 99
5, 99
4, 99
25, 99
7, 99
4, 99
11, 99
8, 99
6, 99
30, 99
16, 99
27, 99
20, 99
3, 99
20, 99
5, 99
3, 99
8, 99
4, 99
30, 99
30, 99
11, 99
16, 99
21, 99
40, 99
13, 99
8, 99
33, 99
21, 99
1, 99
11, 99
29, 99
18, 99
14, 99
5, 99
7, 99
7, 99
24, 99
3, 99
5, 99
5, 99
1, 99
11, 99
12, 99
29, 99
18, 99
9, 99
15, 99
10, 99
26, 99
12, 99
51, 99
29, 99
14, 99
7, 99
5, 99
31, 99
11, 99
6, 99
11, 99
8, 99
3, 99
60, 99
5, 99
11, 99
19, 99
6, 99
18, 99
1, 99
6, 99
59, 99
10, 99
3, 99
4, 99
10, 99
0, 99
1, 99
21, 99
29, 99
21, 99
13, 99
6, 99
13, 99
50, 99
28, 99
42, 99
10, 99
3, 99
22, 99
27, 99
35, 99
19, 99
20, 99
3, 99
3, 99
24, 99
4, 99
18, 99
3, 99
23, 99
4, 99
30, 99
13, 99
9, 99
14, 99
7, 99
15, 99
10, 99
74, 99
43, 99
9, 99
34, 99
7, 99
43, 99
18, 99
31, 99
15, 99
24, 99
18, 99
17, 99
34, 99
18, 99
11, 99
16, 99
28, 99
6, 99
8, 99
9, 99
42, 99
2, 99
26, 99
12, 99
12, 99
12, 99
4, 99
8, 99
18, 99
25, 99
60, 99
5, 99
4, 99
28, 99
13, 99
13, 99
0, 99
37, 99
0, 99
29, 99
17, 99
9, 99
32, 99
34, 99
21, 99
2, 99
57, 99
16, 99
10, 99
55, 99
17, 99
31, 99
22, 99
12, 99
16, 99
3, 99
7, 99
9, 99
17, 99
18, 99
8, 99
18, 99
17, 99
15, 99
14, 99
28, 99
11, 99
7, 99
17, 99
17, 99
8, 99
6, 99
20, 99
8, 99
7, 99
35, 99
10, 99
10, 99
14, 99
3, 99
4, 99
2, 99
3, 99
8, 99
5, 99
11, 99
3, 99
10, 99
22, 99
8, 99
62, 99
12, 99
48, 99
12, 99
7, 99
14, 99
19, 99
36, 99
7, 99
15, 99
6, 99
4, 99
6, 99
1, 99
64, 99
14, 99
21, 99
34, 99
32, 99
40, 99
6, 99
5, 99
16, 99
3, 99
42, 99
13, 99
19, 99
11, 99
10, 99
3, 99
52, 99
15, 99
27, 99
32, 99
12, 99
48, 99
15, 99
15, 99
35, 99
6, 99
29, 99
28, 99
33, 99
20, 99
5, 99
27, 99
7, 99
18, 99
8, 99
18, 99
16, 99
25, 99
41, 99
3, 99
1, 99
46, 99
35, 99
12, 99
21, 99
12, 99
11, 99
15, 99
2, 99
75, 99
0, 99
13, 99
32, 99
3, 99
6, 99
10, 99
28, 99
21, 99
13, 99
6, 99
28, 99
4, 99
27, 99
16, 99
7, 99
3, 99
10, 99
1, 99
25, 99
36, 99
2, 99
23, 99
9, 99
9, 99
3, 99
5, 99
1, 99
24, 99
4, 99
11, 99
55, 99
6, 99
13, 99
6, 99
52, 99
88, 99
11, 99
14, 99
30, 99
38, 99
5, 99
9, 99
23, 99
26, 99
4, 99
0, 99
36, 99
4, 99
82, 99
15, 99
17, 99
19, 99
1, 99
29, 99
12, 99
10, 99
8, 99
4, 99
8, 99
15, 99
11, 99
10, 99
7, 99
41, 99
19, 99
53, 99
1, 99
19, 99
27, 99
3, 99
13, 99
9, 99
17, 99
24, 99
2, 99
4, 99
15, 99
21, 99
0, 99
4, 99
2, 99
3, 99
17, 99
7, 99
55, 99
18, 99
23, 99
2, 99
19, 99
9, 99
58, 99
5, 99
19, 99
16, 99
6, 99
0, 99
2, 99
15, 99
4, 99
10, 99
4, 99
0, 99
24, 99
57, 99
53, 99
11, 99
30, 99
20, 99
47, 99
20, 99
2, 99
8, 99
19, 99
11, 99
5, 99
17, 99
63, 99
56, 99
69, 99
6, 99
37, 99
7, 99
14, 99
14, 99
8, 99
12, 99
5, 99
41, 99
13, 99
11, 99
4, 99
1, 99
6, 99
22, 99
25, 99
64, 99
1, 99
37, 99
4, 99
27, 99
21, 99
4, 99
7, 99
5, 99
7, 99
18, 99
18, 99
3, 99
3, 99
7, 99
12, 99
63, 99
1, 99
14, 99
11, 99
10, 99
19, 99
17, 99
29, 99
28, 99
15, 99
30, 99
15, 99
1, 99
13, 99
15, 99
106, 106
33, 106
6, 106
13, 106
20, 106
12, 106
25, 106
29, 106
19, 106
20, 106
80, 106
16, 106
36, 106
3, 106
74, 106
21, 106
27, 106
10, 106
16, 106
60, 106
15, 106
89, 106
7, 106
6, 106
75, 106
18, 106
21, 106
29, 106
32, 106
7, 106
12, 106
98, 106
32, 106
36, 106
67, 106
89, 106
30, 106
7, 106
17, 106
7, 106
30, 106
21, 106
24, 106
79, 106
2, 106
2, 106
32, 106
12, 106
103, 106
5, 106
5, 106
11, 106
17, 106
10, 106
17, 106
74, 106
31, 106
85, 106
90, 106
5, 106
2, 106
43, 106
19, 106
4, 106
29, 106
35, 106
19, 106
23, 106
56, 106
2, 106
13, 106
5, 106
11, 106
9, 106
6, 106
47, 106
13, 106
9, 106
15, 106
29, 106
2, 106
13, 106
17, 106
28, 106
17, 106
9, 106
32, 106
10, 106
7, 106
24, 106
6, 106
41, 106
32, 106
28, 106
5, 106
55, 106
7, 106
47, 106
27, 106
47, 106
8, 106
18, 106
5, 106
14, 106
30, 106
27, 106
18, 106
3, 106
62, 106
1, 106
4, 106
6, 106
74, 106
11, 106
81, 106
63, 106
2, 106
41, 106
9, 106
26, 106
11, 106
36, 106
14, 106
43, 106
14, 106
25, 106
36, 106
5, 106
12, 106
54, 106
5, 106
46, 106
10, 106
7, 106
57, 106
17, 106
36, 106
9, 106
12, 106
14, 106
13, 106
59, 106
10, 106
21, 106
8, 106
7, 106
65, 106
51, 106
8, 106
78, 106
32, 106
52, 106
50, 106
29, 106
16, 106
50, 106
17, 106
2, 106
23, 106
24, 106
15, 106
13, 106
44, 106
10, 106
41, 106
4, 106
19, 106
32, 106
18, 106
4, 106
5, 106
22, 106
6, 106
18, 106
45, 106
24, 106
33, 106
26, 106
3, 106
13, 106
7, 106
2, 106
8, 106
110, 110
23, 110
34, 110
1, 110
0, 110
14, 110
10, 110
9, 110
18, 110
40, 110
3, 110
39, 110
17, 110
32, 110
16, 110
36, 110
8, 110
26, 110
5, 110
21, 110
11, 110
8, 110
8, 110
9, 110
2, 110
0, 110
42, 110
42, 110
40, 110
0, 110
41, 110
4, 110
30, 110
5, 110
12, 110
24, 110
120, 120
11, 120
17, 120
36, 120
17, 120
33, 120
1, 120
25, 120
18, 120
7, 120
6, 120
2, 120
25, 120
6, 120
86, 120
49, 120
23, 120
31, 120
8, 120
9, 120
18, 120
56, 120
14, 120
18, 120
3, 120
1, 120
7, 120
51, 120
21, 120
2, 120
37, 120
12, 120
43, 120
19, 120
14, 120
46, 120
11, 120
14, 120
17, 120
20, 120
3, 120
28, 120
3, 120
20, 120
21, 120
41, 120
42, 120
2, 120
13, 120
28, 120
10, 120
125, 125
24, 125
11, 125
10, 125
12, 125
77, 125
39, 125
26, 125
11, 125
17, 125
36, 125
74, 125
69, 125
31, 125
18, 125
69, 125
11, 125
41, 125
49, 125
24, 125
23, 125
11, 125
32, 125
6, 125
45, 125
127, 127
180, 180
43, 180
45, 180
9, 180
58, 180
18, 180
43, 180
71, 180
13, 180
21, 180
1, 180
45, 180
47, 180
9, 180
99, 180
10, 180
65, 180
13, 180
79, 180
69, 180
74, 180
12, 180
21, 180
48, 180
43, 180
41, 180
74, 180
36, 180
21, 180
3, 180
35, 180
59, 180
17, 180
21, 180
34, 180
81, 180
7, 180
46, 180
0, 180
9, 180
44, 180
17, 180
19, 180
1, 180
50, 180
118, 180
6, 180
39, 180
11, 180
23, 180
77, 180
19, 180
33, 180
30, 180
18, 180
31, 180
3, 180
7, 180
7, 180
8, 180
52, 180
24, 180
27, 180
99, 180
27, 180
8, 180
0, 180
8, 180
13, 180
8, 180
182, 182
51, 182
12, 182
27, 182
16, 182
32, 182
97, 182
6, 182
46, 182
1, 182
0, 182
1, 182
39, 182
39, 182
29, 182
234, 234
40, 234
11, 234
82, 234
29, 234
3, 234
28, 234
69, 234
17, 234
17, 234
38, 234
42, 234
19, 234
49, 234
11, 234
53, 234
1, 234
53, 234
46, 234
30, 234
99, 234
9, 234
19, 234
15, 234
111, 234
3, 234
9, 234
10, 234
7, 234
15, 234
44, 234
13, 234
298, 298
111, 298
35, 298
51, 298
85, 298
350, 350
204, 350
11, 350
9, 350
296, 350
281, 350
10, 350
52, 350
8, 350
30, 350
0, 350
3, 350
291, 350
31, 350
16, 350
0, 350
10, 350
4, 350
19, 350
44, 350
7, 350
34, 350
10, 350
60, 350
12, 350
3, 350
12, 350
67, 350
71, 350
27, 350
22, 350
28, 350
33, 350
88, 350
89, 350
49, 350
64, 350
40, 350
50, 350
46, 350
35, 350
85, 350
69, 350
178, 350
38, 350
35, 350
11, 350
87, 350
44, 350
43, 350
221, 350
2, 350
65, 350
129, 350
138, 350
11, 350
13, 350
10, 350
107, 350
208, 350
5, 350
4, 350
33, 350
30, 350
18, 350
35, 350
65, 350
6, 350
21, 350
7, 350
410, 410
14, 410
65, 410
106, 410
559, 559
236, 559
38, 559
85, 559
2, 559
20, 559
14, 559
18, 559
123, 559
55, 559
123, 559
3, 559
100, 559
350, 559
605, 605
1309, 1309
50, 1309
31, 1309
25, 1309
127, 1309
13, 1309
24, 1309
22, 1309
52, 1309
3, 1309
102, 1309
22, 1309
7, 1309
8, 1309
7, 1309
37, 1309
164, 1309
88, 1309
20, 1309
35, 1309
11, 1309
63, 1309
19, 1309
10, 1309
25, 1309
6, 1309
27, 1309
46, 1309
34, 1309
8, 1309
5, 1309
15, 1309
13, 1309
11, 1309
21, 1309
80, 1309
26, 1309
4, 1309
14, 1309
31, 1309
12, 1309
81, 1309
80, 1309
2, 1309
35, 1309
38, 1309
7, 1309
18, 1309
29, 1309
9, 1309
17, 1309
32, 1309
5, 1309
25, 1309
23, 1309
22, 1309
11, 1309
3, 1309
22, 1309
75, 1309
79, 1309
2, 1309
73, 1309
39, 1309
27, 1309
107, 1309
30, 1309
33, 1309
87, 1309
132, 1309
191, 1309
5, 1309
52, 1309
367, 1309
134, 1309
35, 1309
200, 1309
83, 1309
30, 1309
7, 1309
3, 1309
9, 1309
10, 1309
57, 1309
72, 1309
31, 1309
13, 1309
44, 1309
8, 1309
56, 1309
1, 1309
30, 1309
46, 1309
39, 1309
27, 1309
23, 1309
27, 1309
81, 1309
9, 1309
3, 1309
23, 1309
7, 1309
7, 1309
26, 1309
31, 1309
9, 1309
12, 1309
10, 1309
164, 1309
6, 1309
69, 1309
15, 1309
22, 1309
42, 1309
24, 1309
17, 1309
15, 1309
21, 1309
7, 1309
32, 1309
27, 1309
53, 1309
21, 1309
18, 1309
370, 1309
3, 1309
5, 1309
0, 1309
0, 1309
2, 1309
30, 1309
0, 1309
0, 1309
14, 1309
3, 1309
11, 1309
2, 1309
3, 1309
8, 1309
4, 1309
8, 1309
3, 1309
3, 1309
0, 1309
20, 1309
9, 1309
84, 1309
42, 1309
63, 1309
78, 1309
23, 1309
63, 1309
48, 1309
31, 1309
124, 1309
294, 1309
1, 1309
45, 1309
20, 1309
92, 1309
80, 1309
45, 1309
72, 1309
48, 1309
39, 1309
50, 1309
14, 1309
26, 1309
8, 1309
27, 1309
105, 1309
33, 1309
22, 1309
31, 1309
53, 1309
23, 1309
10, 1309
25, 1309
38, 1309
58, 1309
109, 1309
16, 1309
17, 1309
12, 1309
18, 1309
77, 1309
35, 1309
24, 1309
13, 1309
104, 1309
84, 1309
41, 1309
18, 1309
15, 1309
91, 1309
69, 1309
30, 1309
75, 1309
76, 1309
84, 1309
53, 1309
10, 1309
137, 1309
7, 1309
39, 1309
79, 1309
170, 1309
23, 1309
89, 1309
89, 1309
131, 1309
24, 1309
51, 1309
32, 1309
13, 1309
7, 1309
80, 1309
30, 1309
14, 1309
67, 1309
108, 1309
