#Algorithm: Qlearning, Speed: 1, Boost: 4, PM: False, Env size: (20, 20), Car size: (5, 4),
#Counter: 10000000, Nsteps: 10000000, Gamma: 1, LearnRate: 0.01, Eps: 0.5, Epsdecay: 0.9
1, 1
0, 1
0, 1
2, 2
1, 2
1, 2
0, 2
3, 3
1, 3
0, 3
3, 3
9, 9
3, 9
1, 9
7, 9
2, 9
3, 9
3, 9
0, 9
9, 9
0, 9
0, 9
1, 9
1, 9
1, 9
7, 9
6, 9
14, 14
1, 14
7, 14
2, 14
3, 14
2, 14
10, 14
10, 14
1, 14
1, 14
10, 14
3, 14
0, 14
2, 14
5, 14
2, 14
4, 14
6, 14
7, 14
17, 17
20, 20
0, 20
1, 20
14, 20
16, 20
2, 20
8, 20
7, 20
2, 20
13, 20
2, 20
18, 20
4, 20
0, 20
1, 20
1, 20
3, 20
27, 27
10, 27
3, 27
2, 27
0, 27
10, 27
5, 27
14, 27
4, 27
2, 27
7, 27
2, 27
5, 27
1, 27
3, 27
0, 27
5, 27
1, 27
18, 27
7, 27
6, 27
0, 27
9, 27
4, 27
1, 27
0, 27
11, 27
5, 27
7, 27
1, 27
2, 27
4, 27
0, 27
3, 27
8, 27
2, 27
1, 27
2, 27
10, 27
9, 27
4, 27
8, 27
12, 27
7, 27
0, 27
3, 27
0, 27
15, 27
36, 36
10, 36
10, 36
4, 36
14, 36
24, 36
1, 36
4, 36
2, 36
5, 36
15, 36
15, 36
3, 36
6, 36
5, 36
5, 36
2, 36
1, 36
19, 36
17, 36
9, 36
4, 36
0, 36
1, 36
4, 36
0, 36
0, 36
14, 36
9, 36
7, 36
2, 36
2, 36
0, 36
1, 36
18, 36
1, 36
2, 36
1, 36
2, 36
22, 36
1, 36
1, 36
4, 36
2, 36
19, 36
13, 36
0, 36
1, 36
7, 36
0, 36
3, 36
7, 36
4, 36
2, 36
9, 36
5, 36
5, 36
5, 36
1, 36
5, 36
6, 36
13, 36
1, 36
0, 36
2, 36
0, 36
5, 36
10, 36
12, 36
4, 36
11, 36
27, 36
23, 36
8, 36
3, 36
5, 36
2, 36
4, 36
19, 36
4, 36
13, 36
1, 36
1, 36
13, 36
6, 36
43, 43
7, 43
13, 43
8, 43
16, 43
17, 43
14, 43
7, 43
9, 43
11, 43
0, 43
13, 43
6, 43
7, 43
8, 43
7, 43
24, 43
25, 43
27, 43
9, 43
28, 43
5, 43
7, 43
8, 43
10, 43
3, 43
16, 43
0, 43
4, 43
0, 43
0, 43
2, 43
26, 43
4, 43
3, 43
7, 43
17, 43
28, 43
20, 43
7, 43
6, 43
5, 43
18, 43
6, 43
3, 43
2, 43
8, 43
4, 43
4, 43
6, 43
5, 43
7, 43
37, 43
16, 43
16, 43
4, 43
3, 43
9, 43
12, 43
27, 43
16, 43
4, 43
37, 43
10, 43
2, 43
16, 43
18, 43
4, 43
11, 43
3, 43
4, 43
25, 43
4, 43
22, 43
26, 43
15, 43
6, 43
14, 43
18, 43
22, 43
2, 43
9, 43
3, 43
19, 43
13, 43
13, 43
5, 43
36, 43
11, 43
17, 43
3, 43
21, 43
8, 43
4, 43
21, 43
7, 43
3, 43
6, 43
20, 43
17, 43
15, 43
2, 43
1, 43
6, 43
9, 43
11, 43
2, 43
18, 43
6, 43
21, 43
1, 43
2, 43
16, 43
12, 43
10, 43
8, 43
11, 43
10, 43
33, 43
11, 43
9, 43
2, 43
9, 43
5, 43
59, 59
0, 59
12, 59
25, 59
16, 59
0, 59
34, 59
10, 59
36, 59
5, 59
20, 59
6, 59
5, 59
24, 59
11, 59
8, 59
16, 59
8, 59
30, 59
12, 59
6, 59
7, 59
36, 59
0, 59
36, 59
17, 59
26, 59
7, 59
1, 59
5, 59
11, 59
46, 59
4, 59
15, 59
10, 59
4, 59
20, 59
2, 59
18, 59
12, 59
3, 59
15, 59
38, 59
14, 59
3, 59
11, 59
1, 59
13, 59
6, 59
23, 59
19, 59
27, 59
13, 59
4, 59
33, 59
27, 59
39, 59
23, 59
0, 59
0, 59
0, 59
0, 59
11, 59
50, 59
33, 59
14, 59
7, 59
16, 59
8, 59
14, 59
5, 59
25, 59
20, 59
0, 59
4, 59
1, 59
34, 59
4, 59
1, 59
50, 59
10, 59
3, 59
12, 59
1, 59
14, 59
4, 59
39, 59
13, 59
25, 59
12, 59
10, 59
7, 59
4, 59
15, 59
23, 59
5, 59
13, 59
17, 59
25, 59
22, 59
2, 59
19, 59
7, 59
8, 59
10, 59
9, 59
5, 59
14, 59
4, 59
3, 59
0, 59
21, 59
81, 81
26, 81
11, 81
1, 81
12, 81
5, 81
15, 81
26, 81
2, 81
0, 81
1, 81
24, 81
7, 81
7, 81
23, 81
5, 81
9, 81
15, 81
7, 81
8, 81
21, 81
32, 81
5, 81
8, 81
12, 81
16, 81
17, 81
25, 81
19, 81
12, 81
14, 81
14, 81
13, 81
10, 81
2, 81
3, 81
9, 81
1, 81
1, 81
4, 81
33, 81
8, 81
21, 81
11, 81
3, 81
0, 81
19, 81
22, 81
3, 81
7, 81
11, 81
2, 81
3, 81
25, 81
1, 81
46, 81
1, 81
65, 81
3, 81
15, 81
9, 81
8, 81
7, 81
6, 81
7, 81
6, 81
4, 81
4, 81
14, 81
32, 81
12, 81
7, 81
6, 81
5, 81
14, 81
13, 81
11, 81
38, 81
19, 81
10, 81
19, 81
9, 81
16, 81
25, 81
31, 81
15, 81
24, 81
23, 81
14, 81
0, 81
19, 81
36, 81
22, 81
23, 81
13, 81
24, 81
11, 81
37, 81
37, 81
15, 81
6, 81
27, 81
25, 81
16, 81
5, 81
6, 81
24, 81
23, 81
34, 81
36, 81
0, 81
12, 81
11, 81
41, 81
11, 81
22, 81
19, 81
11, 81
5, 81
6, 81
41, 81
25, 81
1, 81
2, 81
11, 81
8, 81
9, 81
6, 81
12, 81
13, 81
29, 81
15, 81
15, 81
13, 81
12, 81
3, 81
1, 81
21, 81
3, 81
3, 81
18, 81
2, 81
13, 81
17, 81
30, 81
2, 81
6, 81
4, 81
3, 81
0, 81
71, 81
4, 81
8, 81
1, 81
7, 81
5, 81
12, 81
56, 81
0, 81
2, 81
15, 81
10, 81
1, 81
2, 81
3, 81
6, 81
0, 81
5, 81
44, 81
3, 81
7, 81
15, 81
36, 81
15, 81
4, 81
20, 81
16, 81
3, 81
5, 81
8, 81
25, 81
0, 81
3, 81
18, 81
47, 81
10, 81
15, 81
3, 81
22, 81
47, 81
3, 81
2, 81
9, 81
3, 81
2, 81
16, 81
12, 81
0, 81
1, 81
3, 81
14, 81
20, 81
15, 81
12, 81
3, 81
22, 81
5, 81
0, 81
0, 81
14, 81
33, 81
13, 81
6, 81
2, 81
9, 81
3, 81
12, 81
11, 81
6, 81
18, 81
10, 81
1, 81
12, 81
19, 81
53, 81
1, 81
2, 81
19, 81
1, 81
12, 81
14, 81
3, 81
16, 81
2, 81
0, 81
10, 81
14, 81
27, 81
7, 81
5, 81
56, 81
19, 81
7, 81
34, 81
77, 81
10, 81
28, 81
30, 81
69, 81
14, 81
4, 81
84, 84
96, 96
52, 96
78, 96
72, 96
56, 96
35, 96
20, 96
24, 96
5, 96
12, 96
19, 96
16, 96
12, 96
33, 96
42, 96
175, 175
155, 175
59, 175
76, 175
47, 175
15, 175
13, 175
66, 175
76, 175
30, 175
199, 199
23, 199
35, 199
23, 199
28, 199
5, 199
21, 199
0, 199
190, 199
9, 199
35, 199
9, 199
10, 199
102, 199
73, 199
25, 199
41, 199
12, 199
28, 199
40, 199
4, 199
27, 199
8, 199
26, 199
58, 199
20, 199
32, 199
77, 199
52, 199
60, 199
88, 199
63, 199
26, 199
97, 199
41, 199
107, 199
50, 199
37, 199
8, 199
35, 199
9, 199
66, 199
2, 199
85, 199
232, 232
63, 232
56, 232
121, 232
64, 232
116, 232
121, 232
25, 232
75, 232
50, 232
54, 232
247, 247
8, 247
290, 290
101, 290
341, 341
29, 341
39, 341
30, 341
39, 341
0, 341
32, 341
28, 341
178, 341
12, 341
182, 341
61, 341
48, 341
9, 341
22, 341
2, 341
15, 341
1, 341
6, 341
17, 341
69, 341
9, 341
27, 341
39, 341
40, 341
114, 341
37, 341
3, 341
133, 341
48, 341
27, 341
46, 341
132, 341
41, 341
139, 341
85, 341
141, 341
142, 341
138, 341
54, 341
121, 341
146, 341
93, 341
106, 341
16, 341
15, 341
25, 341
54, 341
75, 341
34, 341
307, 341
73, 341
12, 341
69, 341
270, 341
41, 341
148, 341
38, 341
46, 341
144, 341
88, 341
43, 341
71, 341
53, 341
14, 341
90, 341
185, 341
60, 341
13, 341
67, 341
114, 341
97, 341
87, 341
18, 341
33, 341
117, 341
20, 341
12, 341
70, 341
95, 341
38, 341
47, 341
63, 341
159, 341
22, 341
7, 341
15, 341
19, 341
107, 341
93, 341
70, 341
245, 341
147, 341
75, 341
37, 341
13, 341
74, 341
198, 341
141, 341
148, 341
35, 341
36, 341
12, 341
85, 341
83, 341
294, 341
28, 341
214, 341
13, 341
121, 341
50, 341
86, 341
69, 341
303, 341
9, 341
172, 341
131, 341
81, 341
81, 341
134, 341
136, 341
16, 341
73, 341
20, 341
50, 341
137, 341
86, 341
154, 341
80, 341
16, 341
59, 341
4, 341
50, 341
124, 341
110, 341
89, 341
12, 341
3, 341
55, 341
21, 341
36, 341
58, 341
194, 341
94, 341
35, 341
7, 341
42, 341
45, 341
5, 341
37, 341
65, 341
91, 341
243, 341
35, 341
29, 341
112, 341
236, 341
24, 341
29, 341
8, 341
59, 341
157, 341
122, 341
23, 341
16, 341
23, 341
157, 341
14, 341
62, 341
26, 341
134, 341
6, 341
31, 341
29, 341
68, 341
7, 341
115, 341
87, 341
35, 341
251, 341
99, 341
21, 341
70, 341
62, 341
260, 341
22, 341
21, 341
89, 341
317, 341
12, 341
288, 341
33, 341
151, 341
9, 341
104, 341
59, 341
98, 341
25, 341
49, 341
22, 341
53, 341
50, 341
67, 341
24, 341
65, 341
98, 341
62, 341
30, 341
49, 341
329, 341
121, 341
87, 341
193, 341
21, 341
52, 341
56, 341
22, 341
311, 341
303, 341
107, 341
83, 341
38, 341
123, 341
190, 341
25, 341
21, 341
109, 341
62, 341
83, 341
260, 341
114, 341
115, 341
40, 341
130, 341
103, 341
63, 341
122, 341
29, 341
305, 341
677, 677
73, 677
172, 677
255, 677
327, 677
18, 677
224, 677
43, 677
131, 677
68, 677
7, 677
43, 677
274, 677
366, 677
164, 677
258, 677
59, 677
55, 677
72, 677
67, 677
155, 677
70, 677
292, 677
181, 677
359, 677
181, 677
49, 677
60, 677
27, 677
46, 677
50, 677
91, 677
24, 677
208, 677
45, 677
90, 677
130, 677
205, 677
19, 677
257, 677
485, 677
289, 677
646, 677
115, 677
183, 677
32, 677
56, 677
14, 677
153, 677
70, 677
303, 677
12, 677
36, 677
48, 677
30, 677
132, 677
27, 677
18, 677
50, 677
49, 677
9, 677
109, 677
252, 677
87, 677
619, 677
94, 677
258, 677
58, 677
24, 677
30, 677
227, 677
154, 677
209, 677
49, 677
74, 677
137, 677
46, 677
292, 677
183, 677
117, 677
59, 677
285, 677
18, 677
100, 677
100, 677
296, 677
198, 677
120, 677
520, 677
175, 677
55, 677
152, 677
107, 677
200, 677
469, 677
9, 677
21, 677
85, 677
183, 677
124, 677
200, 677
202, 677
39, 677
52, 677
118, 677
262, 677
636, 677
52, 677
47, 677
137, 677
444, 677
640, 677
528, 677
75, 677
228, 677
16, 677
82, 677
172, 677
32, 677
25, 677
212, 677
118, 677
244, 677
51, 677
84, 677
162, 677
848, 848
144, 848
129, 848
25, 848
66, 848
223, 848
289, 848
18, 848
406, 848
66, 848
81, 848
4, 848
350, 848
116, 848
497, 848
49, 848
48, 848
42, 848
23, 848
111, 848
118, 848
70, 848
68, 848
5, 848
484, 848
57, 848
161, 848
228, 848
440, 848
17, 848
46, 848
44, 848
18, 848
135, 848
117, 848
56, 848
143, 848
54, 848
235, 848
55, 848
199, 848
77, 848
231, 848
49, 848
92, 848
53, 848
40, 848
119, 848
105, 848
106, 848
143, 848
16, 848
9, 848
162, 848
428, 848
76, 848
65, 848
47, 848
28, 848
72, 848
265, 848
199, 848
23, 848
71, 848
88, 848
21, 848
83, 848
95, 848
54, 848
6, 848
96, 848
61, 848
273, 848
107, 848
45, 848
142, 848
229, 848
319, 848
95, 848
27, 848
159, 848
7, 848
40, 848
356, 848
137, 848
65, 848
49, 848
44, 848
67, 848
49, 848
147, 848
94, 848
197, 848
103, 848
118, 848
77, 848
28, 848
165, 848
28, 848
189, 848
127, 848
46, 848
59, 848
24, 848
183, 848
85, 848
42, 848
26, 848
15, 848
50, 848
47, 848
62, 848
264, 848
56, 848
284, 848
144, 848
137, 848
229, 848
105, 848
61, 848
122, 848
18, 848
161, 848
272, 848
531, 848
305, 848
193, 848
83, 848
311, 848
28, 848
13, 848
251, 848
28, 848
35, 848
18, 848
128, 848
37, 848
71, 848
6, 848
33, 848
242, 848
62, 848
67, 848
247, 848
5, 848
447, 848
363, 848
173, 848
49, 848
246, 848
59, 848
21, 848
40, 848
174, 848
69, 848
555, 848
23, 848
413, 848
243, 848
58, 848
6, 848
85, 848
41, 848
60, 848
74, 848
6, 848
65, 848
17, 848
26, 848
333, 848
21, 848
60, 848
311, 848
135, 848
68, 848
149, 848
153, 848
38, 848
238, 848
42, 848
207, 848
42, 848
26, 848
219, 848
28, 848
119, 848
6, 848
25, 848
214, 848
52, 848
10, 848
79, 848
45, 848
115, 848
50, 848
182, 848
68, 848
132, 848
400, 848
100, 848
930, 930
506, 930
174, 930
16, 930
124, 930
67, 930
56, 930
108, 930
37, 930
1487, 1487
25, 1487
372, 1487
96, 1487
127, 1487
24, 1487
89, 1487
136, 1487
143, 1487
269, 1487
46, 1487
234, 1487
396, 1487
93, 1487
136, 1487
269, 1487
145, 1487
193, 1487
105, 1487
199, 1487
18, 1487
340, 1487
154, 1487
65, 1487
55, 1487
63, 1487
104, 1487
82, 1487
161, 1487
51, 1487
205, 1487
98, 1487
52, 1487
38, 1487
46, 1487
234, 1487
44, 1487
16, 1487
40, 1487
86, 1487
60, 1487
14, 1487
179, 1487
21, 1487
218, 1487
284, 1487
17, 1487
110, 1487
121, 1487
161, 1487
29, 1487
9, 1487
5, 1487
57, 1487
75, 1487
21, 1487
61, 1487
279, 1487
75, 1487
6, 1487
62, 1487
55, 1487
28, 1487
117, 1487
45, 1487
171, 1487
195, 1487
75, 1487
107, 1487
230, 1487
161, 1487
11, 1487
75, 1487
28, 1487
327, 1487
59, 1487
122, 1487
579, 1487
318, 1487
66, 1487
147, 1487
942, 1487
84, 1487
323, 1487
50, 1487
265, 1487
244, 1487
305, 1487
17, 1487
207, 1487
125, 1487
15, 1487
74, 1487
16, 1487
333, 1487
72, 1487
194, 1487
7, 1487
60, 1487
39, 1487
33, 1487
64, 1487
519, 1487
49, 1487
102, 1487
530, 1487
98, 1487
314, 1487
50, 1487
350, 1487
23, 1487
210, 1487
50, 1487
135, 1487
321, 1487
173, 1487
37, 1487
19, 1487
28, 1487
12, 1487
119, 1487
15, 1487
27, 1487
173, 1487
10, 1487
36, 1487
176, 1487
293, 1487
39, 1487
103, 1487
73, 1487
73, 1487
56, 1487
115, 1487
298, 1487
209, 1487
52, 1487
28, 1487
404, 1487
171, 1487
24, 1487
7, 1487
280, 1487
25, 1487
89, 1487
28, 1487
292, 1487
147, 1487
199, 1487
271, 1487
170, 1487
280, 1487
15, 1487
459, 1487
142, 1487
282, 1487
3, 1487
#Algorithm: Qlearning, Speed: 1, Boost: 4, PM: False, Env size: (20, 20), Car size: (5, 4),
#Counter: 10000000, Nsteps: 10000000, Gamma: 1, LearnRate: 0.01, Eps: 0.5, Epsdecay: 0.9
0, 0
0, 0
0, 0
0, 0
3, 3
1, 3
0, 3
2, 3
2, 3
4, 4
0, 4
0, 4
1, 4
3, 4
6, 6
0, 6
1, 6
0, 6
1, 6
0, 6
10, 10
0, 10
0, 10
1, 10
2, 10
1, 10
3, 10
6, 10
1, 10
0, 10
0, 10
1, 10
5, 10
0, 10
3, 10
24, 24
4, 24
0, 24
5, 24
9, 24
5, 24
1, 24
1, 24
3, 24
0, 24
2, 24
1, 24
3, 24
5, 24
7, 24
7, 24
12, 24
2, 24
23, 24
0, 24
1, 24
11, 24
1, 24
9, 24
2, 24
5, 24
4, 24
11, 24
7, 24
2, 24
15, 24
1, 24
1, 24
5, 24
5, 24
1, 24
12, 24
4, 24
3, 24
1, 24
19, 24
14, 24
5, 24
5, 24
16, 24
18, 24
3, 24
6, 24
3, 24
10, 24
0, 24
2, 24
3, 24
7, 24
0, 24
1, 24
5, 24
0, 24
2, 24
2, 24
1, 24
0, 24
1, 24
5, 24
0, 24
4, 24
7, 24
10, 24
9, 24
7, 24
5, 24
3, 24
5, 24
13, 24
14, 24
13, 24
27, 27
1, 27
7, 27
2, 27
3, 27
6, 27
5, 27
16, 27
6, 27
2, 27
1, 27
5, 27
8, 27
5, 27
12, 27
3, 27
15, 27
2, 27
4, 27
8, 27
7, 27
3, 27
0, 27
3, 27
5, 27
0, 27
1, 27
6, 27
9, 27
2, 27
11, 27
3, 27
4, 27
2, 27
3, 27
7, 27
2, 27
7, 27
1, 27
8, 27
11, 27
10, 27
10, 27
2, 27
0, 27
5, 27
3, 27
4, 27
1, 27
2, 27
1, 27
0, 27
4, 27
13, 27
4, 27
5, 27
7, 27
3, 27
6, 27
3, 27
10, 27
4, 27
10, 27
5, 27
20, 27
10, 27
5, 27
5, 27
8, 27
0, 27
2, 27
10, 27
10, 27
10, 27
7, 27
13, 27
3, 27
10, 27
4, 27
18, 27
6, 27
0, 27
11, 27
19, 27
12, 27
0, 27
34, 34
0, 34
1, 34
0, 34
4, 34
19, 34
10, 34
1, 34
3, 34
0, 34
23, 34
6, 34
4, 34
8, 34
12, 34
9, 34
6, 34
4, 34
9, 34
11, 34
5, 34
6, 34
0, 34
4, 34
42, 42
9, 42
8, 42
4, 42
0, 42
14, 42
18, 42
3, 42
1, 42
9, 42
10, 42
19, 42
40, 42
20, 42
2, 42
16, 42
11, 42
40, 42
21, 42
10, 42
5, 42
4, 42
1, 42
0, 42
2, 42
15, 42
17, 42
16, 42
0, 42
28, 42
15, 42
8, 42
35, 42
20, 42
11, 42
26, 42
0, 42
3, 42
18, 42
13, 42
1, 42
4, 42
0, 42
17, 42
3, 42
6, 42
27, 42
10, 42
13, 42
6, 42
3, 42
2, 42
8, 42
7, 42
12, 42
9, 42
36, 42
23, 42
11, 42
7, 42
8, 42
1, 42
5, 42
14, 42
4, 42
2, 42
10, 42
11, 42
34, 42
21, 42
12, 42
7, 42
3, 42
2, 42
3, 42
2, 42
15, 42
44, 44
2, 44
30, 44
2, 44
0, 44
4, 44
32, 44
19, 44
1, 44
26, 44
9, 44
13, 44
26, 44
3, 44
11, 44
0, 44
29, 44
27, 44
0, 44
25, 44
0, 44
10, 44
4, 44
3, 44
1, 44
6, 44
6, 44
11, 44
6, 44
13, 44
1, 44
29, 44
11, 44
7, 44
12, 44
11, 44
20, 44
6, 44
3, 44
36, 44
9, 44
4, 44
7, 44
53, 53
0, 53
30, 53
10, 53
1, 53
6, 53
13, 53
22, 53
5, 53
7, 53
17, 53
8, 53
1, 53
16, 53
21, 53
19, 53
0, 53
3, 53
50, 53
0, 53
3, 53
10, 53
0, 53
12, 53
1, 53
12, 53
8, 53
19, 53
3, 53
9, 53
10, 53
5, 53
23, 53
2, 53
3, 53
5, 53
28, 53
21, 53
13, 53
39, 53
8, 53
16, 53
21, 53
2, 53
3, 53
1, 53
29, 53
0, 53
3, 53
16, 53
16, 53
10, 53
41, 53
14, 53
20, 53
5, 53
3, 53
18, 53
5, 53
5, 53
16, 53
6, 53
13, 53
4, 53
0, 53
5, 53
37, 53
9, 53
5, 53
13, 53
25, 53
22, 53
7, 53
5, 53
2, 53
6, 53
10, 53
26, 53
21, 53
17, 53
30, 53
2, 53
1, 53
10, 53
9, 53
10, 53
0, 53
3, 53
4, 53
3, 53
76, 76
9, 76
0, 76
9, 76
25, 76
7, 76
18, 76
9, 76
13, 76
4, 76
6, 76
8, 76
10, 76
28, 76
1, 76
13, 76
19, 76
5, 76
4, 76
12, 76
10, 76
6, 76
68, 76
5, 76
24, 76
30, 76
9, 76
13, 76
15, 76
23, 76
2, 76
6, 76
1, 76
13, 76
20, 76
2, 76
21, 76
3, 76
25, 76
22, 76
23, 76
27, 76
5, 76
4, 76
11, 76
1, 76
15, 76
20, 76
5, 76
26, 76
36, 76
41, 76
16, 76
20, 76
15, 76
2, 76
8, 76
36, 76
27, 76
15, 76
17, 76
22, 76
15, 76
13, 76
14, 76
16, 76
40, 76
1, 76
12, 76
22, 76
42, 76
21, 76
15, 76
13, 76
9, 76
9, 76
3, 76
31, 76
1, 76
13, 76
28, 76
5, 76
7, 76
25, 76
6, 76
21, 76
15, 76
16, 76
18, 76
25, 76
1, 76
6, 76
8, 76
15, 76
8, 76
25, 76
43, 76
2, 76
9, 76
10, 76
28, 76
4, 76
7, 76
17, 76
8, 76
6, 76
13, 76
4, 76
22, 76
2, 76
34, 76
6, 76
1, 76
2, 76
10, 76
24, 76
4, 76
6, 76
7, 76
5, 76
17, 76
35, 76
17, 76
4, 76
25, 76
2, 76
4, 76
4, 76
15, 76
7, 76
10, 76
37, 76
8, 76
14, 76
19, 76
9, 76
12, 76
2, 76
5, 76
22, 76
3, 76
7, 76
15, 76
10, 76
54, 76
52, 76
0, 76
5, 76
31, 76
4, 76
1, 76
28, 76
13, 76
15, 76
37, 76
36, 76
6, 76
8, 76
0, 76
5, 76
9, 76
33, 76
1, 76
4, 76
1, 76
27, 76
11, 76
2, 76
58, 76
57, 76
8, 76
2, 76
1, 76
34, 76
6, 76
43, 76
0, 76
22, 76
90, 90
14, 90
25, 90
19, 90
2, 90
51, 90
10, 90
24, 90
2, 90
31, 90
22, 90
8, 90
19, 90
2, 90
5, 90
6, 90
12, 90
69, 90
23, 90
10, 90
42, 90
16, 90
33, 90
71, 90
24, 90
9, 90
12, 90
11, 90
12, 90
15, 90
25, 90
36, 90
18, 90
11, 90
4, 90
21, 90
8, 90
19, 90
10, 90
8, 90
12, 90
14, 90
15, 90
27, 90
31, 90
17, 90
25, 90
4, 90
10, 90
23, 90
12, 90
42, 90
9, 90
28, 90
43, 90
35, 90
13, 90
48, 90
12, 90
10, 90
13, 90
47, 90
5, 90
11, 90
6, 90
14, 90
1, 90
15, 90
4, 90
33, 90
4, 90
25, 90
2, 90
56, 90
40, 90
20, 90
48, 90
1, 90
12, 90
10, 90
24, 90
40, 90
41, 90
2, 90
18, 90
11, 90
3, 90
1, 90
33, 90
27, 90
3, 90
7, 90
14, 90
9, 90
4, 90
13, 90
13, 90
29, 90
3, 90
10, 90
16, 90
14, 90
67, 90
73, 90
44, 90
8, 90
12, 90
11, 90
21, 90
20, 90
5, 90
6, 90
38, 90
10, 90
44, 90
8, 90
4, 90
9, 90
23, 90
9, 90
30, 90
40, 90
36, 90
21, 90
51, 90
25, 90
18, 90
10, 90
13, 90
22, 90
40, 90
18, 90
49, 90
46, 90
27, 90
10, 90
6, 90
17, 90
37, 90
33, 90
25, 90
21, 90
5, 90
24, 90
31, 90
55, 90
6, 90
35, 90
22, 90
8, 90
17, 90
12, 90
4, 90
93, 93
4, 93
15, 93
24, 93
11, 93
25, 93
43, 93
42, 93
6, 93
9, 93
86, 93
7, 93
8, 93
9, 93
5, 93
32, 93
6, 93
48, 93
40, 93
24, 93
26, 93
5, 93
4, 93
62, 93
15, 93
22, 93
14, 93
15, 93
24, 93
16, 93
17, 93
7, 93
27, 93
9, 93
28, 93
71, 93
10, 93
13, 93
27, 93
11, 93
53, 93
13, 93
52, 93
12, 93
109, 109
43, 109
7, 109
6, 109
39, 109
4, 109
3, 109
39, 109
65, 109
34, 109
36, 109
30, 109
19, 109
79, 109
7, 109
12, 109
18, 109
31, 109
20, 109
4, 109
9, 109
51, 109
66, 109
15, 109
44, 109
47, 109
10, 109
5, 109
9, 109
20, 109
32, 109
7, 109
27, 109
59, 109
2, 109
21, 109
69, 109
44, 109
29, 109
7, 109
14, 109
11, 109
159, 159
6, 159
38, 159
20, 159
6, 159
10, 159
6, 159
24, 159
20, 159
33, 159
91, 159
25, 159
4, 159
125, 159
12, 159
47, 159
28, 159
27, 159
24, 159
24, 159
49, 159
7, 159
80, 159
56, 159
72, 159
6, 159
24, 159
39, 159
29, 159
6, 159
107, 159
14, 159
2, 159
23, 159
34, 159
42, 159
5, 159
54, 159
36, 159
128, 159
48, 159
17, 159
16, 159
16, 159
24, 159
2, 159
28, 159
13, 159
53, 159
37, 159
55, 159
28, 159
82, 159
39, 159
10, 159
26, 159
22, 159
47, 159
85, 159
20, 159
8, 159
6, 159
159, 159
19, 159
18, 159
11, 159
45, 159
39, 159
12, 159
38, 159
46, 159
70, 159
7, 159
19, 159
20, 159
16, 159
71, 159
31, 159
16, 159
83, 159
29, 159
36, 159
17, 159
14, 159
5, 159
31, 159
29, 159
140, 159
36, 159
40, 159
9, 159
47, 159
32, 159
48, 159
13, 159
107, 159
27, 159
75, 159
33, 159
116, 159
47, 159
29, 159
49, 159
18, 159
9, 159
58, 159
239, 239
128, 239
2, 239
21, 239
44, 239
72, 239
31, 239
53, 239
66, 239
32, 239
37, 239
25, 239
78, 239
60, 239
90, 239
5, 239
32, 239
89, 239
59, 239
97, 239
12, 239
10, 239
80, 239
2, 239
6, 239
68, 239
63, 239
25, 239
7, 239
26, 239
90, 239
28, 239
59, 239
4, 239
7, 239
19, 239
56, 239
64, 239
19, 239
20, 239
20, 239
52, 239
33, 239
259, 259
63, 259
12, 259
62, 259
23, 259
49, 259
18, 259
11, 259
49, 259
193, 259
43, 259
39, 259
14, 259
5, 259
6, 259
66, 259
1, 259
82, 259
39, 259
71, 259
97, 259
6, 259
12, 259
8, 259
14, 259
25, 259
24, 259
26, 259
13, 259
27, 259
10, 259
58, 259
63, 259
6, 259
131, 259
107, 259
20, 259
25, 259
55, 259
46, 259
34, 259
35, 259
122, 259
12, 259
29, 259
190, 259
40, 259
35, 259
5, 259
97, 259
26, 259
59, 259
41, 259
8, 259
75, 259
25, 259
5, 259
144, 259
8, 259
54, 259
49, 259
17, 259
57, 259
9, 259
16, 259
18, 259
63, 259
52, 259
43, 259
24, 259
206, 259
84, 259
26, 259
41, 259
148, 259
4, 259
94, 259
14, 259
53, 259
44, 259
64, 259
10, 259
16, 259
20, 259
70, 259
6, 259
13, 259
4, 259
95, 259
4, 259
63, 259
19, 259
61, 259
28, 259
16, 259
63, 259
61, 259
29, 259
185, 259
27, 259
23, 259
115, 259
25, 259
26, 259
26, 259
37, 259
7, 259
50, 259
170, 259
37, 259
33, 259
173, 259
34, 259
237, 259
42, 259
43, 259
105, 259
22, 259
149, 259
71, 259
31, 259
74, 259
94, 259
120, 259
35, 259
19, 259
20, 259
15, 259
14, 259
24, 259
18, 259
83, 259
39, 259
101, 259
141, 259
48, 259
63, 259
76, 259
26, 259
164, 259
38, 259
65, 259
160, 259
22, 259
64, 259
74, 259
54, 259
99, 259
31, 259
29, 259
35, 259
36, 259
28, 259
31, 259
19, 259
47, 259
51, 259
24, 259
163, 259
99, 259
97, 259
4, 259
41, 259
39, 259
14, 259
83, 259
139, 259
39, 259
24, 259
22, 259
426, 426
35, 426
188, 426
68, 426
152, 426
17, 426
141, 426
17, 426
94, 426
3, 426
27, 426
58, 426
195, 426
235, 426
13, 426
251, 426
31, 426
88, 426
63, 426
22, 426
47, 426
51, 426
34, 426
49, 426
9, 426
32, 426
28, 426
32, 426
123, 426
85, 426
6, 426
49, 426
40, 426
9, 426
36, 426
132, 426
26, 426
6, 426
44, 426
74, 426
112, 426
42, 426
75, 426
61, 426
13, 426
18, 426
61, 426
12, 426
66, 426
125, 426
35, 426
106, 426
56, 426
131, 426
156, 426
72, 426
8, 426
15, 426
153, 426
319, 426
94, 426
205, 426
195, 426
10, 426
68, 426
30, 426
103, 426
26, 426
36, 426
38, 426
69, 426
28, 426
12, 426
38, 426
296, 426
28, 426
161, 426
190, 426
2, 426
120, 426
103, 426
211, 426
48, 426
40, 426
77, 426
86, 426
157, 426
70, 426
194, 426
161, 426
32, 426
162, 426
102, 426
108, 426
26, 426
28, 426
29, 426
150, 426
122, 426
50, 426
28, 426
8, 426
117, 426
50, 426
90, 426
434, 434
66, 434
105, 434
80, 434
26, 434
29, 434
36, 434
90, 434
323, 434
302, 434
145, 434
28, 434
88, 434
126, 434
127, 434
74, 434
54, 434
128, 434
24, 434
19, 434
132, 434
11, 434
24, 434
135, 434
119, 434
89, 434
11, 434
107, 434
356, 434
45, 434
103, 434
11, 434
90, 434
183, 434
21, 434
104, 434
125, 434
107, 434
17, 434
158, 434
117, 434
152, 434
82, 434
27, 434
50, 434
115, 434
64, 434
6, 434
202, 434
123, 434
93, 434
121, 434
41, 434
29, 434
126, 434
18, 434
95, 434
98, 434
84, 434
52, 434
143, 434
40, 434
4, 434
259, 434
33, 434
37, 434
233, 434
359, 434
1, 434
52, 434
83, 434
113, 434
137, 434
104, 434
126, 434
10, 434
185, 434
205, 434
243, 434
23, 434
78, 434
49, 434
80, 434
63, 434
45, 434
25, 434
59, 434
150, 434
76, 434
27, 434
27, 434
50, 434
49, 434
133, 434
32, 434
52, 434
154, 434
66, 434
91, 434
100, 434
38, 434
245, 434
72, 434
72, 434
25, 434
87, 434
43, 434
27, 434
108, 434
43, 434
70, 434
111, 434
102, 434
214, 434
167, 434
113, 434
72, 434
81, 434
185, 434
45, 434
19, 434
88, 434
715, 715
238, 715
78, 715
38, 715
208, 715
18, 715
25, 715
60, 715
10, 715
99, 715
76, 715
73, 715
31, 715
44, 715
123, 715
75, 715
47, 715
68, 715
42, 715
279, 715
78, 715
162, 715
137, 715
31, 715
156, 715
121, 715
66, 715
70, 715
95, 715
13, 715
24, 715
344, 715
44, 715
15, 715
29, 715
22, 715
37, 715
144, 715
137, 715
241, 715
134, 715
15, 715
37, 715
14, 715
338, 715
164, 715
238, 715
184, 715
275, 715
298, 715
234, 715
102, 715
210, 715
94, 715
38, 715
32, 715
152, 715
142, 715
553, 715
24, 715
168, 715
32, 715
5, 715
52, 715
139, 715
8, 715
131, 715
311, 715
13, 715
52, 715
443, 715
45, 715
31, 715
274, 715
154, 715
36, 715
29, 715
286, 715
25, 715
7, 715
23, 715
423, 715
461, 715
94, 715
155, 715
256, 715
12, 715
20, 715
197, 715
18, 715
137, 715
86, 715
6, 715
80, 715
97, 715
42, 715
85, 715
31, 715
202, 715
80, 715
3, 715
18, 715
33, 715
98, 715
338, 715
76, 715
#Algorithm: Qlearning, Speed: 1, Boost: 4, PM: False, Env size: (20, 20), Car size: (5, 4),
#Counter: 10000000, Nsteps: 10000000, Gamma: 1, LearnRate: 0.01, Eps: 0.5, Epsdecay: 0.9
0, 0
1, 1
1, 1
1, 1
0, 1
0, 1
1, 1
0, 1
1, 1
0, 1
1, 1
8, 8
0, 8
6, 8
2, 8
4, 8
0, 8
0, 8
1, 8
0, 8
0, 8
7, 8
4, 8
0, 8
4, 8
3, 8
1, 8
1, 8
9, 9
3, 9
2, 9
1, 9
7, 9
3, 9
4, 9
2, 9
8, 9
2, 9
3, 9
5, 9
1, 9
2, 9
14, 14
1, 14
2, 14
1, 14
0, 14
2, 14
4, 14
1, 14
4, 14
1, 14
4, 14
1, 14
7, 14
0, 14
8, 14
7, 14
1, 14
10, 14
7, 14
3, 14
0, 14
3, 14
1, 14
10, 14
1, 14
2, 14
2, 14
8, 14
4, 14
3, 14
0, 14
1, 14
1, 14
3, 14
2, 14
10, 14
4, 14
0, 14
6, 14
0, 14
0, 14
5, 14
1, 14
4, 14
8, 14
2, 14
0, 14
2, 14
0, 14
2, 14
4, 14
5, 14
4, 14
0, 14
7, 14
1, 14
1, 14
2, 14
6, 14
4, 14
4, 14
3, 14
1, 14
3, 14
5, 14
2, 14
9, 14
3, 14
1, 14
4, 14
1, 14
19, 19
19, 19
2, 19
3, 19
8, 19
2, 19
15, 19
4, 19
1, 19
6, 19
4, 19
1, 19
2, 19
10, 19
1, 19
1, 19
14, 19
0, 19
3, 19
7, 19
17, 19
4, 19
6, 19
2, 19
0, 19
0, 19
7, 19
2, 19
3, 19
8, 19
8, 19
3, 19
2, 19
8, 19
10, 19
2, 19
6, 19
1, 19
1, 19
2, 19
0, 19
5, 19
4, 19
5, 19
10, 19
4, 19
0, 19
6, 19
1, 19
15, 19
10, 19
2, 19
12, 19
7, 19
10, 19
0, 19
3, 19
1, 19
12, 19
3, 19
16, 19
7, 19
1, 19
0, 19
9, 19
15, 19
1, 19
2, 19
12, 19
6, 19
7, 19
3, 19
0, 19
4, 19
6, 19
0, 19
4, 19
2, 19
5, 19
4, 19
0, 19
7, 19
7, 19
1, 19
4, 19
6, 19
11, 19
0, 19
4, 19
12, 19
7, 19
0, 19
16, 19
2, 19
0, 19
13, 19
9, 19
22, 22
1, 22
3, 22
4, 22
3, 22
0, 22
1, 22
8, 22
3, 22
13, 22
11, 22
2, 22
6, 22
9, 22
2, 22
1, 22
1, 22
2, 22
18, 22
3, 22
0, 22
1, 22
6, 22
3, 22
13, 22
1, 22
1, 22
5, 22
3, 22
2, 22
6, 22
4, 22
3, 22
24, 24
2, 24
9, 24
0, 24
2, 24
17, 24
3, 24
5, 24
14, 24
6, 24
9, 24
7, 24
13, 24
6, 24
5, 24
11, 24
5, 24
3, 24
4, 24
13, 24
3, 24
9, 24
11, 24
2, 24
2, 24
15, 24
2, 24
4, 24
14, 24
7, 24
21, 24
11, 24
3, 24
20, 24
1, 24
5, 24
10, 24
10, 24
0, 24
10, 24
5, 24
15, 24
5, 24
1, 24
6, 24
4, 24
5, 24
6, 24
8, 24
3, 24
6, 24
2, 24
5, 24
2, 24
1, 24
9, 24
4, 24
27, 27
11, 27
4, 27
2, 27
14, 27
3, 27
2, 27
6, 27
6, 27
1, 27
1, 27
14, 27
6, 27
55, 55
12, 55
5, 55
7, 55
35, 55
3, 55
32, 55
4, 55
2, 55
11, 55
8, 55
10, 55
2, 55
33, 55
3, 55
1, 55
13, 55
4, 55
17, 55
5, 55
3, 55
5, 55
4, 55
1, 55
22, 55
14, 55
2, 55
0, 55
8, 55
2, 55
29, 55
4, 55
14, 55
2, 55
2, 55
4, 55
1, 55
2, 55
19, 55
11, 55
7, 55
5, 55
7, 55
7, 55
14, 55
9, 55
37, 55
10, 55
0, 55
13, 55
7, 55
6, 55
3, 55
0, 55
7, 55
10, 55
0, 55
1, 55
0, 55
0, 55
8, 55
6, 55
9, 55
5, 55
7, 55
11, 55
23, 55
5, 55
9, 55
4, 55
0, 55
4, 55
3, 55
1, 55
3, 55
5, 55
8, 55
10, 55
3, 55
36, 55
23, 55
9, 55
5, 55
0, 55
6, 55
9, 55
8, 55
0, 55
15, 55
5, 55
17, 55
19, 55
7, 55
14, 55
11, 55
5, 55
11, 55
23, 55
19, 55
4, 55
1, 55
4, 55
29, 55
27, 55
5, 55
2, 55
17, 55
30, 55
16, 55
22, 55
1, 55
6, 55
11, 55
2, 55
13, 55
58, 58
9, 58
2, 58
38, 58
1, 58
14, 58
20, 58
8, 58
1, 58
12, 58
2, 58
7, 58
2, 58
12, 58
22, 58
1, 58
4, 58
17, 58
8, 58
11, 58
10, 58
5, 58
13, 58
8, 58
1, 58
8, 58
16, 58
5, 58
25, 58
17, 58
1, 58
3, 58
0, 58
12, 58
27, 58
4, 58
20, 58
0, 58
3, 58
10, 58
6, 58
4, 58
5, 58
11, 58
9, 58
7, 58
9, 58
7, 58
9, 58
32, 58
8, 58
4, 58
12, 58
26, 58
25, 58
6, 58
36, 58
12, 58
1, 58
1, 58
1, 58
0, 58
25, 58
0, 58
7, 58
29, 58
12, 58
13, 58
4, 58
2, 58
7, 58
5, 58
8, 58
30, 58
24, 58
23, 58
7, 58
14, 58
5, 58
4, 58
7, 58
16, 58
2, 58
39, 58
1, 58
1, 58
8, 58
1, 58
6, 58
7, 58
2, 58
3, 58
17, 58
30, 58
20, 58
3, 58
6, 58
30, 58
23, 58
6, 58
10, 58
3, 58
5, 58
17, 58
20, 58
5, 58
13, 58
3, 58
4, 58
35, 58
13, 58
19, 58
19, 58
10, 58
8, 58
1, 58
2, 58
10, 58
50, 58
6, 58
13, 58
9, 58
2, 58
6, 58
4, 58
13, 58
42, 58
4, 58
33, 58
10, 58
10, 58
2, 58
5, 58
15, 58
12, 58
5, 58
7, 58
15, 58
15, 58
28, 58
5, 58
3, 58
30, 58
6, 58
13, 58
2, 58
23, 58
4, 58
12, 58
6, 58
14, 58
6, 58
12, 58
37, 58
25, 58
3, 58
4, 58
17, 58
18, 58
11, 58
14, 58
2, 58
4, 58
40, 58
5, 58
2, 58
39, 58
18, 58
17, 58
5, 58
3, 58
60, 60
10, 60
2, 60
14, 60
5, 60
9, 60
5, 60
13, 60
7, 60
30, 60
7, 60
3, 60
3, 60
7, 60
1, 60
14, 60
4, 60
3, 60
9, 60
2, 60
34, 60
4, 60
33, 60
5, 60
40, 60
12, 60
35, 60
3, 60
8, 60
10, 60
43, 60
12, 60
15, 60
31, 60
40, 60
13, 60
7, 60
4, 60
17, 60
5, 60
31, 60
23, 60
23, 60
1, 60
4, 60
19, 60
18, 60
14, 60
4, 60
42, 60
15, 60
20, 60
39, 60
27, 60
13, 60
5, 60
21, 60
25, 60
10, 60
47, 60
6, 60
20, 60
39, 60
10, 60
16, 60
60, 60
15, 60
21, 60
16, 60
18, 60
19, 60
45, 60
36, 60
2, 60
14, 60
8, 60
8, 60
55, 60
4, 60
8, 60
30, 60
2, 60
1, 60
6, 60
5, 60
16, 60
6, 60
108, 108
3, 108
16, 108
84, 108
11, 108
14, 108
11, 108
25, 108
29, 108
16, 108
14, 108
31, 108
10, 108
9, 108
29, 108
50, 108
4, 108
77, 108
6, 108
14, 108
23, 108
1, 108
17, 108
57, 108
21, 108
9, 108
49, 108
12, 108
25, 108
54, 108
16, 108
8, 108
59, 108
8, 108
50, 108
3, 108
38, 108
12, 108
110, 110
28, 110
5, 110
10, 110
37, 110
8, 110
26, 110
146, 146
8, 146
4, 146
12, 146
5, 146
34, 146
34, 146
20, 146
20, 146
9, 146
2, 146
14, 146
28, 146
8, 146
49, 146
43, 146
107, 146
36, 146
11, 146
101, 146
2, 146
31, 146
1, 146
6, 146
26, 146
23, 146
72, 146
20, 146
27, 146
28, 146
7, 146
32, 146
72, 146
35, 146
3, 146
41, 146
15, 146
26, 146
15, 146
27, 146
9, 146
21, 146
60, 146
18, 146
14, 146
43, 146
7, 146
13, 146
13, 146
9, 146
29, 146
4, 146
5, 146
52, 146
48, 146
31, 146
13, 146
60, 146
13, 146
2, 146
21, 146
36, 146
48, 146
19, 146
7, 146
6, 146
12, 146
133, 146
123, 146
44, 146
6, 146
29, 146
20, 146
62, 146
24, 146
49, 146
88, 146
14, 146
19, 146
54, 146
24, 146
17, 146
13, 146
5, 146
30, 146
13, 146
13, 146
2, 146
3, 146
12, 146
11, 146
4, 146
30, 146
48, 146
59, 146
16, 146
60, 146
45, 146
18, 146
10, 146
32, 146
48, 146
20, 146
36, 146
20, 146
27, 146
16, 146
20, 146
27, 146
53, 146
25, 146
106, 146
9, 146
148, 148
23, 148
8, 148
97, 148
12, 148
57, 148
76, 148
10, 148
42, 148
3, 148
59, 148
39, 148
54, 148
1, 148
62, 148
6, 148
15, 148
61, 148
12, 148
10, 148
26, 148
6, 148
35, 148
27, 148
108, 148
25, 148
10, 148
12, 148
59, 148
10, 148
37, 148
65, 148
19, 148
41, 148
35, 148
18, 148
27, 148
14, 148
79, 148
76, 148
19, 148
79, 148
9, 148
7, 148
73, 148
41, 148
22, 148
179, 179
100, 179
56, 179
9, 179
109, 179
13, 179
33, 179
18, 179
33, 179
8, 179
26, 179
20, 179
31, 179
30, 179
39, 179
98, 179
28, 179
24, 179
54, 179
12, 179
27, 179
23, 179
1, 179
202, 202
12, 202
32, 202
90, 202
21, 202
62, 202
56, 202
10, 202
57, 202
41, 202
3, 202
21, 202
32, 202
33, 202
50, 202
2, 202
38, 202
10, 202
39, 202
73, 202
162, 202
107, 202
52, 202
61, 202
104, 202
23, 202
51, 202
22, 202
15, 202
27, 202
1, 202
103, 202
28, 202
42, 202
98, 202
10, 202
18, 202
41, 202
72, 202
95, 202
31, 202
100, 202
25, 202
81, 202
128, 202
34, 202
75, 202
15, 202
125, 202
9, 202
89, 202
88, 202
55, 202
8, 202
186, 202
63, 202
98, 202
24, 202
8, 202
12, 202
5, 202
28, 202
200, 202
62, 202
4, 202
38, 202
28, 202
9, 202
10, 202
20, 202
46, 202
55, 202
14, 202
24, 202
104, 202
7, 202
102, 202
30, 202
167, 202
12, 202
53, 202
17, 202
49, 202
50, 202
29, 202
123, 202
50, 202
55, 202
5, 202
118, 202
99, 202
35, 202
50, 202
129, 202
114, 202
31, 202
109, 202
243, 243
90, 243
165, 243
60, 243
6, 243
75, 243
3, 243
83, 243
275, 275
24, 275
81, 275
27, 275
60, 275
1, 275
86, 275
423, 423
323, 423
45, 423
75, 423
20, 423
5, 423
24, 423
66, 423
19, 423
15, 423
39, 423
37, 423
7, 423
2, 423
10, 423
28, 423
4, 423
127, 423
99, 423
17, 423
22, 423
86, 423
23, 423
90, 423
7, 423
60, 423
4, 423
47, 423
186, 423
127, 423
115, 423
52, 423
4, 423
138, 423
37, 423
107, 423
24, 423
21, 423
6, 423
0, 423
19, 423
51, 423
222, 423
7, 423
135, 423
92, 423
6, 423
6, 423
47, 423
8, 423
26, 423
16, 423
14, 423
72, 423
22, 423
290, 423
22, 423
15, 423
106, 423
43, 423
66, 423
23, 423
0, 423
7, 423
135, 423
1, 423
8, 423
89, 423
146, 423
12, 423
273, 423
61, 423
41, 423
61, 423
4, 423
25, 423
39, 423
15, 423
8, 423
61, 423
18, 423
272, 423
14, 423
33, 423
13, 423
35, 423
59, 423
215, 423
139, 423
168, 423
72, 423
25, 423
183, 423
6, 423
381, 423
1, 423
60, 423
69, 423
149, 423
130, 423
40, 423
25, 423
48, 423
206, 423
16, 423
27, 423
50, 423
100, 423
15, 423
175, 423
35, 423
92, 423
41, 423
213, 423
27, 423
143, 423
225, 423
39, 423
22, 423
69, 423
82, 423
9, 423
51, 423
121, 423
26, 423
27, 423
91, 423
121, 423
5, 423
157, 423
71, 423
36, 423
148, 423
151, 423
74, 423
301, 423
9, 423
170, 423
60, 423
119, 423
50, 423
42, 423
184, 423
220, 423
164, 423
19, 423
30, 423
41, 423
80, 423
291, 423
48, 423
86, 423
19, 423
135, 423
61, 423
53, 423
481, 481
79, 481
35, 481
93, 481
21, 481
17, 481
59, 481
116, 481
196, 481
194, 481
60, 481
9, 481
273, 481
128, 481
22, 481
89, 481
3, 481
10, 481
14, 481
89, 481
219, 481
119, 481
164, 481
27, 481
63, 481
88, 481
130, 481
65, 481
57, 481
10, 481
50, 481
2, 481
37, 481
42, 481
4, 481
3, 481
28, 481
46, 481
75, 481
130, 481
53, 481
12, 481
157, 481
19, 481
16, 481
5, 481
53, 481
221, 481
463, 481
81, 481
181, 481
166, 481
42, 481
44, 481
7, 481
99, 481
29, 481
22, 481
55, 481
49, 481
213, 481
35, 481
54, 481
20, 481
104, 481
79, 481
117, 481
76, 481
475, 481
39, 481
137, 481
132, 481
121, 481
31, 481
195, 481
350, 481
22, 481
30, 481
217, 481
9, 481
77, 481
12, 481
5, 481
160, 481
10, 481
55, 481
15, 481
193, 481
78, 481
329, 481
52, 481
59, 481
38, 481
34, 481
57, 481
9, 481
35, 481
193, 481
238, 481
3, 481
44, 481
43, 481
163, 481
17, 481
12, 481
26, 481
145, 481
8, 481
76, 481
3, 481
125, 481
6, 481
7, 481
116, 481
86, 481
13, 481
114, 481
8, 481
110, 481
1, 481
15, 481
410, 481
120, 481
185, 481
8, 481
4, 481
49, 481
101, 481
14, 481
43, 481
350, 481
44, 481
229, 481
93, 481
47, 481
72, 481
470, 481
92, 481
90, 481
37, 481
237, 481
44, 481
26, 481
180, 481
39, 481
150, 481
14, 481
85, 481
151, 481
113, 481
100, 481
57, 481
204, 481
61, 481
43, 481
85, 481
332, 481
96, 481
234, 481
151, 481
34, 481
68, 481
238, 481
81, 481
70, 481
114, 481
112, 481
16, 481
108, 481
198, 481
12, 481
17, 481
30, 481
68, 481
74, 481
263, 481
79, 481
217, 481
16, 481
1, 481
27, 481
22, 481
126, 481
130, 481
19, 481
40, 481
17, 481
67, 481
192, 481
61, 481
80, 481
440, 481
55, 481
347, 481
27, 481
60, 481
81, 481
390, 481
61, 481
12, 481
47, 481
333, 481
27, 481
24, 481
87, 481
559, 559
101, 559
27, 559
13, 559
45, 559
48, 559
507, 559
138, 559
193, 559
127, 559
12, 559
387, 559
11, 559
366, 559
5, 559
12, 559
127, 559
94, 559
144, 559
5, 559
229, 559
24, 559
120, 559
31, 559
27, 559
133, 559
125, 559
86, 559
105, 559
77, 559
100, 559
97, 559
32, 559
105, 559
75, 559
36, 559
50, 559
12, 559
45, 559
41, 559
33, 559
127, 559
143, 559
3, 559
88, 559
11, 559
199, 559
104, 559
182, 559
7, 559
71, 559
214, 559
69, 559
21, 559
26, 559
81, 559
106, 559
174, 559
207, 559
97, 559
67, 559
34, 559
188, 559
48, 559
36, 559
39, 559
2, 559
7, 559
5, 559
34, 559
325, 559
104, 559
267, 559
20, 559
15, 559
185, 559
77, 559
65, 559
6, 559
105, 559
76, 559
40, 559
115, 559
8, 559
19, 559
8, 559
12, 559
87, 559
60, 559
350, 559
33, 559
115, 559
33, 559
11, 559
123, 559
94, 559
93, 559
133, 559
569, 569
18, 569
199, 569
103, 569
60, 569
199, 569
129, 569
15, 569
7, 569
26, 569
183, 569
160, 569
6, 569
101, 569
24, 569
#Algorithm: Qlearning, Speed: 1, Boost: 4, PM: False, Env size: (20, 20), Car size: (5, 4),
#Counter: 10000000, Nsteps: 10000000, Gamma: 1, LearnRate: 0.01, Eps: 0.5, Epsdecay: 0.9
0, 0
2, 2
0, 2
1, 2
3, 3
0, 3
0, 3
2, 3
1, 3
0, 3
0, 3
0, 3
2, 3
3, 3
2, 3
3, 3
1, 3
8, 8
8, 8
2, 8
0, 8
1, 8
2, 8
10, 10
14, 14
0, 14
2, 14
0, 14
6, 14
9, 14
33, 33
2, 33
13, 33
12, 33
4, 33
0, 33
7, 33
9, 33
9, 33
3, 33
5, 33
5, 33
24, 33
10, 33
4, 33
12, 33
12, 33
3, 33
1, 33
1, 33
3, 33
6, 33
10, 33
5, 33
2, 33
2, 33
6, 33
3, 33
14, 33
8, 33
0, 33
3, 33
4, 33
9, 33
26, 33
2, 33
5, 33
4, 33
6, 33
4, 33
8, 33
4, 33
2, 33
20, 33
1, 33
5, 33
0, 33
2, 33
30, 33
3, 33
5, 33
4, 33
7, 33
7, 33
8, 33
10, 33
36, 36
14, 36
0, 36
11, 36
6, 36
15, 36
5, 36
4, 36
9, 36
9, 36
5, 36
1, 36
12, 36
4, 36
3, 36
1, 36
7, 36
4, 36
1, 36
10, 36
2, 36
10, 36
9, 36
3, 36
0, 36
11, 36
4, 36
9, 36
4, 36
0, 36
1, 36
4, 36
12, 36
6, 36
8, 36
5, 36
1, 36
12, 36
11, 36
33, 36
7, 36
6, 36
3, 36
9, 36
6, 36
10, 36
3, 36
5, 36
14, 36
2, 36
21, 36
2, 36
10, 36
9, 36
9, 36
4, 36
3, 36
9, 36
6, 36
19, 36
2, 36
4, 36
5, 36
14, 36
2, 36
9, 36
22, 36
0, 36
10, 36
10, 36
5, 36
1, 36
13, 36
4, 36
2, 36
1, 36
11, 36
15, 36
7, 36
6, 36
12, 36
2, 36
13, 36
17, 36
11, 36
0, 36
15, 36
2, 36
41, 41
36, 41
17, 41
0, 41
4, 41
25, 41
39, 41
25, 41
28, 41
6, 41
4, 41
4, 41
1, 41
5, 41
1, 41
11, 41
15, 41
0, 41
9, 41
4, 41
11, 41
12, 41
16, 41
9, 41
3, 41
1, 41
5, 41
6, 41
7, 41
18, 41
4, 41
6, 41
9, 41
21, 41
32, 41
28, 41
0, 41
16, 41
11, 41
13, 41
27, 41
31, 41
14, 41
19, 41
20, 41
23, 41
9, 41
9, 41
1, 41
14, 41
18, 41
9, 41
8, 41
5, 41
40, 41
28, 41
17, 41
20, 41
57, 57
9, 57
22, 57
10, 57
4, 57
24, 57
86, 86
2, 86
3, 86
14, 86
3, 86
2, 86
15, 86
21, 86
17, 86
15, 86
14, 86
4, 86
0, 86
13, 86
12, 86
8, 86
0, 86
12, 86
5, 86
2, 86
20, 86
7, 86
18, 86
20, 86
1, 86
3, 86
6, 86
24, 86
57, 86
16, 86
3, 86
0, 86
50, 86
82, 86
10, 86
10, 86
9, 86
38, 86
13, 86
29, 86
13, 86
36, 86
12, 86
21, 86
20, 86
30, 86
17, 86
3, 86
14, 86
51, 86
30, 86
21, 86
34, 86
3, 86
14, 86
48, 86
5, 86
19, 86
38, 86
7, 86
23, 86
12, 86
22, 86
28, 86
10, 86
57, 86
15, 86
7, 86
3, 86
8, 86
13, 86
8, 86
41, 86
37, 86
10, 86
14, 86
75, 86
15, 86
19, 86
12, 86
24, 86
7, 86
29, 86
38, 86
50, 86
5, 86
80, 86
30, 86
42, 86
12, 86
33, 86
7, 86
12, 86
38, 86
27, 86
15, 86
3, 86
18, 86
22, 86
4, 86
33, 86
16, 86
17, 86
2, 86
8, 86
6, 86
22, 86
0, 86
1, 86
4, 86
25, 86
20, 86
10, 86
55, 86
4, 86
84, 86
3, 86
20, 86
39, 86
37, 86
10, 86
7, 86
40, 86
19, 86
8, 86
27, 86
35, 86
52, 86
5, 86
1, 86
16, 86
8, 86
17, 86
4, 86
82, 86
66, 86
19, 86
16, 86
22, 86
6, 86
19, 86
17, 86
21, 86
7, 86
14, 86
19, 86
34, 86
28, 86
14, 86
17, 86
33, 86
16, 86
7, 86
11, 86
3, 86
44, 86
10, 86
0, 86
56, 86
7, 86
21, 86
31, 86
19, 86
7, 86
32, 86
28, 86
21, 86
17, 86
1, 86
30, 86
16, 86
36, 86
10, 86
23, 86
15, 86
7, 86
0, 86
17, 86
5, 86
16, 86
12, 86
14, 86
10, 86
9, 86
63, 86
10, 86
24, 86
83, 86
18, 86
9, 86
0, 86
50, 86
8, 86
53, 86
30, 86
4, 86
43, 86
40, 86
16, 86
9, 86
37, 86
25, 86
44, 86
8, 86
7, 86
75, 86
14, 86
40, 86
15, 86
6, 86
10, 86
16, 86
22, 86
19, 86
1, 86
3, 86
29, 86
17, 86
49, 86
14, 86
29, 86
7, 86
88, 88
19, 88
8, 88
15, 88
20, 88
21, 88
21, 88
7, 88
34, 88
26, 88
27, 88
9, 88
16, 88
15, 88
23, 88
73, 88
28, 88
8, 88
13, 88
0, 88
8, 88
17, 88
31, 88
87, 88
12, 88
13, 88
8, 88
44, 88
48, 88
17, 88
9, 88
23, 88
1, 88
63, 88
29, 88
24, 88
4, 88
27, 88
7, 88
11, 88
96, 96
12, 96
49, 96
25, 96
42, 96
35, 96
57, 96
48, 96
14, 96
13, 96
3, 96
22, 96
21, 96
133, 133
15, 133
42, 133
1, 133
26, 133
10, 133
26, 133
16, 133
18, 133
10, 133
29, 133
76, 133
26, 133
16, 133
2, 133
63, 133
16, 133
29, 133
6, 133
3, 133
16, 133
23, 133
93, 133
19, 133
10, 133
16, 133
15, 133
34, 133
16, 133
17, 133
19, 133
17, 133
15, 133
5, 133
45, 133
7, 133
15, 133
10, 133
56, 133
87, 133
21, 133
9, 133
14, 133
19, 133
49, 133
44, 133
5, 133
23, 133
6, 133
27, 133
57, 133
65, 133
28, 133
44, 133
50, 133
56, 133
31, 133
27, 133
16, 133
10, 133
67, 133
22, 133
38, 133
16, 133
51, 133
65, 133
22, 133
4, 133
3, 133
21, 133
17, 133
73, 133
29, 133
20, 133
39, 133
46, 133
34, 133
73, 133
7, 133
16, 133
18, 133
62, 133
23, 133
61, 133
26, 133
7, 133
26, 133
29, 133
34, 133
6, 133
8, 133
68, 133
24, 133
77, 133
10, 133
24, 133
22, 133
15, 133
36, 133
47, 133
127, 133
16, 133
18, 133
19, 133
13, 133
104, 133
43, 133
94, 133
5, 133
18, 133
64, 133
6, 133
15, 133
61, 133
16, 133
47, 133
14, 133
93, 133
54, 133
57, 133
3, 133
12, 133
3, 133
18, 133
5, 133
8, 133
29, 133
4, 133
40, 133
29, 133
36, 133
48, 133
82, 133
5, 133
51, 133
54, 133
43, 133
11, 133
16, 133
7, 133
94, 133
12, 133
23, 133
11, 133
10, 133
23, 133
19, 133
14, 133
89, 133
49, 133
14, 133
25, 133
49, 133
9, 133
6, 133
39, 133
100, 133
6, 133
2, 133
8, 133
27, 133
16, 133
31, 133
9, 133
114, 133
23, 133
6, 133
36, 133
6, 133
40, 133
1, 133
28, 133
42, 133
29, 133
6, 133
7, 133
64, 133
10, 133
8, 133
145, 145
5, 145
38, 145
9, 145
23, 145
21, 145
0, 145
0, 145
9, 145
45, 145
71, 145
16, 145
20, 145
58, 145
93, 145
13, 145
21, 145
67, 145
16, 145
17, 145
46, 145
10, 145
33, 145
7, 145
84, 145
43, 145
21, 145
95, 145
11, 145
29, 145
72, 145
6, 145
43, 145
53, 145
24, 145
12, 145
71, 145
28, 145
7, 145
32, 145
23, 145
47, 145
70, 145
58, 145
59, 145
31, 145
0, 145
7, 145
30, 145
166, 166
5, 166
93, 166
51, 166
24, 166
8, 166
0, 166
62, 166
63, 166
155, 166
81, 166
68, 166
65, 166
28, 166
74, 166
16, 166
22, 166
4, 166
61, 166
91, 166
6, 166
45, 166
54, 166
23, 166
20, 166
32, 166
7, 166
77, 166
6, 166
53, 166
66, 166
9, 166
19, 166
37, 166
50, 166
128, 166
5, 166
112, 166
13, 166
67, 166
6, 166
32, 166
66, 166
34, 166
29, 166
10, 166
127, 166
31, 166
12, 166
31, 166
37, 166
31, 166
139, 166
111, 166
8, 166
13, 166
46, 166
60, 166
45, 166
0, 166
59, 166
42, 166
171, 171
7, 171
24, 171
11, 171
12, 171
0, 171
25, 171
89, 171
51, 171
107, 171
38, 171
14, 171
24, 171
0, 171
51, 171
3, 171
67, 171
17, 171
37, 171
46, 171
159, 171
98, 171
91, 171
22, 171
24, 171
4, 171
4, 171
8, 171
42, 171
83, 171
57, 171
63, 171
153, 171
63, 171
96, 171
98, 171
100, 171
170, 171
36, 171
16, 171
23, 171
154, 171
58, 171
50, 171
30, 171
87, 171
1, 171
28, 171
23, 171
27, 171
24, 171
121, 171
13, 171
16, 171
108, 171
27, 171
7, 171
6, 171
23, 171
45, 171
65, 171
39, 171
3, 171
15, 171
71, 171
7, 171
71, 171
34, 171
21, 171
54, 171
29, 171
14, 171
53, 171
28, 171
39, 171
49, 171
22, 171
41, 171
47, 171
102, 171
63, 171
112, 171
29, 171
59, 171
17, 171
104, 171
61, 171
140, 171
227, 227
18, 227
178, 227
166, 227
29, 227
34, 227
13, 227
141, 227
56, 227
89, 227
59, 227
146, 227
13, 227
19, 227
18, 227
6, 227
73, 227
22, 227
9, 227
33, 227
77, 227
20, 227
31, 227
233, 233
71, 233
74, 233
25, 233
54, 233
61, 233
105, 233
114, 233
38, 233
177, 233
107, 233
162, 233
24, 233
23, 233
243, 243
15, 243
86, 243
28, 243
145, 243
81, 243
24, 243
10, 243
66, 243
12, 243
52, 243
148, 243
12, 243
133, 243
20, 243
14, 243
50, 243
35, 243
4, 243
17, 243
284, 284
54, 284
56, 284
125, 284
62, 284
78, 284
197, 284
42, 284
14, 284
49, 284
61, 284
44, 284
31, 284
102, 284
39, 284
82, 284
255, 284
342, 342
69, 342
38, 342
145, 342
81, 342
211, 342
97, 342
112, 342
135, 342
93, 342
39, 342
71, 342
9, 342
308, 342
113, 342
286, 342
160, 342
773, 773
219, 773
120, 773
177, 773
459, 773
14, 773
321, 773
168, 773
162, 773
420, 773
497, 773
7, 773
31, 773
98, 773
45, 773
182, 773
79, 773
26, 773
61, 773
282, 773
239, 773
380, 773
29, 773
29, 773
330, 773
112, 773
60, 773
67, 773
55, 773
48, 773
289, 773
39, 773
12, 773
46, 773
23, 773
62, 773
139, 773
28, 773
66, 773
64, 773
91, 773
58, 773
131, 773
1, 773
207, 773
127, 773
90, 773
27, 773
195, 773
322, 773
189, 773
40, 773
147, 773
1, 773
14, 773
29, 773
74, 773
5, 773
3, 773
103, 773
24, 773
123, 773
349, 773
77, 773
252, 773
56, 773
52, 773
73, 773
174, 773
51, 773
16, 773
338, 773
148, 773
22, 773
78, 773
269, 773
142, 773
608, 773
146, 773
86, 773
137, 773
302, 773
54, 773
234, 773
261, 773
120, 773
51, 773
191, 773
302, 773
532, 773
165, 773
209, 773
140, 773
13, 773
55, 773
26, 773
110, 773
239, 773
332, 773
1503, 1503
150, 1503
348, 1503
109, 1503
253, 1503
119, 1503
47, 1503
126, 1503
125, 1503
51, 1503
225, 1503
262, 1503
94, 1503
92, 1503
18, 1503
271, 1503
27, 1503
269, 1503
148, 1503
57, 1503
21, 1503
494, 1503
201, 1503
505, 1503
15, 1503
221, 1503
312, 1503
67, 1503
392, 1503
321, 1503
11, 1503
373, 1503
131, 1503
657, 1503
126, 1503
69, 1503
926, 1503
485, 1503
38, 1503
34, 1503
4, 1503
62, 1503
139, 1503
706, 1503
337, 1503
158, 1503
512, 1503
83, 1503
48, 1503
99, 1503
67, 1503
173, 1503
132, 1503
354, 1503
414, 1503
184, 1503
147, 1503
39, 1503
160, 1503
118, 1503
948, 1503
395, 1503
46, 1503
277, 1503
209, 1503
1118, 1503
233, 1503
236, 1503
4, 1503
272, 1503
23, 1503
169, 1503
13, 1503
595, 1503
85, 1503
5, 1503
30, 1503
34, 1503
54, 1503
203, 1503
273, 1503
62, 1503
856, 1503
233, 1503
1063, 1503
225, 1503
55, 1503
358, 1503
48, 1503
114, 1503
285, 1503
9, 1503
336, 1503
76, 1503
401, 1503
103, 1503
44, 1503
353, 1503
19, 1503
85, 1503
95, 1503
148, 1503
341, 1503
8, 1503
391, 1503
336, 1503
70, 1503
179, 1503
115, 1503
61, 1503
660, 1503
188, 1503
19, 1503
5, 1503
104, 1503
24, 1503
3, 1503
42, 1503
126, 1503
227, 1503
208, 1503
152, 1503
217, 1503
360, 1503
103, 1503
462, 1503
108, 1503
318, 1503
73, 1503
6, 1503
258, 1503
204, 1503
0, 1503
39, 1503
167, 1503
143, 1503
66, 1503
234, 1503
77, 1503
50, 1503
56, 1503
1, 1503
857, 1503
69, 1503
173, 1503
336, 1503
34, 1503
106, 1503
115, 1503
134, 1503
624, 1503
256, 1503
84, 1503
16, 1503
296, 1503
453, 1503
73, 1503
60, 1503
31, 1503
89, 1503
106, 1503
676, 1503
312, 1503
69, 1503
146, 1503
38, 1503
47, 1503
246, 1503
52, 1503
344, 1503
56, 1503
158, 1503
217, 1503
542, 1503
1110, 1503
11, 1503
171, 1503
385, 1503
117, 1503
38, 1503
382, 1503
156, 1503
241, 1503
508, 1503
125, 1503
12, 1503
111, 1503
183, 1503
182, 1503
135, 1503
41, 1503
269, 1503
131, 1503
27, 1503
68, 1503
788, 1503
74, 1503
254, 1503
36, 1503
165, 1503
193, 1503
183, 1503
191, 1503
434, 1503
191, 1503
405, 1503
315, 1503
192, 1503
160, 1503
587, 1503
289, 1503
32, 1503
1, 1503
138, 1503
31, 1503
12, 1503
135, 1503
116, 1503
618, 1503
19, 1503
45, 1503
485, 1503
152, 1503
60, 1503
530, 1503
183, 1503
865, 1503
44, 1503
281, 1503
128, 1503
5, 1503
1089, 1503
239, 1503
85, 1503
136, 1503
128, 1503
78, 1503
8, 1503
524, 1503
199, 1503
112, 1503
151, 1503
35, 1503
466, 1503
773, 1503
300, 1503
220, 1503
575, 1503
36, 1503
378, 1503
150, 1503
178, 1503
30, 1503
119, 1503
31, 1503
94, 1503
717, 1503
405, 1503
318, 1503
50, 1503
32, 1503
189, 1503
239, 1503
47, 1503
42, 1503
205, 1503
151, 1503
954, 1503
924, 1503
609, 1503
122, 1503
57, 1503
88, 1503
290, 1503
119, 1503
120, 1503
518, 1503
590, 1503
78, 1503
358, 1503
19, 1503
58, 1503
201, 1503
114, 1503
249, 1503
69, 1503
63, 1503
138, 1503
684, 1503
41, 1503
130, 1503
179, 1503
15, 1503
53, 1503
167, 1503
327, 1503
211, 1503
152, 1503
62, 1503
142, 1503
444, 1503
534, 1503
39, 1503
325, 1503
532, 1503
651, 1503
1343, 1503
826, 1503
593, 1503
6, 1503
142, 1503
94, 1503
667, 1503
180, 1503
385, 1503
366, 1503
107, 1503
55, 1503
13, 1503
268, 1503
52, 1503
134, 1503
45, 1503
455, 1503
18, 1503
186, 1503
86, 1503
241, 1503
58, 1503
205, 1503
387, 1503
141, 1503
26, 1503
92, 1503
830, 1503
97, 1503
261, 1503
32, 1503
422, 1503
333, 1503
26, 1503
192, 1503
318, 1503
85, 1503
224, 1503
28, 1503
55, 1503
95, 1503
160, 1503
102, 1503
484, 1503
436, 1503
31, 1503
600, 1503
5, 1503
433, 1503
17, 1503
63, 1503
34, 1503
75, 1503
219, 1503
106, 1503
120, 1503
196, 1503
71, 1503
233, 1503
545, 1503
77, 1503
300, 1503
156, 1503
483, 1503
42, 1503
103, 1503
27, 1503
386, 1503
121, 1503
61, 1503
341, 1503
142, 1503
34, 1503
81, 1503
88, 1503
558, 1503
52, 1503
297, 1503
816, 1503
426, 1503
51, 1503
19, 1503
143, 1503
441, 1503
623, 1503
306, 1503
362, 1503
186, 1503
276, 1503
338, 1503
432, 1503
278, 1503
210, 1503
153, 1503
260, 1503
503, 1503
184, 1503
591, 1503
1212, 1503
1512, 1512
1796, 1796
2001, 2001
664, 2001
276, 2001
76, 2001
63, 2001
30, 2001
74, 2001
790, 2001
324, 2001
173, 2001
133, 2001
#Algorithm: Qlearning, Speed: 1, Boost: 4, PM: False, Env size: (20, 20), Car size: (5, 4),
#Counter: 10000000, Nsteps: 10000000, Gamma: 1, LearnRate: 0.01, Eps: 0.5, Epsdecay: 0.9
0, 0
0, 0
3, 3
0, 3
0, 3
0, 3
0, 3
1, 3
1, 3
2, 3
1, 3
0, 3
0, 3
1, 3
1, 3
3, 3
1, 3
0, 3
1, 3
0, 3
0, 3
3, 3
3, 3
2, 3
1, 3
5, 5
3, 5
0, 5
0, 5
0, 5
1, 5
4, 5
5, 5
0, 5
0, 5
2, 5
0, 5
1, 5
3, 5
0, 5
2, 5
3, 5
1, 5
0, 5
3, 5
9, 9
10, 10
0, 10
6, 10
5, 10
1, 10
1, 10
2, 10
10, 10
0, 10
8, 10
5, 10
17, 17
5, 17
0, 17
1, 17
0, 17
1, 17
3, 17
2, 17
8, 17
1, 17
8, 17
4, 17
2, 17
3, 17
3, 17
2, 17
5, 17
1, 17
1, 17
11, 17
1, 17
4, 17
0, 17
1, 17
6, 17
3, 17
2, 17
9, 17
1, 17
1, 17
4, 17
2, 17
3, 17
3, 17
5, 17
0, 17
1, 17
4, 17
3, 17
4, 17
2, 17
1, 17
3, 17
0, 17
3, 17
8, 17
6, 17
6, 17
2, 17
5, 17
3, 17
0, 17
6, 17
7, 17
2, 17
3, 17
12, 17
3, 17
10, 17
0, 17
3, 17
2, 17
3, 17
2, 17
2, 17
0, 17
2, 17
4, 17
14, 17
3, 17
1, 17
2, 17
4, 17
3, 17
5, 17
7, 17
0, 17
2, 17
0, 17
1, 17
0, 17
7, 17
12, 17
3, 17
9, 17
1, 17
0, 17
13, 17
0, 17
12, 17
4, 17
1, 17
1, 17
2, 17
2, 17
4, 17
8, 17
3, 17
6, 17
2, 17
3, 17
3, 17
5, 17
2, 17
7, 17
7, 17
2, 17
1, 17
11, 17
7, 17
1, 17
11, 17
3, 17
17, 17
1, 17
4, 17
2, 17
1, 17
8, 17
12, 17
10, 17
4, 17
5, 17
3, 17
1, 17
1, 17
12, 17
8, 17
2, 17
16, 17
40, 40
2, 40
3, 40
1, 40
1, 40
2, 40
2, 40
16, 40
6, 40
0, 40
2, 40
3, 40
4, 40
0, 40
1, 40
1, 40
0, 40
6, 40
16, 40
13, 40
1, 40
0, 40
18, 40
8, 40
6, 40
0, 40
0, 40
1, 40
2, 40
3, 40
2, 40
3, 40
2, 40
1, 40
1, 40
1, 40
0, 40
11, 40
0, 40
27, 40
7, 40
8, 40
6, 40
0, 40
6, 40
4, 40
4, 40
6, 40
5, 40
0, 40
1, 40
10, 40
28, 40
6, 40
11, 40
2, 40
25, 40
1, 40
12, 40
0, 40
20, 40
6, 40
7, 40
1, 40
4, 40
15, 40
15, 40
2, 40
13, 40
1, 40
5, 40
4, 40
1, 40
11, 40
2, 40
8, 40
4, 40
4, 40
5, 40
1, 40
2, 40
1, 40
9, 40
7, 40
5, 40
0, 40
2, 40
6, 40
5, 40
1, 40
2, 40
7, 40
14, 40
4, 40
2, 40
8, 40
0, 40
1, 40
3, 40
0, 40
14, 40
2, 40
7, 40
8, 40
5, 40
26, 40
3, 40
3, 40
5, 40
3, 40
20, 40
17, 40
1, 40
1, 40
1, 40
0, 40
4, 40
9, 40
18, 40
2, 40
15, 40
2, 40
5, 40
2, 40
15, 40
7, 40
3, 40
9, 40
14, 40
10, 40
10, 40
4, 40
4, 40
16, 40
3, 40
3, 40
0, 40
7, 40
3, 40
13, 40
2, 40
4, 40
12, 40
5, 40
4, 40
6, 40
3, 40
9, 40
13, 40
2, 40
3, 40
5, 40
3, 40
3, 40
12, 40
10, 40
12, 40
3, 40
6, 40
7, 40
1, 40
0, 40
4, 40
0, 40
17, 40
1, 40
1, 40
2, 40
6, 40
2, 40
8, 40
1, 40
0, 40
6, 40
10, 40
8, 40
1, 40
13, 40
6, 40
5, 40
12, 40
1, 40
6, 40
11, 40
1, 40
5, 40
14, 40
3, 40
1, 40
14, 40
18, 40
8, 40
22, 40
1, 40
14, 40
19, 40
2, 40
5, 40
4, 40
1, 40
7, 40
4, 40
5, 40
0, 40
0, 40
27, 40
7, 40
13, 40
7, 40
22, 40
2, 40
3, 40
4, 40
6, 40
9, 40
10, 40
5, 40
12, 40
10, 40
3, 40
9, 40
22, 40
1, 40
10, 40
3, 40
19, 40
0, 40
23, 40
2, 40
2, 40
11, 40
17, 40
15, 40
9, 40
4, 40
2, 40
10, 40
17, 40
3, 40
15, 40
3, 40
13, 40
6, 40
11, 40
3, 40
4, 40
12, 40
11, 40
17, 40
2, 40
15, 40
2, 40
2, 40
3, 40
10, 40
5, 40
0, 40
1, 40
9, 40
11, 40
0, 40
22, 40
3, 40
10, 40
25, 40
2, 40
0, 40
16, 40
12, 40
1, 40
1, 40
24, 40
4, 40
5, 40
2, 40
4, 40
4, 40
6, 40
1, 40
4, 40
10, 40
7, 40
18, 40
9, 40
4, 40
4, 40
3, 40
4, 40
1, 40
18, 40
4, 40
7, 40
2, 40
1, 40
15, 40
2, 40
2, 40
17, 40
41, 41
3, 41
4, 41
1, 41
3, 41
20, 41
17, 41
23, 41
1, 41
3, 41
4, 41
3, 41
4, 41
13, 41
15, 41
11, 41
3, 41
17, 41
3, 41
8, 41
7, 41
6, 41
2, 41
11, 41
6, 41
39, 41
13, 41
18, 41
10, 41
53, 53
1, 53
10, 53
70, 70
43, 70
4, 70
89, 89
48, 89
25, 89
36, 89
18, 89
2, 89
10, 89
84, 89
38, 89
16, 89
15, 89
15, 89
46, 89
38, 89
42, 89
53, 89
11, 89
13, 89
78, 89
173, 173
115, 173
165, 173
41, 173
139, 173
16, 173
189, 189
28, 189
72, 189
41, 189
10, 189
0, 189
6, 189
1, 189
21, 189
147, 189
8, 189
38, 189
62, 189
213, 213
152, 213
67, 213
35, 213
38, 213
12, 213
82, 213
0, 213
106, 213
185, 213
44, 213
130, 213
101, 213
34, 213
9, 213
18, 213
23, 213
33, 213
0, 213
112, 213
66, 213
30, 213
0, 213
26, 213
43, 213
302, 302
50, 302
19, 302
140, 302
25, 302
33, 302
93, 302
19, 302
141, 302
57, 302
3, 302
31, 302
44, 302
20, 302
0, 302
16, 302
24, 302
3, 302
10, 302
34, 302
26, 302
5, 302
23, 302
40, 302
40, 302
92, 302
198, 302
79, 302
55, 302
14, 302
6, 302
95, 302
0, 302
170, 302
93, 302
0, 302
151, 302
23, 302
224, 302
28, 302
46, 302
86, 302
189, 302
22, 302
3, 302
22, 302
30, 302
168, 302
8, 302
281, 302
6, 302
141, 302
120, 302
186, 302
40, 302
30, 302
166, 302
39, 302
123, 302
71, 302
75, 302
87, 302
11, 302
36, 302
225, 302
248, 302
195, 302
3, 302
78, 302
9, 302
42, 302
598, 598
141, 598
72, 598
62, 598
82, 598
187, 598
238, 598
197, 598
53, 598
78, 598
58, 598
202, 598
43, 598
94, 598
142, 598
7, 598
271, 598
25, 598
213, 598
17, 598
1, 598
167, 598
174, 598
113, 598
130, 598
91, 598
115, 598
102, 598
250, 598
85, 598
190, 598
92, 598
117, 598
115, 598
71, 598
7, 598
100, 598
441, 598
123, 598
222, 598
67, 598
256, 598
54, 598
334, 598
24, 598
5, 598
693, 693
341, 693
17, 693
438, 693
165, 693
68, 693
79, 693
271, 693
139, 693
162, 693
74, 693
152, 693
17, 693
266, 693
114, 693
307, 693
154, 693
127, 693
17, 693
77, 693
113, 693
86, 693
25, 693
761, 761
136, 761
194, 761
332, 761
317, 761
281, 761
54, 761
16, 761
172, 761
19, 761
81, 761
100, 761
55, 761
203, 761
494, 761
82, 761
44, 761
108, 761
247, 761
254, 761
449, 761
68, 761
80, 761
96, 761
7, 761
207, 761
3, 761
571, 761
43, 761
5, 761
88, 761
1034, 1034
6, 1034
19, 1034
131, 1034
539, 1034
130, 1034
282, 1034
31, 1034
317, 1034
52, 1034
205, 1034
178, 1034
621, 1034
452, 1034
3, 1034
216, 1034
563, 1034
10, 1034
90, 1034
319, 1034
243, 1034
632, 1034
49, 1034
49, 1034
36, 1034
480, 1034
26, 1034
4, 1034
83, 1034
267, 1034
3, 1034
5, 1034
186, 1034
14, 1034
296, 1034
1234, 1234
90, 1234
91, 1234
49, 1234
361, 1234
280, 1234
42, 1234
240, 1234
214, 1234
141, 1234
114, 1234
67, 1234
307, 1234
350, 1234
154, 1234
120, 1234
360, 1234
165, 1234
22, 1234
108, 1234
484, 1234
12, 1234
625, 1234
503, 1234
93, 1234
102, 1234
34, 1234
270, 1234
158, 1234
89, 1234
188, 1234
169, 1234
153, 1234
46, 1234
37, 1234
147, 1234
144, 1234
204, 1234
544, 1234
185, 1234
570, 1234
3, 1234
205, 1234
80, 1234
601, 1234
72, 1234
421, 1234
122, 1234
89, 1234
327, 1234
60, 1234
3, 1234
33, 1234
163, 1234
208, 1234
213, 1234
212, 1234
74, 1234
569, 1234
50, 1234
398, 1234
8, 1234
57, 1234
345, 1234
52, 1234
108, 1234
3, 1234
127, 1234
479, 1234
22, 1234
142, 1234
177, 1234
126, 1234
344, 1234
38, 1234
102, 1234
329, 1234
465, 1234
657, 1234
34, 1234
382, 1234
303, 1234
354, 1234
238, 1234
43, 1234
377, 1234
32, 1234
29, 1234
624, 1234
56, 1234
188, 1234
42, 1234
200, 1234
236, 1234
131, 1234
150, 1234
208, 1234
213, 1234
177, 1234
176, 1234
312, 1234
300, 1234
131, 1234
204, 1234
72, 1234
234, 1234
150, 1234
876, 1234
17, 1234
606, 1234
10, 1234
748, 1234
45, 1234
2, 1234
312, 1234
22, 1234
31, 1234
8, 1234
151, 1234
596, 1234
405, 1234
6, 1234
370, 1234
49, 1234
26, 1234
22, 1234
813, 1234
100, 1234
147, 1234
67, 1234
12, 1234
179, 1234
15, 1234
270, 1234
276, 1234
12, 1234
83, 1234
15, 1234
150, 1234
74, 1234
441, 1234
172, 1234
249, 1234
119, 1234
240, 1234
425, 1234
68, 1234
299, 1234
64, 1234
170, 1234
72, 1234
88, 1234
2, 1234
84, 1234
156, 1234
170, 1234
114, 1234
16, 1234
158, 1234
273, 1234
253, 1234
38, 1234
147, 1234
134, 1234
21, 1234
135, 1234
143, 1234
73, 1234
609, 1234
284, 1234
52, 1234
47, 1234
338, 1234
129, 1234
269, 1234
1, 1234
107, 1234
229, 1234
290, 1234
3, 1234
737, 1234
2, 1234
4, 1234
206, 1234
15, 1234
29, 1234
65, 1234
112, 1234
80, 1234
73, 1234
478, 1234
122, 1234
20, 1234
368, 1234
420, 1234
8, 1234
10, 1234
360, 1234
38, 1234
125, 1234
512, 1234
26, 1234
228, 1234
1109, 1234
191, 1234
186, 1234
22, 1234
99, 1234
34, 1234
74, 1234
84, 1234
252, 1234
5, 1234
360, 1234
335, 1234
258, 1234
384, 1234
673, 1234
441, 1234
95, 1234
250, 1234
58, 1234
395, 1234
52, 1234
1174, 1234
364, 1234
73, 1234
837, 1234
394, 1234
3, 1234
97, 1234
84, 1234
138, 1234
413, 1234
7, 1234
197, 1234
109, 1234
19, 1234
130, 1234
5, 1234
162, 1234
416, 1234
361, 1234
372, 1234
138, 1234
154, 1234
254, 1234
97, 1234
268, 1234
76, 1234
358, 1234
264, 1234
232, 1234
165, 1234
23, 1234
31, 1234
51, 1234
166, 1234
22, 1234
69, 1234
709, 1234
166, 1234
659, 1234
53, 1234
214, 1234
485, 1234
18, 1234
62, 1234
525, 1234
108, 1234
196, 1234
279, 1234
2, 1234
21, 1234
334, 1234
979, 1234
94, 1234
26, 1234
419, 1234
8, 1234
104, 1234
399, 1234
188, 1234
61, 1234
327, 1234
692, 1234
5, 1234
353, 1234
23, 1234
214, 1234
16, 1234
748, 1234
846, 1234
623, 1234
80, 1234
38, 1234
255, 1234
129, 1234
112, 1234
69, 1234
125, 1234
403, 1234
193, 1234
560, 1234
965, 1234
106, 1234
6, 1234
121, 1234
337, 1234
16, 1234
102, 1234
351, 1234
46, 1234
445, 1234
56, 1234
184, 1234
90, 1234
43, 1234
166, 1234
25, 1234
145, 1234
190, 1234
39, 1234
95, 1234
402, 1234
59, 1234
70, 1234
72, 1234
36, 1234
85, 1234
158, 1234
146, 1234
309, 1234
121, 1234
284, 1234
7, 1234
133, 1234
64, 1234
490, 1234
47, 1234
8, 1234
17, 1234
298, 1234
29, 1234
158, 1234
103, 1234
98, 1234
499, 1234
367, 1234
94, 1234
104, 1234
934, 1234
96, 1234
181, 1234
567, 1234
545, 1234
112, 1234
725, 1234
271, 1234
1716, 1716
1112, 1716
16, 1716
2, 1716
120, 1716
151, 1716
27, 1716
155, 1716
1472, 1716
280, 1716
111, 1716
442, 1716
280, 1716
91, 1716
180, 1716
801, 1716
416, 1716
433, 1716
558, 1716
225, 1716
224, 1716
333, 1716
97, 1716
33, 1716
207, 1716
746, 1716
306, 1716
562, 1716
490, 1716
101, 1716
447, 1716
8, 1716
301, 1716
112, 1716
79, 1716
16, 1716
224, 1716
286, 1716
425, 1716
40, 1716
563, 1716
81, 1716
739, 1716
181, 1716
166, 1716
606, 1716
97, 1716
104, 1716
44, 1716
223, 1716
192, 1716
314, 1716
31, 1716
2, 1716
712, 1716
29, 1716
655, 1716
580, 1716
554, 1716
389, 1716
623, 1716
140, 1716
27, 1716
630, 1716
290, 1716
559, 1716
193, 1716
79, 1716
205, 1716
349, 1716
734, 1716
261, 1716
57, 1716
343, 1716
401, 1716
153, 1716
480, 1716
349, 1716
2, 1716
513, 1716
253, 1716
869, 1716
351, 1716
272, 1716
46, 1716
37, 1716
470, 1716
119, 1716
214, 1716
264, 1716
21, 1716
93, 1716
131, 1716
74, 1716
206, 1716
198, 1716
26, 1716
140, 1716
248, 1716
1943, 1943
923, 1943
27, 1943
435, 1943
389, 1943
84, 1943
1062, 1943
14, 1943
109, 1943
383, 1943
10, 1943
121, 1943
527, 1943
501, 1943
85, 1943
4, 1943
295, 1943
55, 1943
405, 1943
234, 1943
678, 1943
22, 1943
70, 1943
199, 1943
50, 1943
577, 1943
230, 1943
823, 1943
32, 1943
96, 1943
52, 1943
1393, 1943
284, 1943
349, 1943
112, 1943
545, 1943
165, 1943
381, 1943
289, 1943
1720, 1943
274, 1943
665, 1943
589, 1943
290, 1943
732, 1943
558, 1943
538, 1943
500, 1943
78, 1943
675, 1943
136, 1943
791, 1943
1, 1943
115, 1943
65, 1943
96, 1943
149, 1943
179, 1943
364, 1943
35, 1943
161, 1943
228, 1943
155, 1943
535, 1943
814, 1943
1298, 1943
10, 1943
1325, 1943
470, 1943
174, 1943
299, 1943
312, 1943
28, 1943
208, 1943
1268, 1943
869, 1943
133, 1943
223, 1943
413, 1943
27, 1943
247, 1943
382, 1943
268, 1943
53, 1943
390, 1943
347, 1943
56, 1943
191, 1943
400, 1943
90, 1943
451, 1943
885, 1943
70, 1943
55, 1943
290, 1943
374, 1943
724, 1943
430, 1943
435, 1943
1053, 1943
45, 1943
568, 1943
40, 1943
55, 1943
152, 1943
793, 1943
239, 1943
651, 1943
80, 1943
988, 1943
117, 1943
202, 1943
82, 1943
176, 1943
896, 1943
300, 1943
43, 1943
91, 1943
64, 1943
952, 1943
231, 1943
306, 1943
54, 1943
188, 1943
241, 1943
106, 1943
861, 1943
30, 1943
32, 1943
254, 1943
32, 1943
1, 1943
17, 1943
124, 1943
310, 1943
168, 1943
60, 1943
1638, 1943
124, 1943
92, 1943
14, 1943
364, 1943
106, 1943
118, 1943
429, 1943
270, 1943
5, 1943
897, 1943
469, 1943
530, 1943
620, 1943
74, 1943
290, 1943
291, 1943
689, 1943
572, 1943
199, 1943
3, 1943
125, 1943
235, 1943
720, 1943
414, 1943
177, 1943
1182, 1943
51, 1943
994, 1943
190, 1943
49, 1943
1718, 1943
355, 1943
589, 1943
558, 1943
1246, 1943
356, 1943
1, 1943
47, 1943
1579, 1943
127, 1943
580, 1943
231, 1943
132, 1943
194, 1943
39, 1943
1169, 1943
48, 1943
743, 1943
644, 1943
485, 1943
190, 1943
121, 1943
1001, 1943
308, 1943
1026, 1943
74, 1943
187, 1943
557, 1943
247, 1943
115, 1943
704, 1943
1110, 1943
553, 1943
24, 1943
71, 1943
1247, 1943
14, 1943
997, 1943
425, 1943
505, 1943
596, 1943
757, 1943
481, 1943
678, 1943
376, 1943
428, 1943
760, 1943
382, 1943
538, 1943
186, 1943
39, 1943
286, 1943
358, 1943
157, 1943
545, 1943
471, 1943
143, 1943
1098, 1943
194, 1943
312, 1943
88, 1943
163, 1943
112, 1943
639, 1943
63, 1943
610, 1943
461, 1943
203, 1943
256, 1943
465, 1943
512, 1943
588, 1943
419, 1943
297, 1943
559, 1943
509, 1943
1186, 1943
385, 1943
276, 1943
1153, 1943
489, 1943
603, 1943
362, 1943
1392, 1943
43, 1943
