#Algorithm: Qlearning, Speed: 1, Boost: 4, PM: False, Env size: (20, 20), Car size: (5, 4),
#Counter: 1000000000, Nsteps: 10000000, Gamma: 1, LearnRate: 0.01, Eps: 0.5, Epsdecay: 0.9
1, 1
1, 1
0, 1
1, 1
2, 2
0, 2
2, 2
0, 2
2, 2
5, 5
9, 9
0, 9
15, 15
3, 15
7, 15
4, 15
1, 15
1, 15
8, 15
4, 15
0, 15
4, 15
4, 15
6, 15
16, 16
6, 16
2, 16
2, 16
20, 20
9, 20
5, 20
5, 20
5, 20
2, 20
7, 20
6, 20
0, 20
7, 20
6, 20
26, 26
12, 26
14, 26
2, 26
11, 26
0, 26
12, 26
16, 26
0, 26
56, 56
35, 56
1, 56
6, 56
18, 56
1, 56
6, 56
6, 56
0, 56
7, 56
8, 56
7, 56
21, 56
5, 56
1, 56
5, 56
7, 56
4, 56
1, 56
7, 56
0, 56
3, 56
10, 56
3, 56
8, 56
10, 56
2, 56
7, 56
2, 56
9, 56
26, 56
4, 56
1, 56
8, 56
13, 56
17, 56
4, 56
2, 56
35, 56
2, 56
26, 56
16, 56
8, 56
18, 56
2, 56
4, 56
2, 56
16, 56
20, 56
11, 56
16, 56
2, 56
1, 56
5, 56
17, 56
1, 56
1, 56
11, 56
1, 56
0, 56
8, 56
3, 56
25, 56
4, 56
7, 56
4, 56
8, 56
1, 56
6, 56
6, 56
1, 56
6, 56
20, 56
7, 56
16, 56
18, 56
28, 56
15, 56
0, 56
2, 56
3, 56
0, 56
8, 56
10, 56
19, 56
0, 56
17, 56
11, 56
29, 56
3, 56
11, 56
3, 56
2, 56
1, 56
21, 56
17, 56
3, 56
3, 56
12, 56
26, 56
13, 56
2, 56
4, 56
13, 56
10, 56
0, 56
27, 56
8, 56
3, 56
13, 56
7, 56
4, 56
14, 56
42, 56
24, 56
9, 56
5, 56
27, 56
15, 56
3, 56
23, 56
4, 56
27, 56
0, 56
18, 56
4, 56
21, 56
2, 56
24, 56
21, 56
27, 56
0, 56
11, 56
14, 56
1, 56
3, 56
3, 56
18, 56
8, 56
8, 56
2, 56
14, 56
10, 56
28, 56
14, 56
11, 56
4, 56
10, 56
13, 56
7, 56
10, 56
1, 56
47, 56
32, 56
6, 56
31, 56
3, 56
51, 56
0, 56
39, 56
46, 56
3, 56
15, 56
5, 56
17, 56
8, 56
8, 56
5, 56
19, 56
2, 56
43, 56
31, 56
11, 56
11, 56
0, 56
23, 56
11, 56
9, 56
0, 56
9, 56
90, 90
15, 90
15, 90
19, 90
39, 90
0, 90
4, 90
72, 90
5, 90
21, 90
9, 90
4, 90
5, 90
0, 90
123, 123
18, 123
15, 123
6, 123
53, 123
80, 123
2, 123
19, 123
6, 123
36, 123
44, 123
25, 123
28, 123
5, 123
30, 123
30, 123
30, 123
8, 123
16, 123
108, 123
27, 123
20, 123
12, 123
2, 123
20, 123
23, 123
26, 123
0, 123
4, 123
71, 123
60, 123
9, 123
19, 123
15, 123
8, 123
38, 123
32, 123
1, 123
81, 123
14, 123
22, 123
14, 123
3, 123
11, 123
7, 123
25, 123
20, 123
20, 123
0, 123
7, 123
49, 123
1, 123
8, 123
31, 123
4, 123
14, 123
23, 123
14, 123
7, 123
14, 123
11, 123
14, 123
29, 123
27, 123
49, 123
2, 123
16, 123
3, 123
39, 123
42, 123
7, 123
85, 123
0, 123
34, 123
11, 123
15, 123
52, 123
1, 123
1, 123
22, 123
5, 123
5, 123
0, 123
31, 123
18, 123
4, 123
0, 123
7, 123
45, 123
9, 123
7, 123
12, 123
2, 123
1, 123
70, 123
32, 123
11, 123
24, 123
24, 123
19, 123
49, 123
11, 123
32, 123
24, 123
22, 123
6, 123
46, 123
4, 123
37, 123
9, 123
16, 123
36, 123
53, 123
72, 123
19, 123
53, 123
12, 123
55, 123
5, 123
41, 123
3, 123
2, 123
19, 123
14, 123
3, 123
5, 123
6, 123
6, 123
34, 123
10, 123
2, 123
8, 123
0, 123
14, 123
38, 123
20, 123
0, 123
12, 123
14, 123
10, 123
3, 123
9, 123
10, 123
45, 123
25, 123
13, 123
7, 123
11, 123
28, 123
23, 123
19, 123
35, 123
68, 123
22, 123
15, 123
0, 123
33, 123
5, 123
2, 123
11, 123
7, 123
27, 123
40, 123
15, 123
44, 123
6, 123
16, 123
33, 123
16, 123
2, 123
28, 123
9, 123
11, 123
25, 123
4, 123
40, 123
23, 123
13, 123
25, 123
24, 123
7, 123
13, 123
4, 123
54, 123
5, 123
0, 123
31, 123
34, 123
7, 123
20, 123
16, 123
2, 123
34, 123
63, 123
7, 123
15, 123
17, 123
15, 123
15, 123
65, 123
30, 123
65, 123
21, 123
14, 123
28, 123
13, 123
11, 123
17, 123
82, 123
2, 123
28, 123
6, 123
6, 123
12, 123
38, 123
22, 123
50, 123
2, 123
15, 123
18, 123
4, 123
7, 123
56, 123
34, 123
8, 123
17, 123
44, 123
113, 123
53, 123
4, 123
90, 123
7, 123
59, 123
35, 123
6, 123
66, 123
16, 123
41, 123
0, 123
7, 123
55, 123
79, 123
18, 123
35, 123
6, 123
45, 123
17, 123
16, 123
20, 123
5, 123
71, 123
2, 123
11, 123
34, 123
72, 123
39, 123
75, 123
67, 123
28, 123
19, 123
114, 123
79, 123
63, 123
39, 123
49, 123
24, 123
1, 123
9, 123
9, 123
17, 123
26, 123
3, 123
14, 123
22, 123
146, 146
34, 146
26, 146
5, 146
4, 146
24, 146
12, 146
89, 146
54, 146
4, 146
20, 146
30, 146
64, 146
23, 146
11, 146
46, 146
47, 146
0, 146
17, 146
10, 146
69, 146
42, 146
54, 146
13, 146
31, 146
4, 146
0, 146
27, 146
91, 146
124, 146
39, 146
22, 146
57, 146
14, 146
49, 146
4, 146
11, 146
12, 146
86, 146
41, 146
4, 146
100, 146
30, 146
15, 146
7, 146
40, 146
10, 146
8, 146
33, 146
5, 146
5, 146
45, 146
14, 146
85, 146
67, 146
20, 146
5, 146
105, 146
1, 146
6, 146
52, 146
90, 146
3, 146
52, 146
5, 146
0, 146
10, 146
40, 146
9, 146
48, 146
38, 146
3, 146
5, 146
14, 146
107, 146
32, 146
0, 146
23, 146
20, 146
0, 146
30, 146
12, 146
33, 146
25, 146
78, 146
96, 146
8, 146
18, 146
16, 146
1, 146
7, 146
11, 146
26, 146
31, 146
26, 146
43, 146
8, 146
68, 146
51, 146
77, 146
7, 146
21, 146
15, 146
85, 146
6, 146
15, 146
58, 146
14, 146
101, 146
47, 146
13, 146
3, 146
17, 146
11, 146
11, 146
8, 146
14, 146
10, 146
22, 146
2, 146
37, 146
12, 146
64, 146
11, 146
95, 146
7, 146
14, 146
11, 146
32, 146
23, 146
21, 146
49, 146
42, 146
18, 146
42, 146
70, 146
22, 146
77, 146
33, 146
39, 146
106, 146
101, 146
7, 146
33, 146
15, 146
50, 146
38, 146
6, 146
49, 146
107, 146
0, 146
7, 146
89, 146
17, 146
7, 146
50, 146
81, 146
56, 146
39, 146
53, 146
11, 146
27, 146
23, 146
29, 146
24, 146
3, 146
13, 146
41, 146
94, 146
63, 146
31, 146
195, 195
227, 227
11, 227
126, 227
43, 227
70, 227
10, 227
126, 227
24, 227
67, 227
45, 227
70, 227
69, 227
13, 227
7, 227
90, 227
54, 227
59, 227
52, 227
60, 227
16, 227
2, 227
81, 227
3, 227
15, 227
21, 227
25, 227
23, 227
13, 227
64, 227
19, 227
17, 227
92, 227
5, 227
13, 227
25, 227
44, 227
28, 227
50, 227
7, 227
109, 227
36, 227
134, 227
42, 227
72, 227
29, 227
60, 227
18, 227
138, 227
38, 227
14, 227
53, 227
83, 227
4, 227
62, 227
9, 227
87, 227
75, 227
11, 227
76, 227
9, 227
33, 227
28, 227
25, 227
10, 227
14, 227
40, 227
25, 227
56, 227
6, 227
56, 227
145, 227
3, 227
104, 227
24, 227
77, 227
23, 227
73, 227
102, 227
89, 227
56, 227
38, 227
52, 227
61, 227
12, 227
44, 227
85, 227
26, 227
62, 227
52, 227
28, 227
125, 227
26, 227
43, 227
90, 227
25, 227
32, 227
102, 227
216, 227
75, 227
2, 227
209, 227
15, 227
35, 227
85, 227
31, 227
20, 227
86, 227
2, 227
8, 227
92, 227
35, 227
56, 227
43, 227
9, 227
65, 227
60, 227
89, 227
163, 227
10, 227
128, 227
13, 227
22, 227
15, 227
106, 227
105, 227
130, 227
134, 227
12, 227
27, 227
343, 343
27, 343
257, 343
46, 343
175, 343
188, 343
363, 363
26, 363
8, 363
109, 363
54, 363
54, 363
145, 363
194, 363
97, 363
22, 363
293, 363
141, 363
66, 363
4, 363
102, 363
119, 363
23, 363
51, 363
48, 363
16, 363
214, 363
51, 363
270, 363
7, 363
248, 363
32, 363
183, 363
7, 363
120, 363
137, 363
148, 363
23, 363
61, 363
110, 363
5, 363
65, 363
156, 363
57, 363
310, 363
74, 363
13, 363
118, 363
463, 463
39, 463
201, 463
137, 463
55, 463
45, 463
206, 463
330, 463
106, 463
26, 463
76, 463
65, 463
288, 463
609, 609
208, 609
26, 609
99, 609
75, 609
71, 609
10, 609
185, 609
14, 609
98, 609
374, 609
69, 609
54, 609
148, 609
56, 609
12, 609
321, 609
8, 609
172, 609
177, 609
2, 609
1150, 1150
194, 1150
177, 1150
26, 1150
353, 1150
168, 1150
283, 1150
103, 1150
71, 1150
104, 1150
41, 1150
371, 1150
11, 1150
154, 1150
207, 1150
176, 1150
39, 1150
13, 1150
30, 1150
27, 1150
135, 1150
7, 1150
73, 1150
72, 1150
375, 1150
136, 1150
182, 1150
106, 1150
73, 1150
49, 1150
53, 1150
76, 1150
93, 1150
45, 1150
62, 1150
127, 1150
207, 1150
19, 1150
52, 1150
199, 1150
123, 1150
80, 1150
260, 1150
66, 1150
99, 1150
31, 1150
59, 1150
589, 1150
50, 1150
173, 1150
191, 1150
87, 1150
12, 1150
540, 1150
176, 1150
230, 1150
137, 1150
506, 1150
135, 1150
580, 1150
197, 1150
21, 1150
217, 1150
243, 1150
70, 1150
140, 1150
28, 1150
383, 1150
143, 1150
219, 1150
185, 1150
103, 1150
17, 1150
58, 1150
37, 1150
29, 1150
350, 1150
139, 1150
329, 1150
519, 1150
214, 1150
43, 1150
116, 1150
411, 1150
74, 1150
86, 1150
140, 1150
80, 1150
128, 1150
193, 1150
410, 1150
587, 1150
34, 1150
62, 1150
30, 1150
91, 1150
51, 1150
39, 1150
481, 1150
25, 1150
95, 1150
37, 1150
623, 1150
69, 1150
395, 1150
137, 1150
661, 1150
11, 1150
566, 1150
45, 1150
379, 1150
40, 1150
37, 1150
7, 1150
73, 1150
16, 1150
42, 1150
48, 1150
164, 1150
196, 1150
272, 1150
55, 1150
598, 1150
170, 1150
24, 1150
136, 1150
96, 1150
15, 1150
96, 1150
152, 1150
122, 1150
41, 1150
135, 1150
89, 1150
80, 1150
154, 1150
605, 1150
174, 1150
235, 1150
244, 1150
9, 1150
262, 1150
127, 1150
57, 1150
24, 1150
192, 1150
254, 1150
28, 1150
420, 1150
32, 1150
445, 1150
91, 1150
220, 1150
37, 1150
248, 1150
647, 1150
49, 1150
38, 1150
158, 1150
60, 1150
747, 1150
264, 1150
7, 1150
43, 1150
55, 1150
40, 1150
243, 1150
405, 1150
516, 1150
166, 1150
99, 1150
216, 1150
225, 1150
123, 1150
228, 1150
33, 1150
104, 1150
70, 1150
246, 1150
143, 1150
63, 1150
286, 1150
148, 1150
153, 1150
35, 1150
23, 1150
120, 1150
136, 1150
54, 1150
77, 1150
34, 1150
45, 1150
197, 1150
85, 1150
685, 1150
276, 1150
54, 1150
9, 1150
30, 1150
122, 1150
36, 1150
139, 1150
226, 1150
59, 1150
263, 1150
308, 1150
46, 1150
318, 1150
456, 1150
640, 1150
113, 1150
187, 1150
188, 1150
58, 1150
82, 1150
573, 1150
202, 1150
494, 1150
520, 1150
426, 1150
226, 1150
67, 1150
166, 1150
86, 1150
133, 1150
402, 1150
248, 1150
307, 1150
115, 1150
642, 1150
144, 1150
122, 1150
56, 1150
514, 1150
191, 1150
200, 1150
291, 1150
82, 1150
163, 1150
711, 1150
179, 1150
123, 1150
407, 1150
108, 1150
36, 1150
59, 1150
44, 1150
102, 1150
200, 1150
565, 1150
121, 1150
554, 1150
196, 1150
43, 1150
202, 1150
82, 1150
384, 1150
470, 1150
172, 1150
162, 1150
47, 1150
166, 1150
248, 1150
750, 1150
146, 1150
165, 1150
742, 1150
10, 1150
328, 1150
66, 1150
43, 1150
196, 1150
359, 1150
60, 1150
779, 1150
38, 1150
309, 1150
249, 1150
105, 1150
365, 1150
63, 1150
677, 1150
62, 1150
418, 1150
84, 1150
185, 1150
35, 1150
187, 1150
187, 1150
1402, 1402
318, 1402
518, 1402
309, 1402
564, 1402
176, 1402
472, 1402
397, 1402
106, 1402
227, 1402
259, 1402
33, 1402
36, 1402
16, 1402
9, 1402
22, 1402
60, 1402
25, 1402
44, 1402
38, 1402
22, 1402
103, 1402
39, 1402
13, 1402
112, 1402
27, 1402
165, 1402
233, 1402
109, 1402
37, 1402
382, 1402
7, 1402
35, 1402
22, 1402
262, 1402
40, 1402
25, 1402
124, 1402
37, 1402
67, 1402
50, 1402
63, 1402
75, 1402
42, 1402
43, 1402
12, 1402
40, 1402
60, 1402
32, 1402
15, 1402
15, 1402
63, 1402
158, 1402
93, 1402
100, 1402
139, 1402
138, 1402
7, 1402
43, 1402
206, 1402
45, 1402
139, 1402
392, 1402
16, 1402
419, 1402
258, 1402
66, 1402
264, 1402
115, 1402
173, 1402
122, 1402
516, 1402
46, 1402
309, 1402
74, 1402
21, 1402
401, 1402
67, 1402
16, 1402
108, 1402
100, 1402
519, 1402
180, 1402
161, 1402
109, 1402
87, 1402
81, 1402
77, 1402
7, 1402
86, 1402
50, 1402
266, 1402
310, 1402
17, 1402
153, 1402
53, 1402
101, 1402
99, 1402
143, 1402
263, 1402
749, 1402
261, 1402
320, 1402
225, 1402
14, 1402
18, 1402
30, 1402
177, 1402
122, 1402
33, 1402
448, 1402
653, 1402
142, 1402
9, 1402
480, 1402
196, 1402
27, 1402
333, 1402
15, 1402
47, 1402
293, 1402
262, 1402
51, 1402
101, 1402
62, 1402
279, 1402
251, 1402
392, 1402
65, 1402
29, 1402
141, 1402
279, 1402
107, 1402
114, 1402
27, 1402
8, 1402
268, 1402
217, 1402
338, 1402
73, 1402
161, 1402
11, 1402
133, 1402
142, 1402
233, 1402
83, 1402
109, 1402
233, 1402
121, 1402
194, 1402
391, 1402
35, 1402
700, 1402
85, 1402
289, 1402
63, 1402
153, 1402
51, 1402
17, 1402
11, 1402
332, 1402
341, 1402
140, 1402
21, 1402
135, 1402
255, 1402
29, 1402
237, 1402
271, 1402
36, 1402
1173, 1402
184, 1402
264, 1402
31, 1402
578, 1402
67, 1402
135, 1402
108, 1402
411, 1402
275, 1402
154, 1402
19, 1402
47, 1402
379, 1402
299, 1402
138, 1402
116, 1402
305, 1402
7, 1402
182, 1402
40, 1402
648, 1402
108, 1402
589, 1402
343, 1402
234, 1402
63, 1402
23, 1402
1128, 1402
27, 1402
44, 1402
124, 1402
91, 1402
42, 1402
213, 1402
200, 1402
125, 1402
35, 1402
58, 1402
65, 1402
253, 1402
329, 1402
379, 1402
1186, 1402
520, 1402
63, 1402
69, 1402
128, 1402
310, 1402
346, 1402
70, 1402
313, 1402
295, 1402
541, 1402
278, 1402
75, 1402
164, 1402
69, 1402
273, 1402
236, 1402
66, 1402
103, 1402
61, 1402
145, 1402
149, 1402
7, 1402
335, 1402
152, 1402
187, 1402
140, 1402
182, 1402
614, 1402
26, 1402
749, 1402
363, 1402
220, 1402
477, 1402
344, 1402
57, 1402
145, 1402
372, 1402
180, 1402
123, 1402
27, 1402
135, 1402
1, 1402
15, 1402
59, 1402
306, 1402
384, 1402
41, 1402
129, 1402
79, 1402
191, 1402
1215, 1402
22, 1402
112, 1402
10, 1402
111, 1402
164, 1402
416, 1402
402, 1402
308, 1402
385, 1402
744, 1402
630, 1402
236, 1402
343, 1402
55, 1402
118, 1402
122, 1402
601, 1402
98, 1402
419, 1402
240, 1402
270, 1402
245, 1402
585, 1402
421, 1402
120, 1402
131, 1402
88, 1402
338, 1402
412, 1402
193, 1402
179, 1402
682, 1402
248, 1402
173, 1402
16, 1402
63, 1402
708, 1402
957, 1402
16, 1402
21, 1402
391, 1402
841, 1402
83, 1402
162, 1402
20, 1402
120, 1402
397, 1402
23, 1402
160, 1402
76, 1402
621, 1402
41, 1402
145, 1402
129, 1402
512, 1402
236, 1402
223, 1402
169, 1402
549, 1402
251, 1402
315, 1402
136, 1402
423, 1402
486, 1402
514, 1402
472, 1402
272, 1402
386, 1402
102, 1402
25, 1402
4, 1402
13, 1402
44, 1402
17, 1402
217, 1402
461, 1402
368, 1402
415, 1402
21, 1402
79, 1402
53, 1402
273, 1402
187, 1402
469, 1402
265, 1402
333, 1402
176, 1402
658, 1402
410, 1402
185, 1402
51, 1402
61, 1402
283, 1402
64, 1402
14, 1402
240, 1402
278, 1402
39, 1402
369, 1402
645, 1402
126, 1402
625, 1402
23, 1402
582, 1402
366, 1402
75, 1402
37, 1402
145, 1402
76, 1402
246, 1402
32, 1402
202, 1402
37, 1402
35, 1402
78, 1402
164, 1402
69, 1402
1, 1402
81, 1402
25, 1402
158, 1402
163, 1402
62, 1402
115, 1402
144, 1402
16, 1402
58, 1402
1, 1402
13, 1402
95, 1402
21, 1402
81, 1402
233, 1402
112, 1402
238, 1402
538, 1402
336, 1402
9, 1402
53, 1402
72, 1402
391, 1402
470, 1402
89, 1402
210, 1402
16, 1402
170, 1402
10, 1402
15, 1402
79, 1402
39, 1402
167, 1402
35, 1402
51, 1402
45, 1402
54, 1402
107, 1402
72, 1402
16, 1402
2, 1402
39, 1402
31, 1402
140, 1402
515, 1402
47, 1402
255, 1402
42, 1402
330, 1402
60, 1402
3, 1402
179, 1402
37, 1402
217, 1402
9, 1402
671, 1402
19, 1402
26, 1402
91, 1402
48, 1402
90, 1402
250, 1402
136, 1402
15, 1402
125, 1402
0, 1402
20, 1402
23, 1402
429, 1402
392, 1402
316, 1402
504, 1402
312, 1402
113, 1402
67, 1402
759, 1402
73, 1402
140, 1402
461, 1402
85, 1402
125, 1402
243, 1402
171, 1402
798, 1402
116, 1402
266, 1402
90, 1402
34, 1402
720, 1402
100, 1402
22, 1402
303, 1402
74, 1402
454, 1402
137, 1402
419, 1402
26, 1402
152, 1402
82, 1402
354, 1402
92, 1402
535, 1402
715, 1402
39, 1402
273, 1402
129, 1402
71, 1402
17, 1402
157, 1402
956, 1402
41, 1402
375, 1402
213, 1402
19, 1402
155, 1402
182, 1402
86, 1402
955, 1402
280, 1402
488, 1402
110, 1402
81, 1402
436, 1402
111, 1402
131, 1402
363, 1402
331, 1402
246, 1402
245, 1402
270, 1402
154, 1402
97, 1402
47, 1402
1234, 1402
155, 1402
507, 1402
186, 1402
317, 1402
139, 1402
198, 1402
233, 1402
208, 1402
649, 1402
346, 1402
855, 1402
165, 1402
261, 1402
15, 1402
208, 1402
517, 1402
452, 1402
394, 1402
39, 1402
527, 1402
223, 1402
298, 1402
989, 1402
161, 1402
49, 1402
119, 1402
201, 1402
336, 1402
370, 1402
682, 1402
204, 1402
13, 1402
77, 1402
253, 1402
36, 1402
226, 1402
21, 1402
21, 1402
327, 1402
400, 1402
666, 1402
337, 1402
11, 1402
357, 1402
467, 1402
42, 1402
233, 1402
79, 1402
54, 1402
172, 1402
563, 1402
668, 1402
144, 1402
1119, 1402
76, 1402
31, 1402
623, 1402
584, 1402
62, 1402
157, 1402
29, 1402
397, 1402
316, 1402
168, 1402
208, 1402
133, 1402
185, 1402
413, 1402
95, 1402
241, 1402
141, 1402
155, 1402
476, 1402
493, 1402
7, 1402
41, 1402
149, 1402
483, 1402
7, 1402
312, 1402
197, 1402
863, 1402
46, 1402
734, 1402
51, 1402
901, 1402
390, 1402
54, 1402
967, 1402
288, 1402
354, 1402
37, 1402
574, 1402
20, 1402
141, 1402
322, 1402
7, 1402
308, 1402
748, 1402
110, 1402
515, 1402
125, 1402
325, 1402
602, 1402
273, 1402
2, 1402
372, 1402
93, 1402
238, 1402
797, 1402
53, 1402
299, 1402
764, 1402
24, 1402
59, 1402
311, 1402
29, 1402
302, 1402
26, 1402
11, 1402
41, 1402
336, 1402
105, 1402
845, 1402
416, 1402
29, 1402
338, 1402
220, 1402
507, 1402
135, 1402
12, 1402
10, 1402
299, 1402
75, 1402
17, 1402
38, 1402
90, 1402
137, 1402
140, 1402
104, 1402
144, 1402
292, 1402
516, 1402
431, 1402
184, 1402
355, 1402
70, 1402
340, 1402
64, 1402
371, 1402
223, 1402
100, 1402
56, 1402
98, 1402
36, 1402
88, 1402
79, 1402
107, 1402
181, 1402
60, 1402
165, 1402
150, 1402
103, 1402
37, 1402
134, 1402
23, 1402
9, 1402
100, 1402
291, 1402
47, 1402
324, 1402
225, 1402
7, 1402
47, 1402
67, 1402
204, 1402
46, 1402
460, 1402
49, 1402
124, 1402
138, 1402
42, 1402
215, 1402
760, 1402
433, 1402
112, 1402
395, 1402
74, 1402
64, 1402
569, 1402
84, 1402
51, 1402
481, 1402
137, 1402
49, 1402
137, 1402
135, 1402
229, 1402
237, 1402
190, 1402
100, 1402
29, 1402
542, 1402
278, 1402
31, 1402
268, 1402
353, 1402
1171, 1402
204, 1402
138, 1402
139, 1402
23, 1402
110, 1402
108, 1402
114, 1402
83, 1402
121, 1402
148, 1402
183, 1402
685, 1402
32, 1402
222, 1402
155, 1402
369, 1402
87, 1402
220, 1402
295, 1402
224, 1402
132, 1402
28, 1402
144, 1402
63, 1402
24, 1402
109, 1402
266, 1402
97, 1402
373, 1402
19, 1402
301, 1402
31, 1402
429, 1402
757, 1402
210, 1402
42, 1402
14, 1402
21, 1402
88, 1402
91, 1402
34, 1402
60, 1402
99, 1402
244, 1402
461, 1402
493, 1402
386, 1402
401, 1402
92, 1402
433, 1402
43, 1402
76, 1402
300, 1402
533, 1402
154, 1402
18, 1402
725, 1402
723, 1402
94, 1402
242, 1402
37, 1402
219, 1402
15, 1402
157, 1402
687, 1402
77, 1402
102, 1402
275, 1402
21, 1402
29, 1402
121, 1402
23, 1402
709, 1402
38, 1402
521, 1402
105, 1402
76, 1402
663, 1402
201, 1402
214, 1402
243, 1402
199, 1402
262, 1402
210, 1402
20, 1402
62, 1402
135, 1402
1417, 1417
233, 1417
534, 1417
391, 1417
534, 1417
259, 1417
679, 1417
129, 1417
93, 1417
1849, 1849
134, 1849
65, 1849
98, 1849
12, 1849
463, 1849
326, 1849
55, 1849
108, 1849
28, 1849
524, 1849
117, 1849
648, 1849
523, 1849
719, 1849
303, 1849
11, 1849
317, 1849
276, 1849
233, 1849
181, 1849
232, 1849
95, 1849
320, 1849
119, 1849
46, 1849
255, 1849
67, 1849
227, 1849
69, 1849
376, 1849
26, 1849
290, 1849
319, 1849
29, 1849
24, 1849
71, 1849
91, 1849
203, 1849
110, 1849
140, 1849
296, 1849
317, 1849
191, 1849
111, 1849
466, 1849
535, 1849
515, 1849
285, 1849
1445, 1849
19, 1849
129, 1849
335, 1849
64, 1849
120, 1849
498, 1849
500, 1849
80, 1849
513, 1849
762, 1849
501, 1849
187, 1849
139, 1849
377, 1849
338, 1849
237, 1849
264, 1849
788, 1849
27, 1849
178, 1849
49, 1849
105, 1849
146, 1849
76, 1849
329, 1849
418, 1849
175, 1849
127, 1849
466, 1849
454, 1849
105, 1849
334, 1849
68, 1849
210, 1849
211, 1849
404, 1849
350, 1849
117, 1849
360, 1849
178, 1849
276, 1849
97, 1849
597, 1849
186, 1849
233, 1849
345, 1849
355, 1849
30, 1849
56, 1849
75, 1849
13, 1849
201, 1849
576, 1849
157, 1849
421, 1849
86, 1849
288, 1849
100, 1849
129, 1849
107, 1849
43, 1849
701, 1849
669, 1849
321, 1849
486, 1849
770, 1849
68, 1849
50, 1849
79, 1849
268, 1849
110, 1849
1017, 1849
648, 1849
130, 1849
243, 1849
217, 1849
213, 1849
506, 1849
194, 1849
149, 1849
32, 1849
837, 1849
698, 1849
817, 1849
16, 1849
589, 1849
336, 1849
94, 1849
456, 1849
668, 1849
323, 1849
23, 1849
911, 1849
167, 1849
289, 1849
490, 1849
732, 1849
208, 1849
49, 1849
68, 1849
60, 1849
12, 1849
430, 1849
492, 1849
55, 1849
159, 1849
353, 1849
59, 1849
201, 1849
93, 1849
338, 1849
274, 1849
358, 1849
39, 1849
48, 1849
16, 1849
106, 1849
310, 1849
83, 1849
177, 1849
739, 1849
151, 1849
180, 1849
220, 1849
18, 1849
466, 1849
384, 1849
236, 1849
711, 1849
327, 1849
469, 1849
50, 1849
1439, 1849
174, 1849
377, 1849
46, 1849
388, 1849
61, 1849
1301, 1849
121, 1849
309, 1849
23, 1849
216, 1849
166, 1849
249, 1849
304, 1849
38, 1849
247, 1849
285, 1849
1000, 1849
28, 1849
233, 1849
199, 1849
587, 1849
124, 1849
267, 1849
615, 1849
125, 1849
432, 1849
329, 1849
282, 1849
93, 1849
12, 1849
106, 1849
378, 1849
47, 1849
128, 1849
238, 1849
329, 1849
81, 1849
66, 1849
180, 1849
201, 1849
168, 1849
62, 1849
49, 1849
11, 1849
23, 1849
43, 1849
272, 1849
271, 1849
82, 1849
365, 1849
3, 1849
53, 1849
81, 1849
283, 1849
34, 1849
157, 1849
261, 1849
5, 1849
119, 1849
29, 1849
183, 1849
95, 1849
292, 1849
201, 1849
21, 1849
341, 1849
153, 1849
191, 1849
150, 1849
228, 1849
120, 1849
147, 1849
256, 1849
155, 1849
160, 1849
256, 1849
394, 1849
240, 1849
256, 1849
7, 1849
249, 1849
60, 1849
301, 1849
487, 1849
232, 1849
128, 1849
398, 1849
194, 1849
50, 1849
439, 1849
176, 1849
359, 1849
182, 1849
576, 1849
343, 1849
318, 1849
423, 1849
247, 1849
290, 1849
285, 1849
23, 1849
183, 1849
622, 1849
81, 1849
641, 1849
280, 1849
1272, 1849
159, 1849
557, 1849
77, 1849
268, 1849
664, 1849
9, 1849
381, 1849
186, 1849
544, 1849
151, 1849
5, 1849
744, 1849
95, 1849
15, 1849
118, 1849
248, 1849
363, 1849
418, 1849
734, 1849
181, 1849
300, 1849
514, 1849
468, 1849
456, 1849
685, 1849
117, 1849
603, 1849
196, 1849
196, 1849
319, 1849
296, 1849
206, 1849
384, 1849
443, 1849
585, 1849
130, 1849
257, 1849
632, 1849
84, 1849
9, 1849
358, 1849
1311, 1849
48, 1849
17, 1849
125, 1849
136, 1849
89, 1849
385, 1849
202, 1849
64, 1849
386, 1849
219, 1849
279, 1849
370, 1849
165, 1849
12, 1849
256, 1849
53, 1849
352, 1849
3, 1849
1200, 1849
208, 1849
43, 1849
713, 1849
28, 1849
117, 1849
88, 1849
58, 1849
113, 1849
176, 1849
29, 1849
304, 1849
152, 1849
21, 1849
274, 1849
13, 1849
52, 1849
38, 1849
228, 1849
238, 1849
399, 1849
103, 1849
74, 1849
241, 1849
121, 1849
324, 1849
108, 1849
95, 1849
112, 1849
184, 1849
16, 1849
74, 1849
278, 1849
1149, 1849
103, 1849
125, 1849
453, 1849
105, 1849
345, 1849
134, 1849
178, 1849
77, 1849
461, 1849
31, 1849
1393, 1849
239, 1849
126, 1849
93, 1849
434, 1849
707, 1849
39, 1849
313, 1849
348, 1849
55, 1849
399, 1849
184, 1849
213, 1849
113, 1849
49, 1849
99, 1849
352, 1849
531, 1849
18, 1849
152, 1849
406, 1849
209, 1849
391, 1849
1018, 1849
22, 1849
52, 1849
1135, 1849
47, 1849
80, 1849
151, 1849
842, 1849
54, 1849
205, 1849
726, 1849
190, 1849
749, 1849
641, 1849
288, 1849
202, 1849
20, 1849
194, 1849
252, 1849
243, 1849
282, 1849
283, 1849
776, 1849
187, 1849
615, 1849
373, 1849
407, 1849
624, 1849
618, 1849
13, 1849
228, 1849
34, 1849
47, 1849
317, 1849
165, 1849
212, 1849
368, 1849
173, 1849
347, 1849
47, 1849
416, 1849
250, 1849
394, 1849
219, 1849
296, 1849
254, 1849
77, 1849
69, 1849
297, 1849
192, 1849
653, 1849
72, 1849
157, 1849
322, 1849
549, 1849
205, 1849
281, 1849
259, 1849
164, 1849
375, 1849
197, 1849
482, 1849
516, 1849
17, 1849
804, 1849
201, 1849
75, 1849
208, 1849
353, 1849
273, 1849
307, 1849
250, 1849
209, 1849
714, 1849
67, 1849
65, 1849
479, 1849
276, 1849
37, 1849
347, 1849
190, 1849
210, 1849
67, 1849
488, 1849
91, 1849
409, 1849
1207, 1849
519, 1849
314, 1849
261, 1849
226, 1849
216, 1849
132, 1849
276, 1849
3, 1849
287, 1849
186, 1849
455, 1849
124, 1849
158, 1849
438, 1849
24, 1849
27, 1849
327, 1849
997, 1849
132, 1849
210, 1849
54, 1849
381, 1849
165, 1849
387, 1849
53, 1849
164, 1849
455, 1849
685, 1849
97, 1849
97, 1849
1083, 1849
28, 1849
661, 1849
378, 1849
52, 1849
58, 1849
1238, 1849
85, 1849
108, 1849
113, 1849
55, 1849
170, 1849
78, 1849
28, 1849
111, 1849
251, 1849
233, 1849
114, 1849
132, 1849
335, 1849
153, 1849
453, 1849
111, 1849
12, 1849
861, 1849
229, 1849
573, 1849
424, 1849
94, 1849
18, 1849
218, 1849
195, 1849
262, 1849
128, 1849
278, 1849
615, 1849
329, 1849
336, 1849
312, 1849
7, 1849
457, 1849
68, 1849
1163, 1849
239, 1849
408, 1849
263, 1849
266, 1849
399, 1849
91, 1849
458, 1849
142, 1849
56, 1849
169, 1849
61, 1849
252, 1849
1068, 1849
652, 1849
99, 1849
431, 1849
570, 1849
385, 1849
50, 1849
160, 1849
396, 1849
317, 1849
202, 1849
465, 1849
226, 1849
79, 1849
141, 1849
135, 1849
879, 1849
141, 1849
171, 1849
115, 1849
1191, 1849
127, 1849
10, 1849
25, 1849
460, 1849
219, 1849
252, 1849
150, 1849
92, 1849
125, 1849
32, 1849
88, 1849
315, 1849
880, 1849
611, 1849
645, 1849
43, 1849
204, 1849
377, 1849
348, 1849
96, 1849
49, 1849
314, 1849
387, 1849
193, 1849
711, 1849
96, 1849
129, 1849
33, 1849
1195, 1849
310, 1849
240, 1849
79, 1849
363, 1849
18, 1849
185, 1849
174, 1849
145, 1849
1240, 1849
188, 1849
87, 1849
353, 1849
489, 1849
12, 1849
102, 1849
86, 1849
139, 1849
482, 1849
536, 1849
332, 1849
543, 1849
128, 1849
472, 1849
398, 1849
85, 1849
144, 1849
708, 1849
1193, 1849
165, 1849
147, 1849
435, 1849
220, 1849
206, 1849
373, 1849
473, 1849
75, 1849
90, 1849
953, 1849
337, 1849
14, 1849
62, 1849
153, 1849
78, 1849
465, 1849
98, 1849
1379, 1849
86, 1849
208, 1849
96, 1849
246, 1849
83, 1849
142, 1849
107, 1849
57, 1849
361, 1849
216, 1849
6, 1849
718, 1849
31, 1849
86, 1849
104, 1849
374, 1849
139, 1849
1056, 1849
200, 1849
26, 1849
136, 1849
130, 1849
801, 1849
191, 1849
143, 1849
430, 1849
1009, 1849
100, 1849
256, 1849
804, 1849
56, 1849
146, 1849
42, 1849
232, 1849
184, 1849
75, 1849
494, 1849
288, 1849
331, 1849
440, 1849
18, 1849
232, 1849
64, 1849
115, 1849
9, 1849
88, 1849
1018, 1849
167, 1849
536, 1849
97, 1849
452, 1849
120, 1849
98, 1849
162, 1849
579, 1849
186, 1849
459, 1849
28, 1849
84, 1849
27, 1849
895, 1849
144, 1849
76, 1849
662, 1849
110, 1849
349, 1849
276, 1849
160, 1849
138, 1849
183, 1849
630, 1849
271, 1849
170, 1849
523, 1849
39, 1849
88, 1849
1216, 1849
73, 1849
20, 1849
236, 1849
69, 1849
214, 1849
121, 1849
148, 1849
34, 1849
137, 1849
623, 1849
274, 1849
285, 1849
448, 1849
620, 1849
35, 1849
208, 1849
397, 1849
599, 1849
159, 1849
39, 1849
40, 1849
209, 1849
148, 1849
355, 1849
190, 1849
408, 1849
109, 1849
18, 1849
16, 1849
66, 1849
79, 1849
466, 1849
31, 1849
218, 1849
600, 1849
380, 1849
169, 1849
971, 1849
158, 1849
206, 1849
70, 1849
589, 1849
124, 1849
888, 1849
367, 1849
687, 1849
323, 1849
189, 1849
105, 1849
93, 1849
1246, 1849
31, 1849
121, 1849
48, 1849
127, 1849
108, 1849
251, 1849
28, 1849
105, 1849
220, 1849
141, 1849
507, 1849
