#Algorithm: Qlearning, Speed: 1, Boost: 3, PM: False, Env size: (20, 20), Car size: (3, 2),
#Counter: 100, Nsteps: 10000000, Gamma: 1, LearnRate: 0.01, Eps: 0.5, Epsdecay: 0.9
0, 0
2, 2
8, 8
3, 8
11, 11
11, 11
11, 11
1, 11
13, 13
12, 13
0, 13
42, 42
27, 42
23, 42
21, 42
50, 50
39, 50
11, 50
125, 125
29, 125
15, 125
104, 125
35, 125
17, 125
61, 125
64, 125
11, 125
0, 125
1, 125
33, 125
126, 126
57, 126
109, 126
105, 126
127, 127
51, 127
36, 127
74, 127
36, 127
90, 127
40, 127
126, 127
22, 127
29, 127
34, 127
77, 127
65, 127
133, 133
75, 133
25, 133
96, 133
9, 133
16, 133
210, 210
201, 210
209, 210
258, 258
117, 258
36, 258
41, 258
41, 258
67, 258
56, 258
201, 258
35, 258
231, 258
207, 258
65, 258
272, 272
822, 822
22, 822
112, 822
207, 822
842, 842
520, 842
385, 842
201, 842
61, 842
251, 842
210, 842
157, 842
51, 842
1164, 1164
232, 1164
577, 1164
58, 1164
28, 1164
1222, 1222
239, 1222
1200, 1222
206, 1222
78, 1222
16, 1222
1213, 1222
922, 1222
1218, 1222
1397, 1397
957, 1397
1025, 1397
67, 1397
1402, 1402
1373, 1402
1352, 1402
1401, 1402
1406, 1406
1378, 1406
684, 1406
101, 1406
35, 1406
69, 1406
316, 1406
144, 1406
270, 1406
121, 1406
117, 1406
257, 1406
212, 1406
216, 1406
220, 1406
220, 1406
244, 1406
238, 1406
201, 1406
234, 1406
379, 1406
16, 1406
63, 1406
57, 1406
256, 1406
351, 1406
272, 1406
231, 1406
325, 1406
205, 1406
211, 1406
204, 1406
154, 1406
202, 1406
209, 1406
357, 1406
804, 1406
169, 1406
241, 1406
823, 1406
1217, 1406
224, 1406
1410, 1410
1406, 1410
469, 1410
822, 1410
1423, 1423
1413, 1423
1215, 1423
335, 1423
29, 1423
236, 1423
24, 1423
216, 1423
200, 1423
234, 1423
213, 1423
261, 1423
304, 1423
231, 1423
232, 1423
269, 1423
220, 1423
206, 1423
219, 1423
215, 1423
203, 1423
205, 1423
223, 1423
209, 1423
217, 1423
218, 1423
240, 1423
259, 1423
254, 1423
329, 1423
314, 1423
237, 1423
221, 1423
261, 1423
269, 1423
247, 1423
231, 1423
281, 1423
209, 1423
334, 1423
209, 1423
245, 1423
204, 1423
250, 1423
211, 1423
255, 1423
210, 1423
237, 1423
268, 1423
214, 1423
#Algorithm: Qlearning, Speed: 1, Boost: 3, PM: False, Env size: (20, 20), Car size: (3, 2),
#Counter: 100, Nsteps: 10000000, Gamma: 1, LearnRate: 0.01, Eps: 0.5, Epsdecay: 0.9
0, 0
11, 11
7, 11
8, 11
11, 11
1, 11
5, 11
17, 17
32, 32
48, 48
35, 48
4, 48
4, 48
22, 48
9, 48
46, 48
108, 108
9, 108
7, 108
210, 210
76, 210
48, 210
13, 210
71, 210
32, 210
17, 210
217, 217
229, 229
45, 229
76, 229
56, 229
38, 229
42, 229
53, 229
102, 229
56, 229
201, 229
28, 229
81, 229
42, 229
66, 229
131, 229
204, 229
16, 229
91, 229
51, 229
94, 229
205, 229
51, 229
59, 229
14, 229
290, 290
322, 322
39, 322
26, 322
165, 322
125, 322
121, 322
403, 403
80, 403
287, 403
915, 915
130, 915
30, 915
153, 915
102, 915
223, 915
950, 950
599, 950
84, 950
205, 950
135, 950
223, 950
277, 950
34, 950
207, 950
212, 950
709, 950
731, 950
306, 950
169, 950
458, 950
152, 950
182, 950
114, 950
226, 950
267, 950
288, 950
234, 950
232, 950
328, 950
206, 950
220, 950
225, 950
201, 950
281, 950
242, 950
224, 950
262, 950
209, 950
235, 950
244, 950
242, 950
246, 950
203, 950
203, 950
201, 950
245, 950
262, 950
220, 950
293, 950
226, 950
223, 950
234, 950
209, 950
243, 950
222, 950
224, 950
381, 950
1132, 1132
210, 1132
908, 1132
270, 1132
261, 1132
954, 1132
1424, 1424
1355, 1424
1424, 1424
1458, 1458
1407, 1458
1406, 1458
1422, 1458
1415, 1458
1433, 1458
1473, 1473
1412, 1473
1401, 1473
1407, 1473
1420, 1473
1441, 1473
1414, 1473
1477, 1477
1408, 1477
1457, 1477
1413, 1477
1444, 1477
1413, 1477
1400, 1477
1435, 1477
1428, 1477
1403, 1477
1409, 1477
1417, 1477
1426, 1477
1440, 1477
1411, 1477
1400, 1477
1412, 1477
1456, 1477
1416, 1477
1410, 1477
1406, 1477
1400, 1477
1401, 1477
1407, 1477
1421, 1477
1446, 1477
1423, 1477
1402, 1477
1418, 1477
1414, 1477
1424, 1477
1430, 1477
1402, 1477
1427, 1477
1422, 1477
1404, 1477
1436, 1477
1413, 1477
1417, 1477
1406, 1477
1408, 1477
1400, 1477
1426, 1477
1410, 1477
1405, 1477
1410, 1477
1400, 1477
1405, 1477
1409, 1477
1413, 1477
1420, 1477
1417, 1477
1413, 1477
1409, 1477
1415, 1477
1412, 1477
1434, 1477
1406, 1477
1408, 1477
#Algorithm: Qlearning, Speed: 1, Boost: 3, PM: False, Env size: (20, 20), Car size: (3, 2),
#Counter: 100, Nsteps: 10000000, Gamma: 1, LearnRate: 0.01, Eps: 0.5, Epsdecay: 0.9
1, 1
2, 2
8, 8
16, 16
8, 16
5, 16
11, 16
9, 16
60, 60
78, 78
0, 78
52, 78
0, 78
7, 78
40, 78
18, 78
37, 78
51, 78
34, 78
33, 78
38, 78
110, 110
13, 110
76, 110
66, 110
73, 110
43, 110
242, 242
11, 242
85, 242
25, 242
62, 242
224, 242
19, 242
36, 242
258, 258
5, 258
60, 258
50, 258
305, 305
136, 305
100, 305
238, 305
343, 343
670, 670
209, 670
29, 670
106, 670
134, 670
267, 670
1231, 1231
27, 1231
117, 1231
158, 1231
271, 1231
493, 1231
137, 1231
119, 1231
343, 1231
481, 1231
309, 1231
458, 1231
269, 1231
231, 1231
298, 1231
173, 1231
225, 1231
74, 1231
328, 1231
146, 1231
247, 1231
219, 1231
110, 1231
14, 1231
234, 1231
597, 1231
220, 1231
339, 1231
681, 1231
217, 1231
670, 1231
432, 1231
654, 1231
708, 1231
702, 1231
721, 1231
706, 1231
726, 1231
705, 1231
708, 1231
8, 1231
701, 1231
708, 1231
734, 1231
718, 1231
711, 1231
715, 1231
711, 1231
717, 1231
718, 1231
718, 1231
723, 1231
735, 1231
701, 1231
730, 1231
707, 1231
731, 1231
757, 1231
709, 1231
752, 1231
742, 1231
750, 1231
722, 1231
707, 1231
709, 1231
707, 1231
713, 1231
704, 1231
701, 1231
704, 1231
709, 1231
745, 1231
713, 1231
700, 1231
734, 1231
730, 1231
719, 1231
716, 1231
719, 1231
711, 1231
722, 1231
712, 1231
736, 1231
725, 1231
725, 1231
702, 1231
761, 1231
725, 1231
715, 1231
719, 1231
706, 1231
742, 1231
735, 1231
704, 1231
757, 1231
722, 1231
717, 1231
704, 1231
746, 1231
727, 1231
704, 1231
717, 1231
714, 1231
702, 1231
732, 1231
711, 1231
731, 1231
727, 1231
703, 1231
718, 1231
700, 1231
708, 1231
737, 1231
702, 1231
711, 1231
731, 1231
703, 1231
703, 1231
723, 1231
733, 1231
749, 1231
703, 1231
702, 1231
708, 1231
758, 1231
702, 1231
702, 1231
706, 1231
714, 1231
705, 1231
754, 1231
710, 1231
700, 1231
705, 1231
730, 1231
716, 1231
732, 1231
714, 1231
713, 1231
724, 1231
723, 1231
726, 1231
712, 1231
728, 1231
731, 1231
706, 1231
723, 1231
703, 1231
702, 1231
700, 1231
#Algorithm: Qlearning, Speed: 1, Boost: 3, PM: False, Env size: (20, 20), Car size: (3, 2),
#Counter: 100, Nsteps: 10000000, Gamma: 1, LearnRate: 0.01, Eps: 0.5, Epsdecay: 0.9
5, 5
5, 5
0, 5
5, 5
15, 15
5, 15
15, 15
10, 15
0, 15
26, 26
17, 26
117, 117
121, 121
12, 121
8, 121
33, 121
17, 121
72, 121
73, 121
128, 128
45, 128
31, 128
69, 128
64, 128
91, 128
76, 128
186, 186
28, 186
11, 186
218, 218
45, 218
150, 218
126, 218
24, 218
56, 218
214, 218
229, 229
143, 229
190, 229
180, 229
61, 229
159, 229
21, 229
92, 229
66, 229
160, 229
163, 229
64, 229
87, 229
99, 229
34, 229
149, 229
244, 244
208, 244
220, 244
52, 244
235, 244
509, 509
395, 509
306, 509
217, 509
234, 509
234, 509
223, 509
222, 509
389, 509
298, 509
319, 509
238, 509
211, 509
235, 509
201, 509
202, 509
216, 509
294, 509
296, 509
290, 509
260, 509
220, 509
279, 509
254, 509
209, 509
307, 509
257, 509
317, 509
284, 509
255, 509
294, 509
228, 509
227, 509
254, 509
241, 509
202, 509
225, 509
214, 509
324, 509
210, 509
202, 509
244, 509
249, 509
331, 509
229, 509
219, 509
256, 509
221, 509
232, 509
225, 509
203, 509
270, 509
250, 509
303, 509
249, 509
209, 509
217, 509
254, 509
308, 509
248, 509
309, 509
260, 509
269, 509
223, 509
250, 509
243, 509
347, 509
320, 509
239, 509
221, 509
327, 509
216, 509
204, 509
204, 509
291, 509
288, 509
202, 509
260, 509
243, 509
217, 509
311, 509
238, 509
203, 509
257, 509
204, 509
224, 509
218, 509
269, 509
207, 509
239, 509
269, 509
327, 509
252, 509
313, 509
203, 509
254, 509
229, 509
208, 509
231, 509
200, 509
343, 509
213, 509
245, 509
214, 509
507, 509
252, 509
319, 509
380, 509
222, 509
232, 509
269, 509
266, 509
237, 509
222, 509
233, 509
277, 509
241, 509
364, 509
257, 509
283, 509
247, 509
292, 509
423, 509
227, 509
298, 509
200, 509
201, 509
244, 509
332, 509
322, 509
241, 509
231, 509
373, 509
261, 509
239, 509
227, 509
233, 509
241, 509
325, 509
256, 509
207, 509
213, 509
215, 509
#Algorithm: Qlearning, Speed: 1, Boost: 3, PM: False, Env size: (20, 20), Car size: (3, 2),
#Counter: 100, Nsteps: 10000000, Gamma: 1, LearnRate: 0.01, Eps: 0.5, Epsdecay: 0.9
2, 2
1, 2
5, 5
6, 6
6, 6
19, 19
7, 19
11, 19
4, 19
12, 19
11, 19
2, 19
37, 37
15, 37
13, 37
9, 37
55, 55
5, 55
78, 78
209, 209
38, 209
2, 209
13, 209
60, 209
77, 209
108, 209
18, 209
44, 209
44, 209
90, 209
70, 209
22, 209
54, 209
41, 209
56, 209
56, 209
40, 209
39, 209
102, 209
103, 209
61, 209
52, 209
200, 209
108, 209
111, 209
215, 215
206, 215
265, 265
74, 265
184, 265
56, 265
115, 265
7, 265
209, 265
200, 265
199, 265
4, 265
30, 265
20, 265
49, 265
78, 265
21, 265
215, 265
41, 265
180, 265
25, 265
6, 265
212, 265
136, 265
306, 306
58, 306
243, 306
287, 306
327, 327
142, 327
82, 327
32, 327
48, 327
35, 327
66, 327
105, 327
145, 327
17, 327
137, 327
65, 327
252, 327
47, 327
40, 327
87, 327
43, 327
43, 327
96, 327
40, 327
222, 327
164, 327
207, 327
218, 327
317, 327
326, 327
264, 327
249, 327
381, 381
220, 381
258, 381
229, 381
325, 381
298, 381
201, 381
326, 381
227, 381
257, 381
310, 381
308, 381
210, 381
329, 381
223, 381
242, 381
299, 381
204, 381
224, 381
60, 381
45, 381
108, 381
251, 381
220, 381
296, 381
351, 381
233, 381
203, 381
212, 381
267, 381
277, 381
231, 381
204, 381
309, 381
309, 381
331, 381
217, 381
273, 381
264, 381
208, 381
210, 381
206, 381
304, 381
307, 381
251, 381
349, 381
280, 381
210, 381
335, 381
226, 381
201, 381
307, 381
240, 381
228, 381
200, 381
391, 391
226, 391
393, 393
257, 393
219, 393
397, 397
200, 397
259, 397
322, 397
214, 397
308, 397
250, 397
366, 397
214, 397
265, 397
255, 397
422, 422
220, 422
241, 422
215, 422
223, 422
285, 422
217, 422
304, 422
292, 422
262, 422
228, 422
263, 422
291, 422
210, 422
317, 422
228, 422
205, 422
260, 422
240, 422
312, 422
274, 422
227, 422
227, 422
289, 422
208, 422
320, 422
213, 422
307, 422
