#Algorithm: ExpectedSARSA, Speed: 1, Boost: 4, PM: True, Env size: (20, 20), Car size: (5, 4),
#Counter: 100, Nsteps: 10000000, Gamma: 1, LearnRate: 0.01, Eps: 0.5, Epsdecay: 0.9
200, 200
223, 223
204, 223
202, 223
200, 223
228, 228
206, 228
211, 228
208, 228
200, 228
222, 228
219, 228
208, 228
241, 241
217, 241
201, 241
205, 241
203, 241
205, 241
204, 241
209, 241
203, 241
200, 241
200, 241
209, 241
203, 241
216, 241
206, 241
213, 241
203, 241
206, 241
231, 241
203, 241
204, 241
203, 241
217, 241
202, 241
200, 241
202, 241
205, 241
221, 241
204, 241
200, 241
204, 241
207, 241
200, 241
202, 241
209, 241
217, 241
201, 241
203, 241
201, 241
208, 241
209, 241
200, 241
208, 241
201, 241
201, 241
200, 241
208, 241
218, 241
210, 241
208, 241
205, 241
222, 241
204, 241
210, 241
200, 241
216, 241
205, 241
203, 241
207, 241
221, 241
204, 241
202, 241
261, 261
206, 261
201, 261
203, 261
221, 261
202, 261
200, 261
225, 261
205, 261
226, 261
220, 261
200, 261
212, 261
200, 261
200, 261
206, 261
200, 261
203, 261
215, 261
200, 261
206, 261
209, 261
215, 261
207, 261
206, 261
200, 261
200, 261
238, 261
200, 261
203, 261
201, 261
200, 261
201, 261
220, 261
230, 261
217, 261
203, 261
201, 261
209, 261
206, 261
203, 261
220, 261
200, 261
204, 261
202, 261
201, 261
201, 261
201, 261
212, 261
221, 261
204, 261
206, 261
200, 261
209, 261
200, 261
210, 261
209, 261
205, 261
204, 261
208, 261
201, 261
202, 261
218, 261
201, 261
212, 261
212, 261
216, 261
218, 261
209, 261
203, 261
206, 261
204, 261
210, 261
214, 261
201, 261
217, 261
205, 261
208, 261
204, 261
205, 261
210, 261
204, 261
212, 261
214, 261
218, 261
208, 261
202, 261
207, 261
202, 261
208, 261
204, 261
204, 261
213, 261
200, 261
213, 261
208, 261
205, 261
212, 261
210, 261
211, 261
217, 261
201, 261
200, 261
204, 261
204, 261
212, 261
221, 261
205, 261
202, 261
201, 261
204, 261
209, 261
220, 261
201, 261
205, 261
211, 261
206, 261
201, 261
208, 261
213, 261
205, 261
212, 261
204, 261
205, 261
203, 261
242, 261
216, 261
208, 261
216, 261
205, 261
203, 261
203, 261
205, 261
204, 261
210, 261
205, 261
204, 261
202, 261
209, 261
208, 261
209, 261
248, 261
204, 261
216, 261
201, 261
206, 261
214, 261
217, 261
202, 261
205, 261
201, 261
207, 261
200, 261
204, 261
204, 261
210, 261
208, 261
202, 261
209, 261
213, 261
219, 261
204, 261
211, 261
204, 261
216, 261
228, 261
206, 261
217, 261
203, 261
236, 261
200, 261
208, 261
263, 263
205, 263
201, 263
210, 263
201, 263
200, 263
214, 263
208, 263
203, 263
211, 263
201, 263
215, 263
211, 263
232, 263
211, 263
205, 263
203, 263
208, 263
200, 263
213, 263
202, 263
220, 263
203, 263
203, 263
202, 263
201, 263
215, 263
202, 263
233, 263
214, 263
208, 263
202, 263
212, 263
206, 263
200, 263
200, 263
217, 263
203, 263
217, 263
205, 263
200, 263
216, 263
202, 263
207, 263
204, 263
203, 263
211, 263
205, 263
243, 263
203, 263
220, 263
223, 263
206, 263
214, 263
203, 263
215, 263
201, 263
258, 263
206, 263
200, 263
242, 263
210, 263
255, 263
201, 263
213, 263
203, 263
201, 263
203, 263
200, 263
211, 263
219, 263
213, 263
226, 263
220, 263
200, 263
210, 263
222, 263
200, 263
201, 263
218, 263
200, 263
205, 263
204, 263
201, 263
214, 263
209, 263
204, 263
202, 263
208, 263
205, 263
202, 263
204, 263
200, 263
214, 263
211, 263
205, 263
211, 263
202, 263
205, 263
204, 263
208, 263
200, 263
200, 263
203, 263
205, 263
204, 263
201, 263
228, 263
205, 263
209, 263
208, 263
201, 263
201, 263
201, 263
202, 263
202, 263
200, 263
200, 263
213, 263
216, 263
209, 263
209, 263
203, 263
215, 263
206, 263
216, 263
200, 263
202, 263
200, 263
206, 263
261, 263
206, 263
202, 263
224, 263
209, 263
209, 263
217, 263
250, 263
210, 263
212, 263
202, 263
201, 263
216, 263
206, 263
203, 263
212, 263
205, 263
212, 263
211, 263
206, 263
201, 263
214, 263
223, 263
202, 263
200, 263
214, 263
200, 263
200, 263
201, 263
201, 263
207, 263
201, 263
200, 263
209, 263
208, 263
213, 263
218, 263
209, 263
201, 263
201, 263
210, 263
201, 263
201, 263
205, 263
200, 263
207, 263
202, 263
200, 263
227, 263
204, 263
212, 263
205, 263
202, 263
216, 263
211, 263
229, 263
206, 263
210, 263
202, 263
208, 263
215, 263
204, 263
206, 263
206, 263
216, 263
201, 263
206, 263
201, 263
234, 263
210, 263
216, 263
228, 263
224, 263
204, 263
204, 263
226, 263
201, 263
204, 263
202, 263
207, 263
202, 263
207, 263
230, 263
233, 263
204, 263
200, 263
206, 263
200, 263
200, 263
204, 263
202, 263
201, 263
208, 263
204, 263
214, 263
201, 263
227, 263
222, 263
210, 263
205, 263
219, 263
202, 263
220, 263
223, 263
206, 263
206, 263
214, 263
201, 263
212, 263
217, 263
235, 263
226, 263
203, 263
200, 263
202, 263
220, 263
210, 263
202, 263
213, 263
208, 263
207, 263
214, 263
207, 263
206, 263
204, 263
205, 263
200, 263
200, 263
205, 263
201, 263
200, 263
200, 263
205, 263
202, 263
209, 263
204, 263
221, 263
215, 263
205, 263
205, 263
205, 263
200, 263
204, 263
212, 263
207, 263
200, 263
205, 263
229, 263
202, 263
203, 263
200, 263
217, 263
202, 263
200, 263
203, 263
200, 263
205, 263
206, 263
211, 263
205, 263
202, 263
201, 263
200, 263
203, 263
206, 263
200, 263
221, 263
203, 263
205, 263
201, 263
209, 263
221, 263
219, 263
210, 263
213, 263
209, 263
217, 263
201, 263
205, 263
213, 263
207, 263
200, 263
221, 263
200, 263
215, 263
203, 263
209, 263
217, 263
203, 263
225, 263
209, 263
205, 263
208, 263
208, 263
216, 263
226, 263
205, 263
208, 263
206, 263
202, 263
202, 263
202, 263
205, 263
200, 263
218, 263
207, 263
209, 263
216, 263
203, 263
204, 263
216, 263
209, 263
200, 263
209, 263
209, 263
217, 263
203, 263
205, 263
202, 263
200, 263
204, 263
219, 263
206, 263
228, 263
211, 263
216, 263
205, 263
201, 263
204, 263
203, 263
204, 263
213, 263
206, 263
206, 263
200, 263
206, 263
204, 263
211, 263
205, 263
203, 263
210, 263
206, 263
202, 263
204, 263
204, 263
206, 263
202, 263
201, 263
200, 263
206, 263
219, 263
202, 263
203, 263
201, 263
206, 263
203, 263
205, 263
200, 263
207, 263
203, 263
205, 263
203, 263
201, 263
200, 263
216, 263
202, 263
205, 263
224, 263
201, 263
216, 263
207, 263
247, 263
203, 263
205, 263
224, 263
225, 263
209, 263
225, 263
201, 263
213, 263
209, 263
232, 263
203, 263
204, 263
215, 263
212, 263
201, 263
201, 263
214, 263
200, 263
201, 263
211, 263
217, 263
236, 263
200, 263
200, 263
209, 263
207, 263
218, 263
202, 263
218, 263
205, 263
201, 263
207, 263
216, 263
201, 263
202, 263
202, 263
204, 263
204, 263
210, 263
204, 263
204, 263
321, 321
311, 321
300, 321
306, 321
329, 329
311, 329
303, 329
315, 329
318, 329
305, 329
301, 329
311, 329
331, 331
322, 331
300, 331
308, 331
301, 331
306, 331
303, 331
300, 331
308, 331
301, 331
307, 331
301, 331
301, 331
308, 331
314, 331
312, 331
301, 331
306, 331
312, 331
265, 331
208, 331
275, 331
207, 331
301, 331
309, 331
329, 331
280, 331
204, 331
213, 331
216, 331
307, 331
300, 331
305, 331
286, 331
211, 331
213, 331
219, 331
322, 331
435, 435
500, 500
301, 500
218, 500
226, 500
243, 500
227, 500
307, 500
310, 500
286, 500
221, 500
234, 500
276, 500
323, 500
304, 500
322, 500
302, 500
511, 511
393, 511
309, 511
303, 511
314, 511
503, 511
201, 511
202, 511
218, 511
238, 511
204, 511
304, 511
304, 511
233, 511
206, 511
213, 511
208, 511
245, 511
213, 511
302, 511
226, 511
236, 511
248, 511
309, 511
261, 511
304, 511
300, 511
307, 511
307, 511
310, 511
505, 511
222, 511
200, 511
238, 511
263, 511
233, 511
213, 511
328, 511
217, 511
218, 511
258, 511
247, 511
356, 511
228, 511
225, 511
305, 511
300, 511
307, 511
512, 512
206, 512
300, 512
301, 512
302, 512
316, 512
301, 512
312, 512
300, 512
310, 512
502, 512
206, 512
200, 512
202, 512
298, 512
221, 512
353, 512
350, 512
306, 512
305, 512
510, 512
203, 512
210, 512
114, 512
229, 512
299, 512
213, 512
214, 512
311, 512
319, 512
310, 512
346, 512
510, 512
203, 512
211, 512
204, 512
219, 512
213, 512
197, 512
1, 512
194, 512
140, 512
263, 512
300, 512
305, 512
253, 512
116, 512
58, 512
20, 512
4, 512
186, 512
181, 512
150, 512
102, 512
225, 512
220, 512
219, 512
200, 512
166, 512
216, 512
282, 512
305, 512
215, 512
351, 512
322, 512
328, 512
502, 512
200, 512
225, 512
274, 512
300, 512
323, 512
303, 512
322, 512
503, 512
411, 512
506, 512
233, 512
30, 512
18, 512
1, 512
78, 512
29, 512
105, 512
200, 512
221, 512
195, 512
9, 512
6, 512
19, 512
102, 512
104, 512
243, 512
229, 512
274, 512
220, 512
297, 512
185, 512
304, 512
248, 512
248, 512
305, 512
311, 512
310, 512
327, 512
300, 512
481, 512
285, 512
501, 512
214, 512
233, 512
108, 512
200, 512
245, 512
205, 512
171, 512
59, 512
1, 512
109, 512
69, 512
101, 512
313, 512
281, 512
357, 512
46, 512
0, 512
22, 512
200, 512
299, 512
304, 512
310, 512
323, 512
309, 512
313, 512
318, 512
289, 512
501, 512
321, 512
159, 512
237, 512
207, 512
107, 512
240, 512
204, 512
301, 512
290, 512
207, 512
265, 512
302, 512
289, 512
301, 512
361, 512
268, 512
443, 512
324, 512
316, 512
246, 512
307, 512
386, 512
502, 512
213, 512
128, 512
0, 512
24, 512
123, 512
134, 512
112, 512
209, 512
212, 512
94, 512
5, 512
177, 512
248, 512
193, 512
332, 512
317, 512
205, 512
244, 512
246, 512
275, 512
326, 512
329, 512
310, 512
334, 512
365, 512
322, 512
339, 512
501, 512
203, 512
204, 512
247, 512
188, 512
241, 512
164, 512
101, 512
109, 512
157, 512
300, 512
302, 512
11, 512
8, 512
1, 512
332, 512
62, 512
0, 512
27, 512
60, 512
18, 512
325, 512
311, 512
332, 512
271, 512
504, 512
216, 512
315, 512
377, 512
321, 512
309, 512
350, 512
500, 512
502, 512
205, 512
175, 512
205, 512
241, 512
234, 512
167, 512
117, 512
100, 512
168, 512
214, 512
206, 512
257, 512
143, 512
1, 512
23, 512
210, 512
217, 512
46, 512
228, 512
142, 512
75, 512
308, 512
305, 512
236, 512
205, 512
200, 512
304, 512
308, 512
347, 512
340, 512
227, 512
220, 512
306, 512
329, 512
335, 512
502, 512
221, 512
143, 512
168, 512
122, 512
101, 512
208, 512
200, 512
295, 512
304, 512
501, 512
261, 512
332, 512
3, 512
1, 512
62, 512
157, 512
4, 512
34, 512
77, 512
157, 512
307, 512
203, 512
234, 512
203, 512
170, 512
206, 512
155, 512
103, 512
116, 512
238, 512
107, 512
244, 512
262, 512
310, 512
210, 512
301, 512
302, 512
337, 512
325, 512
304, 512
314, 512
230, 512
336, 512
503, 512
345, 512
159, 512
2, 512
95, 512
205, 512
177, 512
56, 512
2, 512
234, 512
231, 512
263, 512
311, 512
332, 512
307, 512
315, 512
503, 512
215, 512
203, 512
222, 512
220, 512
165, 512
151, 512
237, 512
212, 512
306, 512
318, 512
322, 512
501, 512
136, 512
146, 512
109, 512
223, 512
210, 512
205, 512
213, 512
306, 512
221, 512
15, 512
28, 512
2, 512
265, 512
0, 512
88, 512
118, 512
244, 512
116, 512
228, 512
105, 512
112, 512
111, 512
206, 512
194, 512
220, 512
213, 512
226, 512
239, 512
303, 512
251, 512
267, 512
510, 512
304, 512
354, 512
391, 512
309, 512
304, 512
377, 512
403, 512
320, 512
309, 512
379, 512
320, 512
318, 512
337, 512
323, 512
328, 512
328, 512
389, 512
475, 512
390, 512
2, 512
251, 512
2, 512
417, 512
6, 512
46, 512
216, 512
246, 512
373, 512
396, 512
319, 512
325, 512
332, 512
304, 512
500, 512
204, 512
205, 512
202, 512
209, 512
208, 512
202, 512
258, 512
367, 512
167, 512
110, 512
108, 512
108, 512
231, 512
239, 512
205, 512
31, 512
202, 512
235, 512
362, 512
230, 512
405, 512
508, 512
329, 512
301, 512
213, 512
323, 512
309, 512
489, 512
361, 512
1, 512
39, 512
99, 512
2, 512
460, 512
72, 512
378, 512
205, 512
159, 512
200, 512
159, 512
101, 512
110, 512
204, 512
211, 512
204, 512
308, 512
18, 512
312, 512
236, 512
402, 512
483, 512
227, 512
238, 512
389, 512
48, 512
504, 512
201, 512
209, 512
276, 512
201, 512
226, 512
141, 512
3, 512
155, 512
42, 512
9, 512
272, 512
109, 512
102, 512
106, 512
201, 512
227, 512
261, 512
300, 512
304, 512
265, 512
282, 512
345, 512
325, 512
429, 512
364, 512
327, 512
258, 512
360, 512
311, 512
320, 512
436, 512
193, 512
451, 512
333, 512
407, 512
312, 512
372, 512
333, 512
337, 512
450, 512
501, 512
421, 512
500, 512
403, 512
448, 512
442, 512
43, 512
3, 512
274, 512
83, 512
7, 512
414, 512
470, 512
88, 512
518, 518
339, 518
504, 518
196, 518
123, 518
378, 518
422, 518
346, 518
342, 518
505, 518
210, 518
202, 518
235, 518
298, 518
251, 518
438, 518
402, 518
317, 518
431, 518
424, 518
505, 518
36, 518
117, 518
206, 518
209, 518
202, 518
200, 518
168, 518
210, 518
103, 518
103, 518
101, 518
220, 518
205, 518
210, 518
211, 518
205, 518
200, 518
295, 518
156, 518
0, 518
194, 518
214, 518
282, 518
100, 518
6, 518
8, 518
219, 518
201, 518
235, 518
218, 518
222, 518
187, 518
305, 518
309, 518
144, 518
129, 518
108, 518
102, 518
215, 518
109, 518
212, 518
239, 518
227, 518
211, 518
239, 518
149, 518
268, 518
309, 518
247, 518
263, 518
364, 518
364, 518
333, 518
406, 518
271, 518
447, 518
368, 518
141, 518
0, 518
120, 518
201, 518
193, 518
219, 518
210, 518
21, 518
63, 518
284, 518
349, 518
234, 518
253, 518
363, 518
398, 518
199, 518
214, 518
347, 518
366, 518
302, 518
293, 518
378, 518
353, 518
501, 518
511, 518
200, 518
200, 518
191, 518
393, 518
207, 518
219, 518
299, 518
422, 518
405, 518
387, 518
147, 518
201, 518
204, 518
203, 518
208, 518
124, 518
228, 518
119, 518
0, 518
231, 518
300, 518
1, 518
0, 518
52, 518
47, 518
269, 518
243, 518
410, 518
329, 518
458, 518
327, 518
366, 518
389, 518
210, 518
227, 518
255, 518
245, 518
241, 518
162, 518
102, 518
112, 518
258, 518
248, 518
216, 518
260, 518
260, 518
321, 518
310, 518
473, 518
340, 518
125, 518
358, 518
246, 518
311, 518
502, 518
214, 518
64, 518
151, 518
278, 518
130, 518
89, 518
10, 518
1, 518
239, 518
211, 518
255, 518
239, 518
175, 518
80, 518
6, 518
33, 518
123, 518
137, 518
196, 518
105, 518
108, 518
230, 518
291, 518
235, 518
237, 518
302, 518
308, 518
522, 522
140, 522
149, 522
100, 522
105, 522
301, 522
329, 522
137, 522
182, 522
143, 522
247, 522
64, 522
203, 522
1, 522
224, 522
205, 522
75, 522
2, 522
230, 522
1, 522
201, 522
191, 522
0, 522
2, 522
241, 522
343, 522
243, 522
450, 522
203, 522
462, 522
302, 522
333, 522
424, 522
344, 522
448, 522
324, 522
128, 522
319, 522
379, 522
285, 522
386, 522
288, 522
400, 522
222, 522
267, 522
404, 522
303, 522
360, 522
513, 522
233, 522
35, 522
46, 522
182, 522
192, 522
242, 522
302, 522
394, 522
339, 522
4, 522
1, 522
140, 522
2, 522
334, 522
18, 522
402, 522
179, 522
205, 522
234, 522
211, 522
263, 522
163, 522
102, 522
100, 522
104, 522
157, 522
335, 522
222, 522
345, 522
212, 522
293, 522
502, 522
301, 522
216, 522
259, 522
204, 522
206, 522
206, 522
289, 522
163, 522
300, 522
182, 522
31, 522
0, 522
3, 522
113, 522
119, 522
162, 522
123, 522
224, 522
275, 522
110, 522
216, 522
254, 522
70, 522
3, 522
98, 522
324, 522
211, 522
341, 522
467, 522
207, 522
414, 522
209, 522
370, 522
250, 522
328, 522
400, 522
363, 522
506, 522
213, 522
339, 522
217, 522
214, 522
318, 522
309, 522
304, 522
503, 522
156, 522
180, 522
77, 522
2, 522
108, 522
107, 522
243, 522
160, 522
26, 522
209, 522
197, 522
132, 522
11, 522
245, 522
300, 522
253, 522
228, 522
0, 522
112, 522
153, 522
177, 522
234, 522
119, 522
239, 522
203, 522
213, 522
336, 522
416, 522
321, 522
4, 522
337, 522
338, 522
342, 522
320, 522
411, 522
144, 522
5, 522
480, 522
102, 522
1, 522
44, 522
41, 522
357, 522
200, 522
402, 522
259, 522
439, 522
270, 522
340, 522
293, 522
499, 522
201, 522
214, 522
204, 522
210, 522
190, 522
8, 522
210, 522
326, 522
312, 522
321, 522
305, 522
400, 522
406, 522
134, 522
110, 522
113, 522
303, 522
311, 522
205, 522
346, 522
309, 522
384, 522
224, 522
316, 522
417, 522
389, 522
51, 522
2, 522
184, 522
5, 522
207, 522
0, 522
98, 522
0, 522
216, 522
287, 522
232, 522
236, 522
391, 522
335, 522
38, 522
402, 522
294, 522
504, 522
211, 522
162, 522
203, 522
370, 522
227, 522
151, 522
103, 522
109, 522
200, 522
166, 522
127, 522
216, 522
124, 522
269, 522
323, 522
369, 522
306, 522
233, 522
306, 522
256, 522
72, 522
6, 522
251, 522
336, 522
299, 522
300, 522
286, 522
254, 522
323, 522
342, 522
493, 522
200, 522
125, 522
3, 522
504, 522
209, 522
105, 522
130, 522
227, 522
132, 522
100, 522
102, 522
228, 522
235, 522
215, 522
336, 522
154, 522
314, 522
121, 522
101, 522
164, 522
249, 522
268, 522
212, 522
96, 522
13, 522
14, 522
226, 522
297, 522
202, 522
346, 522
240, 522
467, 522
232, 522
321, 522
368, 522
181, 522
8, 522
392, 522
503, 522
3, 522
203, 522
205, 522
212, 522
225, 522
394, 522
448, 522
288, 522
302, 522
347, 522
395, 522
350, 522
298, 522
413, 522
265, 522
478, 522
217, 522
426, 522
105, 522
240, 522
173, 522
102, 522
106, 522
220, 522
330, 522
127, 522
219, 522
69, 522
0, 522
218, 522
18, 522
344, 522
36, 522
155, 522
1, 522
10, 522
5, 522
322, 522
64, 522
325, 522
317, 522
501, 522
183, 522
193, 522
150, 522
108, 522
212, 522
211, 522
191, 522
211, 522
283, 522
278, 522
335, 522
241, 522
322, 522
351, 522
432, 522
307, 522
425, 522
440, 522
91, 522
3, 522
388, 522
52, 522
0, 522
10, 522
6, 522
203, 522
178, 522
173, 522
110, 522
105, 522
168, 522
203, 522
202, 522
143, 522
200, 522
7, 522
208, 522
273, 522
319, 522
307, 522
335, 522
489, 522
274, 522
351, 522
343, 522
391, 522
400, 522
438, 522
223, 522
203, 522
217, 522
166, 522
200, 522
205, 522
102, 522
107, 522
107, 522
214, 522
211, 522
340, 522
357, 522
336, 522
75, 522
1, 522
444, 522
12, 522
386, 522
217, 522
35, 522
15, 522
46, 522
221, 522
218, 522
228, 522
313, 522
503, 522
169, 522
101, 522
118, 522
152, 522
161, 522
141, 522
106, 522
125, 522
140, 522
200, 522
191, 522
102, 522
124, 522
133, 522
206, 522
205, 522
149, 522
103, 522
145, 522
134, 522
200, 522
303, 522
361, 522
493, 522
210, 522
8, 522
324, 522
310, 522
368, 522
376, 522
1, 522
503, 522
47, 522
165, 522
128, 522
102, 522
211, 522
200, 522
202, 522
218, 522
204, 522
210, 522
304, 522
468, 522
142, 522
186, 522
23, 522
207, 522
107, 522
143, 522
114, 522
240, 522
222, 522
211, 522
170, 522
230, 522
376, 522
321, 522
324, 522
320, 522
482, 522
392, 522
331, 522
390, 522
300, 522
466, 522
274, 522
505, 522
373, 522
4, 522
0, 522
146, 522
251, 522
6, 522
212, 522
154, 522
183, 522
202, 522
208, 522
218, 522
483, 522
320, 522
341, 522
331, 522
399, 522
372, 522
419, 522
120, 522
214, 522
208, 522
201, 522
123, 522
158, 522
201, 522
201, 522
203, 522
117, 522
215, 522
127, 522
175, 522
215, 522
107, 522
66, 522
1, 522
266, 522
309, 522
282, 522
224, 522
229, 522
302, 522
484, 522
495, 522
64, 522
169, 522
125, 522
106, 522
215, 522
175, 522
193, 522
30, 522
208, 522
244, 522
387, 522
346, 522
469, 522
362, 522
349, 522
388, 522
365, 522
309, 522
437, 522
124, 522
200, 522
305, 522
353, 522
358, 522
504, 522
46, 522
0, 522
96, 522
2, 522
205, 522
90, 522
140, 522
43, 522
108, 522
164, 522
103, 522
200, 522
310, 522
300, 522
341, 522
355, 522
507, 522
204, 522
123, 522
120, 522
100, 522
206, 522
205, 522
203, 522
200, 522
186, 522
211, 522
204, 522
4, 522
215, 522
132, 522
128, 522
143, 522
277, 522
179, 522
208, 522
219, 522
215, 522
0, 522
234, 522
508, 522
215, 522
202, 522
138, 522
101, 522
5, 522
4, 522
100, 522
158, 522
139, 522
241, 522
12, 522
5, 522
1, 522
9, 522
2, 522
1, 522
225, 522
205, 522
308, 522
213, 522
243, 522
507, 522
212, 522
262, 522
341, 522
330, 522
496, 522
29, 522
351, 522
340, 522
418, 522
382, 522
360, 522
410, 522
333, 522
468, 522
506, 522
119, 522
98, 522
0, 522
74, 522
147, 522
201, 522
201, 522
87, 522
222, 522
67, 522
0, 522
3, 522
213, 522
101, 522
110, 522
203, 522
158, 522
334, 522
201, 522
270, 522
220, 522
303, 522
507, 522
201, 522
193, 522
137, 522
114, 522
109, 522
201, 522
214, 522
200, 522
237, 522
176, 522
224, 522
273, 522
239, 522
216, 522
222, 522
242, 522
79, 522
225, 522
126, 522
114, 522
111, 522
206, 522
214, 522
221, 522
143, 522
203, 522
214, 522
176, 522
61, 522
0, 522
254, 522
109, 522
220, 522
272, 522
267, 522
203, 522
322, 522
502, 522
48, 522
7, 522
1, 522
335, 522
346, 522
338, 522
504, 522
3, 522
400, 522
343, 522
323, 522
332, 522
362, 522
334, 522
402, 522
163, 522
303, 522
476, 522
420, 522
379, 522
202, 522
223, 522
217, 522
119, 522
102, 522
101, 522
205, 522
201, 522
200, 522
123, 522
214, 522
223, 522
220, 522
206, 522
234, 522
314, 522
12, 522
54, 522
309, 522
306, 522
214, 522
328, 522
210, 522
222, 522
397, 522
315, 522
505, 522
207, 522
54, 522
201, 522
176, 522
19, 522
17, 522
248, 522
229, 522
121, 522
196, 522
101, 522
117, 522
231, 522
229, 522
239, 522
239, 522
160, 522
229, 522
217, 522
15, 522
246, 522
207, 522
200, 522
201, 522
316, 522
332, 522
347, 522
506, 522
201, 522
202, 522
115, 522
246, 522
3, 522
23, 522
0, 522
160, 522
286, 522
195, 522
312, 522
309, 522
326, 522
304, 522
346, 522
469, 522
423, 522
382, 522
370, 522
380, 522
465, 522
211, 522
145, 522
150, 522
147, 522
100, 522
101, 522
219, 522
220, 522
224, 522
341, 522
304, 522
323, 522
326, 522
305, 522
369, 522
338, 522
501, 522
485, 522
442, 522
331, 522
256, 522
385, 522
506, 522
211, 522
206, 522
16, 522
1, 522
17, 522
0, 522
4, 522
102, 522
326, 522
332, 522
333, 522
463, 522
400, 522
425, 522
281, 522
462, 522
511, 522
203, 522
83, 522
200, 522
34, 522
205, 522
333, 522
324, 522
455, 522
145, 522
115, 522
109, 522
112, 522
210, 522
203, 522
205, 522
223, 522
204, 522
200, 522
121, 522
210, 522
40, 522
0, 522
126, 522
144, 522
32, 522
100, 522
102, 522
218, 522
25, 522
83, 522
53, 522
144, 522
285, 522
259, 522
254, 522
216, 522
354, 522
353, 522
371, 522
465, 522
206, 522
388, 522
131, 522
219, 522
41, 522
232, 522
276, 522
281, 522
233, 522
242, 522
500, 522
212, 522
186, 522
107, 522
102, 522
176, 522
206, 522
106, 522
337, 522
295, 522
328, 522
342, 522
302, 522
518, 522
200, 522
42, 522
14, 522
8, 522
3, 522
146, 522
102, 522
173, 522
211, 522
73, 522
4, 522
1, 522
206, 522
138, 522
223, 522
241, 522
298, 522
242, 522
303, 522
329, 522
307, 522
316, 522
458, 522
136, 522
152, 522
106, 522
104, 522
206, 522
210, 522
224, 522
231, 522
374, 522
262, 522
249, 522
204, 522
302, 522
320, 522
344, 522
301, 522
313, 522
387, 522
401, 522
506, 522
227, 522
402, 522
356, 522
205, 522
336, 522
500, 522
31, 522
209, 522
211, 522
197, 522
129, 522
100, 522
100, 522
207, 522
216, 522
207, 522
206, 522
213, 522
220, 522
82, 522
0, 522
85, 522
208, 522
247, 522
245, 522
225, 522
357, 522
27, 522
0, 522
353, 522
202, 522
210, 522
234, 522
311, 522
311, 522
300, 522
301, 522
344, 522
515, 522
214, 522
208, 522
210, 522
219, 522
307, 522
437, 522
224, 522
243, 522
350, 522
396, 522
358, 522
350, 522
239, 522
348, 522
503, 522
100, 522
224, 522
179, 522
105, 522
106, 522
131, 522
208, 522
205, 522
212, 522
212, 522
200, 522
211, 522
126, 522
0, 522
236, 522
18, 522
161, 522
161, 522
279, 522
177, 522
149, 522
0, 522
202, 522
109, 522
101, 522
103, 522
213, 522
204, 522
214, 522
230, 522
398, 522
291, 522
205, 522
342, 522
245, 522
231, 522
227, 522
303, 522
310, 522
407, 522
346, 522
403, 522
380, 522
468, 522
342, 522
328, 522
520, 522
210, 522
214, 522
149, 522
191, 522
26, 522
128, 522
206, 522
202, 522
103, 522
100, 522
98, 522
16, 522
100, 522
19, 522
230, 522
215, 522
216, 522
216, 522
278, 522
110, 522
218, 522
185, 522
290, 522
193, 522
200, 522
148, 522
233, 522
262, 522
201, 522
384, 522
294, 522
400, 522
348, 522
449, 522
501, 522
204, 522
171, 522
208, 522
203, 522
209, 522
53, 522
0, 522
133, 522
155, 522
65, 522
104, 522
263, 522
201, 522
212, 522
230, 522
229, 522
113, 522
10, 522
44, 522
224, 522
209, 522
203, 522
177, 522
226, 522
288, 522
110, 522
36, 522
213, 522
234, 522
252, 522
225, 522
294, 522
227, 522
320, 522
359, 522
421, 522
479, 522
349, 522
358, 522
362, 522
0, 522
312, 522
13, 522
0, 522
307, 522
405, 522
317, 522
93, 522
451, 522
500, 522
202, 522
306, 522
256, 522
361, 522
450, 522
335, 522
404, 522
335, 522
366, 522
406, 522
390, 522
103, 522
204, 522
214, 522
203, 522
200, 522
120, 522
200, 522
202, 522
201, 522
207, 522
331, 522
107, 522
203, 522
173, 522
119, 522
108, 522
211, 522
203, 522
319, 522
277, 522
321, 522
331, 522
419, 522
200, 522
209, 522
316, 522
205, 522
86, 522
2, 522
262, 522
8, 522
0, 522
404, 522
194, 522
331, 522
371, 522
205, 522
204, 522
66, 522
160, 522
216, 522
324, 522
430, 522
354, 522
498, 522
302, 522
507, 522
214, 522
208, 522
178, 522
165, 522
105, 522
152, 522
121, 522
204, 522
315, 522
263, 522
305, 522
320, 522
313, 522
312, 522
371, 522
500, 522
212, 522
100, 522
105, 522
106, 522
206, 522
225, 522
204, 522
207, 522
227, 522
225, 522
173, 522
0, 522
193, 522
11, 522
211, 522
127, 522
114, 522
212, 522
225, 522
208, 522
56, 522
1, 522
118, 522
57, 522
234, 522
214, 522
241, 522
117, 522
113, 522
103, 522
206, 522
237, 522
235, 522
237, 522
178, 522
308, 522
257, 522
204, 522
283, 522
504, 522
210, 522
213, 522
207, 522
235, 522
194, 522
218, 522
202, 522
309, 522
116, 522
4, 522
243, 522
38, 522
245, 522
239, 522
316, 522
314, 522
360, 522
504, 522
262, 522
2, 522
3, 522
419, 522
362, 522
327, 522
320, 522
362, 522
424, 522
484, 522
469, 522
177, 522
351, 522
401, 522
318, 522
339, 522
339, 522
324, 522
414, 522
334, 522
405, 522
243, 522
200, 522
208, 522
201, 522
186, 522
36, 522
232, 522
327, 522
413, 522
507, 522
29, 522
1, 522
204, 522
76, 522
208, 522
201, 522
145, 522
116, 522
105, 522
209, 522
240, 522
220, 522
32, 522
208, 522
231, 522
8, 522
0, 522
143, 522
204, 522
209, 522
214, 522
296, 522
403, 522
86, 522
250, 522
209, 522
401, 522
303, 522
334, 522
322, 522
344, 522
471, 522
449, 522
501, 522
322, 522
500, 522
206, 522
232, 522
212, 522
153, 522
18, 522
1, 522
92, 522
116, 522
100, 522
208, 522
204, 522
139, 522
241, 522
201, 522
213, 522
209, 522
72, 522
212, 522
18, 522
11, 522
206, 522
236, 522
194, 522
226, 522
206, 522
146, 522
234, 522
116, 522
188, 522
118, 522
110, 522
232, 522
50, 522
131, 522
179, 522
166, 522
222, 522
175, 522
1, 522
206, 522
333, 522
320, 522
220, 522
0, 522
308, 522
328, 522
412, 522
445, 522
238, 522
185, 522
503, 522
215, 522
201, 522
206, 522
207, 522
208, 522
206, 522
204, 522
164, 522
196, 522
134, 522
101, 522
113, 522
123, 522
248, 522
283, 522
418, 522
210, 522
202, 522
242, 522
301, 522
353, 522
308, 522
369, 522
385, 522
143, 522
214, 522
204, 522
210, 522
305, 522
115, 522
311, 522
305, 522
335, 522
505, 522
342, 522
63, 522
411, 522
156, 522
2, 522
420, 522
149, 522
74, 522
4, 522
327, 522
327, 522
305, 522
400, 522
470, 522
68, 522
216, 522
205, 522
203, 522
223, 522
410, 522
466, 522
360, 522
202, 522
194, 522
123, 522
104, 522
210, 522
206, 522
120, 522
230, 522
332, 522
264, 522
483, 522
200, 522
193, 522
343, 522
314, 522
319, 522
404, 522
217, 522
213, 522
212, 522
70, 522
0, 522
23, 522
205, 522
109, 522
12, 522
0, 522
203, 522
507, 522
205, 522
42, 522
147, 522
112, 522
101, 522
231, 522
186, 522
153, 522
139, 522
215, 522
204, 522
209, 522
207, 522
256, 522
205, 522
192, 522
267, 522
3, 522
209, 522
220, 522
237, 522
278, 522
236, 522
378, 522
468, 522
253, 522
135, 522
1, 522
26, 522
206, 522
154, 522
189, 522
147, 522
100, 522
114, 522
201, 522
161, 522
224, 522
213, 522
192, 522
9, 522
38, 522
231, 522
200, 522
339, 522
309, 522
304, 522
486, 522
445, 522
476, 522
302, 522
470, 522
181, 522
221, 522
208, 522
205, 522
167, 522
212, 522
205, 522
3, 522
259, 522
214, 522
80, 522
2, 522
108, 522
107, 522
110, 522
169, 522
205, 522
65, 522
201, 522
209, 522
189, 522
231, 522
256, 522
71, 522
19, 522
3, 522
242, 522
237, 522
302, 522
338, 522
332, 522
430, 522
416, 522
322, 522
315, 522
480, 522
485, 522
402, 522
462, 522
302, 522
308, 522
330, 522
444, 522
233, 522
202, 522
201, 522
202, 522
164, 522
142, 522
100, 522
100, 522
205, 522
210, 522
98, 522
0, 522
165, 522
215, 522
203, 522
85, 522
208, 522
217, 522
205, 522
211, 522
308, 522
395, 522
210, 522
53, 522
1, 522
282, 522
302, 522
331, 522
303, 522
413, 522
203, 522
322, 522
407, 522
325, 522
341, 522
340, 522
302, 522
377, 522
431, 522
357, 522
420, 522
209, 522
207, 522
109, 522
208, 522
205, 522
176, 522
323, 522
231, 522
305, 522
144, 522
508, 522
211, 522
423, 522
424, 522
309, 522
314, 522
377, 522
329, 522
404, 522
309, 522
401, 522
361, 522
108, 522
201, 522
219, 522
216, 522
207, 522
275, 522
8, 522
452, 522
122, 522
27, 522
202, 522
209, 522
23, 522
8, 522
175, 522
201, 522
197, 522
224, 522
131, 522
235, 522
400, 522
506, 522
160, 522
108, 522
102, 522
202, 522
212, 522
201, 522
200, 522
206, 522
305, 522
268, 522
315, 522
305, 522
310, 522
313, 522
300, 522
304, 522
339, 522
488, 522
400, 522
34, 522
442, 522
138, 522
121, 522
41, 522
0, 522
167, 522
8, 522
85, 522
249, 522
204, 522
37, 522
1, 522
428, 522
232, 522
214, 522
233, 522
48, 522
158, 522
103, 522
138, 522
206, 522
204, 522
200, 522
202, 522
212, 522
228, 522
231, 522
233, 522
213, 522
308, 522
408, 522
448, 522
303, 522
291, 522
277, 522
326, 522
346, 522
502, 522
211, 522
203, 522
220, 522
205, 522
200, 522
210, 522
24, 522
207, 522
169, 522
146, 522
115, 522
36, 522
0, 522
2, 522
110, 522
204, 522
164, 522
235, 522
105, 522
218, 522
52, 522
25, 522
5, 522
208, 522
268, 522
32, 522
317, 522
307, 522
309, 522
354, 522
341, 522
405, 522
500, 522
224, 522
136, 522
202, 522
258, 522
393, 522
280, 522
242, 522
377, 522
323, 522
304, 522
406, 522
342, 522
475, 522
407, 522
295, 522
469, 522
352, 522
277, 522
373, 522
399, 522
143, 522
8, 522
336, 522
327, 522
509, 522
209, 522
185, 522
5, 522
203, 522
145, 522
49, 522
103, 522
100, 522
222, 522
214, 522
200, 522
204, 522
206, 522
49, 522
206, 522
203, 522
101, 522
104, 522
203, 522
210, 522
224, 522
242, 522
206, 522
461, 522
212, 522
231, 522
451, 522
405, 522
418, 522
347, 522
135, 522
151, 522
100, 522
202, 522
204, 522
38, 522
205, 522
34, 522
0, 522
122, 522
201, 522
233, 522
102, 522
292, 522
93, 522
0, 522
111, 522
214, 522
216, 522
350, 522
378, 522
335, 522
349, 522
337, 522
311, 522
436, 522
209, 522
202, 522
203, 522
207, 522
334, 522
218, 522
265, 522
411, 522
384, 522
100, 522
105, 522
107, 522
219, 522
214, 522
328, 522
335, 522
358, 522
246, 522
314, 522
364, 522
336, 522
456, 522
113, 522
406, 522
406, 522
204, 522
41, 522
2, 522
203, 522
203, 522
74, 522
368, 522
186, 522
204, 522
3, 522
10, 522
