#Algorithm: ExpectedSARSA, Speed: 1, Boost: 6, PM: True, Env size: (20, 20), Car size: (5, 4),
#Counter: 100, Nsteps: 10000000, Gamma: 1, LearnRate: 0.01, Eps: 0.5, Epsdecay: 0.9
202, 202
201, 202
214, 214
200, 214
200, 214
210, 214
201, 214
218, 218
214, 218
209, 218
211, 218
214, 218
202, 218
219, 219
204, 219
209, 219
209, 219
219, 219
203, 219
206, 219
202, 219
207, 219
213, 219
200, 219
201, 219
217, 219
224, 224
211, 224
209, 224
203, 224
215, 224
203, 224
210, 224
218, 224
204, 224
210, 224
202, 224
200, 224
223, 224
201, 224
211, 224
205, 224
233, 233
239, 239
203, 239
228, 239
220, 239
201, 239
203, 239
217, 239
214, 239
220, 239
227, 239
200, 239
204, 239
202, 239
220, 239
205, 239
202, 239
211, 239
213, 239
204, 239
204, 239
204, 239
205, 239
201, 239
204, 239
200, 239
214, 239
209, 239
203, 239
200, 239
211, 239
204, 239
204, 239
227, 239
222, 239
214, 239
217, 239
218, 239
206, 239
210, 239
203, 239
212, 239
204, 239
202, 239
211, 239
210, 239
204, 239
211, 239
204, 239
204, 239
201, 239
206, 239
205, 239
201, 239
209, 239
201, 239
203, 239
217, 239
215, 239
200, 239
206, 239
211, 239
200, 239
209, 239
224, 239
202, 239
214, 239
201, 239
214, 239
200, 239
214, 239
203, 239
200, 239
200, 239
206, 239
201, 239
200, 239
203, 239
218, 239
211, 239
201, 239
205, 239
200, 239
203, 239
204, 239
209, 239
214, 239
205, 239
203, 239
201, 239
208, 239
201, 239
201, 239
214, 239
206, 239
212, 239
206, 239
208, 239
206, 239
205, 239
209, 239
204, 239
209, 239
203, 239
208, 239
205, 239
220, 239
204, 239
212, 239
204, 239
200, 239
205, 239
200, 239
200, 239
223, 239
207, 239
204, 239
203, 239
202, 239
200, 239
207, 239
231, 239
200, 239
235, 239
233, 239
205, 239
218, 239
207, 239
212, 239
209, 239
201, 239
210, 239
203, 239
207, 239
200, 239
206, 239
229, 239
209, 239
203, 239
206, 239
201, 239
201, 239
203, 239
202, 239
214, 239
220, 239
202, 239
202, 239
214, 239
201, 239
225, 239
207, 239
222, 239
203, 239
204, 239
236, 239
213, 239
204, 239
228, 239
204, 239
203, 239
206, 239
206, 239
202, 239
222, 239
212, 239
204, 239
204, 239
208, 239
206, 239
203, 239
208, 239
201, 239
204, 239
215, 239
202, 239
211, 239
203, 239
202, 239
207, 239
202, 239
200, 239
201, 239
201, 239
202, 239
203, 239
215, 239
202, 239
240, 240
207, 240
202, 240
200, 240
207, 240
206, 240
207, 240
201, 240
208, 240
214, 240
227, 240
209, 240
209, 240
218, 240
201, 240
230, 240
217, 240
206, 240
235, 240
219, 240
200, 240
207, 240
209, 240
205, 240
200, 240
201, 240
208, 240
215, 240
202, 240
200, 240
212, 240
220, 240
201, 240
206, 240
209, 240
208, 240
201, 240
210, 240
215, 240
208, 240
201, 240
200, 240
211, 240
206, 240
213, 240
203, 240
210, 240
201, 240
202, 240
211, 240
201, 240
203, 240
208, 240
207, 240
204, 240
204, 240
214, 240
203, 240
222, 240
207, 240
212, 240
208, 240
232, 240
210, 240
205, 240
200, 240
204, 240
202, 240
206, 240
204, 240
204, 240
203, 240
202, 240
202, 240
215, 240
204, 240
223, 240
224, 240
202, 240
208, 240
207, 240
202, 240
228, 240
229, 240
201, 240
212, 240
203, 240
206, 240
212, 240
204, 240
202, 240
205, 240
214, 240
206, 240
217, 240
202, 240
202, 240
210, 240
207, 240
200, 240
211, 240
302, 302
300, 302
300, 302
316, 316
311, 316
316, 316
304, 316
312, 316
301, 316
301, 316
300, 316
301, 316
323, 323
301, 323
313, 323
300, 323
305, 323
313, 323
201, 323
221, 323
204, 323
225, 323
310, 323
287, 323
294, 323
210, 323
218, 323
316, 323
205, 323
308, 323
210, 323
206, 323
250, 323
307, 323
217, 323
320, 323
139, 323
335, 335
509, 509
225, 509
215, 509
339, 509
210, 509
204, 509
337, 509
312, 509
222, 509
301, 509
320, 509
389, 509
346, 509
306, 509
316, 509
510, 510
501, 510
360, 510
303, 510
332, 510
310, 510
502, 510
504, 510
213, 510
204, 510
215, 510
210, 510
216, 510
227, 510
238, 510
234, 510
301, 510
252, 510
234, 510
213, 510
232, 510
241, 510
215, 510
224, 510
210, 510
324, 510
210, 510
313, 510
305, 510
505, 510
233, 510
216, 510
392, 510
323, 510
368, 510
355, 510
506, 510
207, 510
205, 510
243, 510
280, 510
233, 510
236, 510
222, 510
293, 510
313, 510
304, 510
311, 510
331, 510
501, 510
215, 510
330, 510
307, 510
219, 510
225, 510
311, 510
340, 510
508, 510
507, 510
217, 510
232, 510
245, 510
230, 510
208, 510
301, 510
313, 510
243, 510
318, 510
269, 510
204, 510
206, 510
203, 510
201, 510
267, 510
201, 510
189, 510
204, 510
157, 510
45, 510
251, 510
198, 510
1, 510
36, 510
1, 510
185, 510
316, 510
113, 510
350, 510
304, 510
251, 510
368, 510
477, 510
512, 512
230, 512
124, 512
102, 512
102, 512
271, 512
211, 512
192, 512
215, 512
233, 512
213, 512
238, 512
305, 512
203, 512
220, 512
200, 512
306, 512
258, 512
306, 512
248, 512
253, 512
312, 512
315, 512
381, 512
365, 512
316, 512
507, 512
260, 512
221, 512
129, 512
120, 512
1, 512
123, 512
181, 512
104, 512
216, 512
154, 512
212, 512
0, 512
103, 512
206, 512
225, 512
192, 512
234, 512
225, 512
194, 512
301, 512
216, 512
247, 512
375, 512
231, 512
220, 512
326, 512
323, 512
505, 512
252, 512
237, 512
211, 512
201, 512
107, 512
109, 512
253, 512
11, 512
175, 512
54, 512
108, 512
150, 512
304, 512
260, 512
249, 512
320, 512
11, 512
46, 512
5, 512
257, 512
246, 512
304, 512
308, 512
347, 512
354, 512
502, 512
257, 512
224, 512
183, 512
310, 512
56, 512
322, 512
223, 512
206, 512
325, 512
240, 512
223, 512
244, 512
305, 512
380, 512
323, 512
213, 512
500, 512
171, 512
229, 512
71, 512
144, 512
101, 512
131, 512
294, 512
99, 512
1, 512
18, 512
225, 512
325, 512
59, 512
0, 512
11, 512
305, 512
298, 512
17, 512
220, 512
361, 512
380, 512
234, 512
264, 512
507, 512
226, 512
263, 512
230, 512
310, 512
139, 512
340, 512
214, 512
215, 512
153, 512
144, 512
311, 512
12, 512
6, 512
0, 512
210, 512
102, 512
105, 512
1, 512
5, 512
225, 512
28, 512
134, 512
304, 512
202, 512
228, 512
106, 512
264, 512
258, 512
232, 512
301, 512
301, 512
253, 512
235, 512
300, 512
348, 512
336, 512
504, 512
308, 512
388, 512
311, 512
320, 512
394, 512
212, 512
231, 512
192, 512
247, 512
305, 512
150, 512
305, 512
44, 512
2, 512
121, 512
179, 512
101, 512
219, 512
113, 512
226, 512
207, 512
67, 512
6, 512
224, 512
313, 512
223, 512
301, 512
328, 512
362, 512
288, 512
244, 512
309, 512
310, 512
507, 512
221, 512
324, 512
278, 512
307, 512
310, 512
302, 512
322, 512
475, 512
500, 512
203, 512
187, 512
106, 512
211, 512
164, 512
229, 512
3, 512
35, 512
1, 512
8, 512
137, 512
304, 512
288, 512
48, 512
5, 512
210, 512
205, 512
333, 512
370, 512
265, 512
253, 512
335, 512
502, 512
206, 512
233, 512
200, 512
217, 512
179, 512
107, 512
242, 512
134, 512
230, 512
123, 512
204, 512
323, 512
290, 512
397, 512
502, 512
230, 512
139, 512
93, 512
1, 512
16, 512
309, 512
151, 512
215, 512
0, 512
0, 512
304, 512
229, 512
156, 512
186, 512
120, 512
116, 512
293, 512
176, 512
241, 512
212, 512
243, 512
224, 512
302, 512
352, 512
397, 512
398, 512
371, 512
514, 514
380, 514
303, 514
324, 514
316, 514
511, 514
226, 514
200, 514
42, 514
207, 514
39, 514
19, 514
0, 514
206, 514
203, 514
150, 514
209, 514
185, 514
48, 514
16, 514
0, 514
101, 514
213, 514
335, 514
320, 514
238, 514
315, 514
326, 514
413, 514
311, 514
347, 514
353, 514
306, 514
386, 514
501, 514
500, 514
212, 514
229, 514
241, 514
145, 514
316, 514
320, 514
379, 514
326, 514
469, 514
384, 514
500, 514
86, 514
1, 514
55, 514
1, 514
122, 514
201, 514
201, 514
233, 514
207, 514
204, 514
167, 514
30, 514
243, 514
224, 514
104, 514
101, 514
201, 514
105, 514
210, 514
227, 514
228, 514
234, 514
125, 514
325, 514
299, 514
218, 514
313, 514
399, 514
398, 514
212, 514
225, 514
352, 514
223, 514
260, 514
214, 514
201, 514
301, 514
202, 514
323, 514
435, 514
484, 514
201, 514
400, 514
414, 514
354, 514
286, 514
2, 514
176, 514
3, 514
505, 514
2, 514
35, 514
260, 514
500, 514
268, 514
337, 514
303, 514
306, 514
477, 514
435, 514
26, 514
14, 514
448, 514
393, 514
449, 514
432, 514
500, 514
100, 514
127, 514
192, 514
145, 514
171, 514
216, 514
210, 514
102, 514
205, 514
207, 514
209, 514
227, 514
217, 514
237, 514
48, 514
115, 514
10, 514
2, 514
50, 514
109, 514
210, 514
115, 514
163, 514
213, 514
282, 514
316, 514
58, 514
112, 514
11, 514
213, 514
277, 514
163, 514
204, 514
112, 514
5, 514
103, 514
113, 514
205, 514
226, 514
213, 514
247, 514
148, 514
129, 514
333, 514
143, 514
124, 514
253, 514
205, 514
307, 514
302, 514
508, 514
111, 514
222, 514
65, 514
1, 514
21, 514
84, 514
69, 514
3, 514
204, 514
189, 514
103, 514
135, 514
165, 514
237, 514
289, 514
294, 514
242, 514
300, 514
314, 514
319, 514
208, 514
244, 514
396, 514
495, 514
190, 514
212, 514
214, 514
201, 514
109, 514
211, 514
153, 514
259, 514
7, 514
447, 514
248, 514
349, 514
301, 514
308, 514
302, 514
455, 514
295, 514
316, 514
500, 514
230, 514
231, 514
155, 514
399, 514
115, 514
32, 514
3, 514
106, 514
141, 514
193, 514
125, 514
206, 514
234, 514
297, 514
26, 514
6, 514
92, 514
272, 514
515, 515
260, 515
329, 515
324, 515
302, 515
501, 515
201, 515
135, 515
137, 515
112, 515
146, 515
202, 515
215, 515
124, 515
192, 515
311, 515
228, 515
209, 515
343, 515
324, 515
505, 515
206, 515
222, 515
306, 515
112, 515
104, 515
156, 515
117, 515
146, 515
203, 515
278, 515
132, 515
241, 515
23, 515
0, 515
71, 515
224, 515
217, 515
234, 515
149, 515
33, 515
43, 515
22, 515
162, 515
202, 515
303, 515
319, 515
337, 515
239, 515
331, 515
410, 515
501, 515
207, 515
188, 515
100, 515
217, 515
115, 515
262, 515
324, 515
122, 515
182, 515
228, 515
279, 515
224, 515
313, 515
399, 515
337, 515
500, 515
218, 515
266, 515
270, 515
395, 515
88, 515
2, 515
337, 515
1, 515
217, 515
267, 515
9, 515
170, 515
0, 515
305, 515
305, 515
233, 515
243, 515
231, 515
305, 515
419, 515
371, 515
306, 515
509, 515
224, 515
116, 515
141, 515
110, 515
211, 515
186, 515
306, 515
186, 515
232, 515
214, 515
253, 515
284, 515
28, 515
167, 515
190, 515
0, 515
17, 515
294, 515
131, 515
310, 515
111, 515
59, 515
1, 515
300, 515
306, 515
303, 515
429, 515
361, 515
278, 515
491, 515
479, 515
309, 515
323, 515
370, 515
369, 515
498, 515
400, 515
478, 515
100, 515
205, 515
194, 515
213, 515
210, 515
205, 515
207, 515
171, 515
212, 515
382, 515
201, 515
284, 515
303, 515
453, 515
311, 515
358, 515
137, 515
8, 515
282, 515
82, 515
2, 515
1, 515
9, 515
248, 515
203, 515
118, 515
110, 515
211, 515
215, 515
178, 515
351, 515
309, 515
456, 515
228, 515
164, 515
211, 515
207, 515
258, 515
465, 515
150, 515
475, 515
364, 515
320, 515
329, 515
328, 515
411, 515
323, 515
496, 515
202, 515
105, 515
211, 515
210, 515
203, 515
324, 515
186, 515
188, 515
4, 515
444, 515
371, 515
14, 515
27, 515
4, 515
479, 515
15, 515
398, 515
104, 515
210, 515
209, 515
249, 515
216, 515
324, 515
309, 515
238, 515
214, 515
312, 515
507, 515
207, 515
417, 515
334, 515
417, 515
202, 515
57, 515
103, 515
257, 515
201, 515
411, 515
322, 515
216, 515
223, 515
394, 515
286, 515
288, 515
273, 515
467, 515
258, 515
237, 515
59, 515
3, 515
3, 515
129, 515
101, 515
211, 515
290, 515
209, 515
174, 515
3, 515
3, 515
414, 515
295, 515
216, 515
308, 515
302, 515
321, 515
508, 515
300, 515
244, 515
101, 515
225, 515
104, 515
247, 515
215, 515
212, 515
264, 515
171, 515
210, 515
193, 515
117, 515
162, 515
117, 515
273, 515
280, 515
231, 515
208, 515
306, 515
500, 515
38, 515
26, 515
32, 515
0, 515
374, 515
57, 515
0, 515
39, 515
369, 515
378, 515
202, 515
149, 515
175, 515
195, 515
194, 515
212, 515
338, 515
267, 515
309, 515
329, 515
354, 515
303, 515
201, 515
318, 515
221, 515
510, 515
277, 515
329, 515
243, 515
311, 515
283, 515
336, 515
455, 515
411, 515
174, 515
457, 515
103, 515
173, 515
2, 515
142, 515
210, 515
116, 515
2, 515
10, 515
199, 515
214, 515
166, 515
311, 515
242, 515
300, 515
339, 515
302, 515
352, 515
404, 515
316, 515
340, 515
302, 515
439, 515
327, 515
501, 515
200, 515
128, 515
118, 515
206, 515
219, 515
106, 515
109, 515
205, 515
203, 515
198, 515
202, 515
135, 515
186, 515
167, 515
223, 515
208, 515
6, 515
29, 515
5, 515
202, 515
24, 515
161, 515
210, 515
5, 515
303, 515
136, 515
0, 515
216, 515
178, 515
109, 515
242, 515
214, 515
204, 515
254, 515
188, 515
132, 515
152, 515
296, 515
294, 515
213, 515
247, 515
263, 515
302, 515
319, 515
448, 515
415, 515
306, 515
462, 515
361, 515
0, 515
365, 515
308, 515
6, 515
147, 515
0, 515
359, 515
62, 515
343, 515
469, 515
474, 515
335, 515
409, 515
502, 515
203, 515
209, 515
213, 515
120, 515
108, 515
201, 515
203, 515
187, 515
208, 515
124, 515
205, 515
225, 515
226, 515
281, 515
213, 515
226, 515
288, 515
242, 515
355, 515
386, 515
325, 515
244, 515
390, 515
386, 515
394, 515
106, 515
139, 515
200, 515
218, 515
201, 515
303, 515
18, 515
60, 515
2, 515
304, 515
244, 515
267, 515
303, 515
312, 515
493, 515
348, 515
90, 515
0, 515
369, 515
353, 515
228, 515
429, 515
240, 515
230, 515
391, 515
207, 515
378, 515
141, 515
108, 515
201, 515
241, 515
212, 515
372, 515
326, 515
160, 515
200, 515
128, 515
229, 515
201, 515
370, 515
253, 515
348, 515
264, 515
303, 515
305, 515
424, 515
301, 515
337, 515
437, 515
355, 515
349, 515
320, 515
229, 515
341, 515
113, 515
225, 515
335, 515
22, 515
0, 515
200, 515
211, 515
2, 515
1, 515
302, 515
330, 515
358, 515
310, 515
343, 515
469, 515
376, 515
218, 515
353, 515
138, 515
301, 515
329, 515
378, 515
485, 515
355, 515
315, 515
408, 515
442, 515
340, 515
362, 515
384, 515
316, 515
479, 515
449, 515
318, 515
420, 515
12, 515
3, 515
373, 515
34, 515
11, 515
5, 515
116, 515
201, 515
149, 515
155, 515
209, 515
347, 515
348, 515
478, 515
230, 515
401, 515
387, 515
372, 515
175, 515
101, 515
166, 515
200, 515
200, 515
163, 515
205, 515
308, 515
335, 515
391, 515
481, 515
521, 521
203, 521
236, 521
182, 521
171, 521
415, 521
146, 521
382, 521
53, 521
0, 521
29, 521
94, 521
218, 521
6, 521
457, 521
363, 521
410, 521
431, 521
249, 521
405, 521
429, 521
141, 521
202, 521
229, 521
166, 521
209, 521
205, 521
209, 521
223, 521
207, 521
220, 521
137, 521
187, 521
100, 521
226, 521
207, 521
210, 521
275, 521
369, 521
341, 521
332, 521
469, 521
203, 521
201, 521
154, 521
79, 521
0, 521
195, 521
41, 521
46, 521
221, 521
242, 521
324, 521
126, 521
3, 521
8, 521
248, 521
315, 521
230, 521
211, 521
446, 521
346, 521
300, 521
415, 521
208, 521
273, 521
252, 521
327, 521
390, 521
331, 521
408, 521
214, 521
205, 521
183, 521
180, 521
114, 521
205, 521
221, 521
385, 521
224, 521
392, 521
285, 521
316, 521
305, 521
355, 521
317, 521
504, 521
351, 521
229, 521
423, 521
490, 521
390, 521
311, 521
10, 521
371, 521
249, 521
14, 521
471, 521
25, 521
7, 521
103, 521
402, 521
80, 521
456, 521
379, 521
351, 521
278, 521
429, 521
214, 521
113, 521
224, 521
200, 521
200, 521
211, 521
114, 521
148, 521
106, 521
200, 521
201, 521
233, 521
503, 521
425, 521
501, 521
19, 521
216, 521
223, 521
179, 521
158, 521
21, 521
164, 521
214, 521
15, 521
0, 521
32, 521
216, 521
226, 521
46, 521
0, 521
56, 521
182, 521
159, 521
111, 521
106, 521
200, 521
219, 521
280, 521
137, 521
247, 521
203, 521
202, 521
210, 521
209, 521
227, 521
302, 521
309, 521
339, 521
420, 521
327, 521
432, 521
209, 521
195, 521
214, 521
218, 521
262, 521
217, 521
80, 521
204, 521
270, 521
209, 521
308, 521
382, 521
328, 521
349, 521
509, 521
206, 521
221, 521
147, 521
107, 521
208, 521
190, 521
3, 521
151, 521
214, 521
216, 521
82, 521
82, 521
3, 521
229, 521
168, 521
219, 521
204, 521
213, 521
105, 521
137, 521
206, 521
238, 521
224, 521
206, 521
309, 521
240, 521
324, 521
317, 521
314, 521
400, 521
337, 521
337, 521
308, 521
335, 521
457, 521
482, 521
12, 521
386, 521
3, 521
48, 521
6, 521
56, 521
0, 521
30, 521
350, 521
448, 521
247, 521
387, 521
310, 521
338, 521
422, 521
378, 521
414, 521
136, 521
102, 521
201, 521
206, 521
207, 521
205, 521
204, 521
200, 521
109, 521
118, 521
217, 521
221, 521
445, 521
340, 521
209, 521
273, 521
135, 521
297, 521
301, 521
306, 521
309, 521
317, 521
492, 521
424, 521
418, 521
357, 521
324, 521
345, 521
416, 521
312, 521
416, 521
162, 521
3, 521
435, 521
421, 521
54, 521
5, 521
9, 521
463, 521
4, 521
206, 521
200, 521
203, 521
200, 521
202, 521
157, 521
216, 521
117, 521
203, 521
252, 521
266, 521
253, 521
458, 521
403, 521
220, 521
329, 521
484, 521
383, 521
218, 521
206, 521
187, 521
105, 521
202, 521
218, 521
210, 521
234, 521
211, 521
222, 521
336, 521
346, 521
358, 521
367, 521
204, 521
204, 521
231, 521
213, 521
22, 521
3, 521
135, 521
18, 521
261, 521
103, 521
226, 521
288, 521
384, 521
202, 521
170, 521
212, 521
75, 521
31, 521
6, 521
218, 521
429, 521
202, 521
258, 521
224, 521
203, 521
307, 521
293, 521
304, 521
410, 521
355, 521
321, 521
383, 521
270, 521
403, 521
317, 521
383, 521
347, 521
481, 521
482, 521
17, 521
201, 521
200, 521
209, 521
178, 521
209, 521
16, 521
1, 521
206, 521
396, 521
148, 521
165, 521
152, 521
381, 521
10, 521
33, 521
13, 521
64, 521
108, 521
202, 521
128, 521
178, 521
165, 521
211, 521
342, 521
188, 521
112, 521
207, 521
502, 521
289, 521
300, 521
362, 521
493, 521
377, 521
349, 521
429, 521
293, 521
435, 521
451, 521
238, 521
472, 521
150, 521
2, 521
323, 521
14, 521
7, 521
142, 521
60, 521
370, 521
376, 521
502, 521
103, 521
110, 521
218, 521
205, 521
201, 521
161, 521
198, 521
235, 521
210, 521
1, 521
126, 521
101, 521
265, 521
203, 521
211, 521
224, 521
210, 521
203, 521
140, 521
213, 521
203, 521
124, 521
119, 521
216, 521
216, 521
217, 521
152, 521
31, 521
0, 521
211, 521
114, 521
126, 521
257, 521
157, 521
137, 521
133, 521
183, 521
227, 521
134, 521
218, 521
112, 521
7, 521
0, 521
54, 521
310, 521
257, 521
302, 521
320, 521
325, 521
428, 521
517, 521
202, 521
300, 521
453, 521
230, 521
255, 521
309, 521
481, 521
347, 521
400, 521
359, 521
387, 521
481, 521
512, 521
414, 521
479, 521
148, 521
254, 521
4, 521
313, 521
348, 521
413, 521
382, 521
492, 521
406, 521
4, 521
0, 521
37, 521
335, 521
390, 521
86, 521
452, 521
440, 521
200, 521
200, 521
151, 521
113, 521
227, 521
162, 521
204, 521
209, 521
207, 521
152, 521
200, 521
200, 521
209, 521
134, 521
207, 521
275, 521
220, 521
245, 521
209, 521
310, 521
457, 521
218, 521
160, 521
205, 521
197, 521
100, 521
121, 521
115, 521
189, 521
201, 521
227, 521
224, 521
341, 521
10, 521
0, 521
82, 521
63, 521
254, 521
202, 521
325, 521
317, 521
323, 521
314, 521
347, 521
308, 521
436, 521
500, 521
221, 521
275, 521
19, 521
5, 521
213, 521
318, 521
500, 521
207, 521
222, 521
408, 521
205, 521
168, 521
232, 521
200, 521
200, 521
126, 521
202, 521
201, 521
175, 521
101, 521
235, 521
280, 521
170, 521
206, 521
418, 521
402, 521
470, 521
210, 521
214, 521
363, 521
203, 521
323, 521
314, 521
506, 521
39, 521
1, 521
23, 521
219, 521
5, 521
0, 521
41, 521
225, 521
212, 521
128, 521
207, 521
218, 521
52, 521
162, 521
173, 521
211, 521
220, 521
117, 521
101, 521
236, 521
210, 521
235, 521
239, 521
164, 521
202, 521
218, 521
302, 521
421, 521
398, 521
130, 521
203, 521
213, 521
219, 521
227, 521
189, 521
209, 521
219, 521
212, 521
138, 521
52, 521
0, 521
289, 521
206, 521
304, 521
300, 521
346, 521
411, 521
434, 521
361, 521
303, 521
314, 521
336, 521
504, 521
488, 521
181, 521
1, 521
449, 521
6, 521
338, 521
409, 521
508, 521
200, 521
218, 521
164, 521
69, 521
110, 521
219, 521
238, 521
224, 521
216, 521
208, 521
116, 521
417, 521
214, 521
470, 521
328, 521
319, 521
317, 521
332, 521
478, 521
215, 521
185, 521
219, 521
207, 521
284, 521
14, 521
318, 521
433, 521
266, 521
1, 521
105, 521
2, 521
402, 521
500, 521
18, 521
53, 521
316, 521
378, 521
157, 521
207, 521
199, 521
150, 521
132, 521
221, 521
63, 521
331, 521
337, 521
204, 521
217, 521
289, 521
322, 521
315, 521
503, 521
133, 521
200, 521
148, 521
201, 521
140, 521
155, 521
224, 521
157, 521
0, 521
247, 521
3, 521
194, 521
108, 521
138, 521
111, 521
251, 521
212, 521
204, 521
52, 521
2, 521
236, 521
194, 521
123, 521
203, 521
217, 521
203, 521
294, 521
283, 521
392, 521
427, 521
363, 521
351, 521
305, 521
447, 521
397, 521
202, 521
127, 521
229, 521
204, 521
237, 521
212, 521
282, 521
381, 521
501, 521
283, 521
1, 521
0, 521
387, 521
337, 521
28, 521
0, 521
352, 521
325, 521
317, 521
429, 521
404, 521
342, 521
475, 521
104, 521
209, 521
201, 521
130, 521
200, 521
213, 521
206, 521
248, 521
204, 521
177, 521
154, 521
20, 521
196, 521
209, 521
206, 521
318, 521
322, 521
414, 521
516, 521
278, 521
416, 521
341, 521
166, 521
114, 521
166, 521
207, 521
201, 521
313, 521
308, 521
319, 521
349, 521
489, 521
299, 521
13, 521
302, 521
459, 521
350, 521
23, 521
0, 521
28, 521
41, 521
506, 521
419, 521
203, 521
163, 521
212, 521
239, 521
131, 521
221, 521
222, 521
168, 521
355, 521
228, 521
239, 521
267, 521
318, 521
401, 521
349, 521
427, 521
338, 521
319, 521
394, 521
213, 521
200, 521
205, 521
173, 521
223, 521
346, 521
203, 521
176, 521
105, 521
39, 521
103, 521
6, 521
202, 521
182, 521
330, 521
39, 521
4, 521
17, 521
300, 521
445, 521
210, 521
163, 521
207, 521
216, 521
212, 521
318, 521
471, 521
202, 521
237, 521
166, 521
106, 521
100, 521
260, 521
348, 521
216, 521
152, 521
228, 521
236, 521
200, 521
200, 521
246, 521
244, 521
490, 521
335, 521
340, 521
308, 521
372, 521
435, 521
353, 521
180, 521
1, 521
43, 521
10, 521
484, 521
207, 521
163, 521
32, 521
8, 521
206, 521
200, 521
206, 521
274, 521
455, 521
167, 521
112, 521
200, 521
198, 521
234, 521
369, 521
510, 521
224, 521
108, 521
117, 521
105, 521
89, 521
189, 521
159, 521
219, 521
203, 521
62, 521
306, 521
348, 521
362, 521
395, 521
418, 521
396, 521
354, 521
51, 521
0, 521
200, 521
222, 521
157, 521
182, 521
180, 521
206, 521
182, 521
118, 521
202, 521
201, 521
247, 521
278, 521
0, 521
127, 521
202, 521
238, 521
220, 521
211, 521
302, 521
312, 521
403, 521
423, 521
111, 521
206, 521
211, 521
215, 521
227, 521
254, 521
266, 521
209, 521
487, 521
235, 521
288, 521
502, 521
332, 521
334, 521
342, 521
447, 521
312, 521
506, 521
309, 521
404, 521
310, 521
410, 521
410, 521
526, 526
3, 526
215, 526
131, 526
253, 526
54, 526
167, 526
201, 526
7, 526
1, 526
221, 526
76, 526
167, 526
106, 526
215, 526
220, 526
203, 526
243, 526
47, 526
140, 526
30, 526
106, 526
207, 526
207, 526
223, 526
154, 526
186, 526
313, 526
203, 526
391, 526
321, 526
322, 526
320, 526
303, 526
341, 526
439, 526
378, 526
514, 526
218, 526
132, 526
102, 526
179, 526
210, 526
42, 526
1, 526
23, 526
5, 526
207, 526
225, 526
104, 526
209, 526
192, 526
113, 526
55, 526
136, 526
17, 526
78, 526
200, 526
208, 526
229, 526
115, 526
101, 526
214, 526
201, 526
211, 526
112, 526
209, 526
101, 526
112, 526
205, 526
231, 526
331, 526
240, 526
241, 526
200, 526
305, 526
358, 526
304, 526
310, 526
343, 526
319, 526
304, 526
431, 526
508, 526
189, 526
4, 526
208, 526
44, 526
0, 526
183, 526
210, 526
222, 526
227, 526
159, 526
206, 526
162, 526
192, 526
181, 526
5, 526
1, 526
101, 526
206, 526
174, 526
201, 526
223, 526
271, 526
215, 526
201, 526
120, 526
201, 526
234, 526
82, 526
179, 526
4, 526
0, 526
83, 526
104, 526
236, 526
135, 526
42, 526
219, 526
208, 526
123, 526
6, 526
34, 526
154, 526
116, 526
120, 526
224, 526
284, 526
208, 526
301, 526
358, 526
300, 526
301, 526
371, 526
461, 526
473, 526
371, 526
315, 526
394, 526
321, 526
315, 526
447, 526
404, 526
382, 526
209, 526
200, 526
208, 526
200, 526
162, 526
226, 526
101, 526
120, 526
8, 526
8, 526
217, 526
203, 526
108, 526
455, 526
307, 526
358, 526
1, 526
280, 526
326, 526
333, 526
319, 526
444, 526
462, 526
108, 526
208, 526
206, 526
39, 526
141, 526
214, 526
330, 526
205, 526
324, 526
529, 529
216, 529
171, 529
209, 529
204, 529
121, 529
133, 529
187, 529
109, 529
203, 529
201, 529
132, 529
105, 529
245, 529
202, 529
39, 529
0, 529
14, 529
117, 529
124, 529
154, 529
253, 529
202, 529
230, 529
34, 529
66, 529
0, 529
21, 529
201, 529
165, 529
295, 529
242, 529
201, 529
308, 529
307, 529
363, 529
320, 529
321, 529
501, 529
101, 529
126, 529
212, 529
213, 529
265, 529
146, 529
206, 529
210, 529
195, 529
117, 529
201, 529
222, 529
214, 529
0, 529
128, 529
231, 529
58, 529
1, 529
87, 529
232, 529
230, 529
207, 529
315, 529
306, 529
474, 529
379, 529
267, 529
310, 529
323, 529
471, 529
503, 529
31, 529
12, 529
111, 529
108, 529
202, 529
203, 529
215, 529
206, 529
1, 529
55, 529
211, 529
134, 529
238, 529
206, 529
169, 529
127, 529
148, 529
102, 529
159, 529
210, 529
221, 529
236, 529
221, 529
238, 529
310, 529
424, 529
372, 529
335, 529
420, 529
318, 529
28, 529
0, 529
469, 529
2, 529
0, 529
110, 529
138, 529
209, 529
200, 529
206, 529
223, 529
11, 529
171, 529
176, 529
303, 529
208, 529
217, 529
327, 529
210, 529
401, 529
412, 529
365, 529
343, 529
485, 529
146, 529
103, 529
209, 529
204, 529
205, 529
215, 529
209, 529
232, 529
288, 529
231, 529
235, 529
397, 529
350, 529
246, 529
414, 529
392, 529
249, 529
337, 529
471, 529
205, 529
190, 529
57, 529
0, 529
202, 529
111, 529
102, 529
200, 529
179, 529
288, 529
106, 529
139, 529
205, 529
216, 529
213, 529
2, 529
59, 529
257, 529
300, 529
334, 529
304, 529
413, 529
429, 529
351, 529
345, 529
308, 529
414, 529
447, 529
452, 529
399, 529
397, 529
466, 529
376, 529
406, 529
434, 529
343, 529
331, 529
502, 529
335, 529
428, 529
10, 529
194, 529
1, 529
461, 529
13, 529
17, 529
228, 529
90, 529
141, 529
208, 529
208, 529
189, 529
223, 529
285, 529
340, 529
462, 529
402, 529
369, 529
449, 529
310, 529
509, 529
209, 529
126, 529
118, 529
201, 529
200, 529
182, 529
281, 529
319, 529
311, 529
429, 529
403, 529
373, 529
413, 529
189, 529
220, 529
209, 529
218, 529
202, 529
260, 529
447, 529
511, 529
201, 529
1, 529
74, 529
4, 529
12, 529
5, 529
131, 529
124, 529
130, 529
122, 529
201, 529
122, 529
0, 529
149, 529
145, 529
103, 529
205, 529
202, 529
204, 529
122, 529
222, 529
216, 529
207, 529
255, 529
301, 529
304, 529
305, 529
313, 529
308, 529
500, 529
30, 529
125, 529
305, 529
400, 529
209, 529
203, 529
175, 529
243, 529
312, 529
390, 529
133, 529
202, 529
289, 529
299, 529
338, 529
333, 529
345, 529
405, 529
112, 529
200, 529
200, 529
225, 529
204, 529
49, 529
0, 529
0, 529
202, 529
190, 529
241, 529
233, 529
433, 529
17, 529
0, 529
374, 529
370, 529
201, 529
202, 529
339, 529
125, 529
251, 529
314, 529
337, 529
323, 529
307, 529
387, 529
392, 529
393, 529
210, 529
203, 529
212, 529
160, 529
213, 529
215, 529
186, 529
102, 529
217, 529
219, 529
263, 529
214, 529
249, 529
502, 529
204, 529
204, 529
237, 529
282, 529
153, 529
200, 529
228, 529
21, 529
0, 529
230, 529
1, 529
108, 529
227, 529
231, 529
96, 529
325, 529
385, 529
5, 529
355, 529
19, 529
353, 529
511, 529
166, 529
105, 529
113, 529
108, 529
174, 529
306, 529
310, 529
301, 529
341, 529
345, 529
384, 529
438, 529
440, 529
200, 529
128, 529
120, 529
201, 529
214, 529
200, 529
209, 529
222, 529
370, 529
124, 529
168, 529
0, 529
89, 529
135, 529
191, 529
113, 529
278, 529
403, 529
7, 529
19, 529
193, 529
358, 529
445, 529
376, 529
368, 529
377, 529
309, 529
504, 529
157, 529
104, 529
201, 529
203, 529
1, 529
208, 529
159, 529
196, 529
223, 529
209, 529
219, 529
206, 529
307, 529
449, 529
412, 529
208, 529
40, 529
0, 529
103, 529
203, 529
236, 529
118, 529
116, 529
104, 529
234, 529
123, 529
189, 529
255, 529
12, 529
239, 529
33, 529
2, 529
36, 529
306, 529
455, 529
200, 529
114, 529
215, 529
262, 529
300, 529
334, 529
304, 529
324, 529
329, 529
303, 529
503, 529
406, 529
410, 529
510, 529
285, 529
392, 529
460, 529
342, 529
469, 529
389, 529
284, 529
393, 529
303, 529
414, 529
500, 529
188, 529
103, 529
202, 529
149, 529
18, 529
5, 529
135, 529
205, 529
203, 529
225, 529
210, 529
202, 529
3, 529
123, 529
44, 529
196, 529
207, 529
6, 529
152, 529
208, 529
214, 529
0, 529
201, 529
244, 529
163, 529
235, 529
148, 529
111, 529
223, 529
214, 529
125, 529
106, 529
171, 529
217, 529
139, 529
18, 529
0, 529
2, 529
79, 529
211, 529
232, 529
212, 529
205, 529
278, 529
219, 529
5, 529
123, 529
337, 529
323, 529
314, 529
393, 529
387, 529
353, 529
447, 529
507, 529
194, 529
208, 529
203, 529
175, 529
100, 529
213, 529
166, 529
208, 529
212, 529
213, 529
215, 529
214, 529
214, 529
15, 529
216, 529
126, 529
205, 529
307, 529
342, 529
303, 529
305, 529
406, 529
374, 529
384, 529
356, 529
417, 529
375, 529
321, 529
459, 529
128, 529
2, 529
154, 529
3, 529
472, 529
176, 529
350, 529
503, 529
26, 529
152, 529
208, 529
171, 529
111, 529
207, 529
252, 529
124, 529
215, 529
205, 529
220, 529
234, 529
277, 529
316, 529
330, 529
319, 529
415, 529
394, 529
401, 529
249, 529
493, 529
278, 529
75, 529
396, 529
396, 529
344, 529
152, 529
2, 529
328, 529
508, 529
215, 529
77, 529
4, 529
196, 529
216, 529
136, 529
103, 529
191, 529
210, 529
146, 529
201, 529
13, 529
351, 529
205, 529
131, 529
354, 529
337, 529
304, 529
485, 529
300, 529
432, 529
370, 529
209, 529
205, 529
185, 529
204, 529
305, 529
303, 529
397, 529
389, 529
414, 529
302, 529
403, 529
435, 529
15, 529
8, 529
502, 529
11, 529
34, 529
0, 529
12, 529
122, 529
159, 529
106, 529
212, 529
168, 529
202, 529
204, 529
205, 529
211, 529
228, 529
232, 529
244, 529
285, 529
429, 529
335, 529
364, 529
354, 529
426, 529
342, 529
400, 529
500, 529
71, 529
2, 529
292, 529
424, 529
332, 529
112, 529
14, 529
410, 529
62, 529
17, 529
312, 529
397, 529
502, 529
2, 529
4, 529
3, 529
5, 529
306, 529
290, 529
396, 529
325, 529
363, 529
407, 529
407, 529
420, 529
507, 529
156, 529
402, 529
268, 529
318, 529
501, 529
217, 529
311, 529
394, 529
360, 529
400, 529
333, 529
343, 529
428, 529
31, 529
3, 529
428, 529
84, 529
6, 529
17, 529
458, 529
41, 529
365, 529
326, 529
469, 529
471, 529
401, 529
348, 529
445, 529
355, 529
438, 529
397, 529
202, 529
183, 529
116, 529
109, 529
201, 529
112, 529
206, 529
200, 529
233, 529
137, 529
206, 529
208, 529
211, 529
173, 529
104, 529
111, 529
200, 529
174, 529
221, 529
208, 529
222, 529
202, 529
249, 529
323, 529
201, 529
256, 529
305, 529
316, 529
485, 529
321, 529
412, 529
211, 529
319, 529
429, 529
15, 529
5, 529
17, 529
322, 529
83, 529
0, 529
352, 529
410, 529
400, 529
57, 529
412, 529
414, 529
206, 529
203, 529
121, 529
134, 529
104, 529
120, 529
205, 529
212, 529
253, 529
217, 529
238, 529
338, 529
507, 529
205, 529
148, 529
236, 529
248, 529
234, 529
135, 529
161, 529
192, 529
