#Algorithm: SARSA, Speed: 1, Boost: 1, PM: True, Env size: (20, 20), Car size: (5, 4),
#Counter: 100, Nsteps: 1000000, Gamma: 1, LearnRate: 0.01, Eps: 0.5, Epsdecay: 0.9
0, 0
6, 6
0, 6
1, 6
1, 6
0, 6
7, 7
2, 7
5, 7
1, 7
8, 8
0, 8
0, 8
1, 8
1, 8
5, 8
1, 8
5, 8
0, 8
1, 8
4, 8
1, 8
1, 8
0, 8
1, 8
2, 8
3, 8
3, 8
3, 8
13, 13
3, 13
1, 13
1, 13
1, 13
2, 13
5, 13
1, 13
1, 13
0, 13
0, 13
9, 13
7, 13
0, 13
0, 13
2, 13
1, 13
0, 13
3, 13
0, 13
1, 13
0, 13
16, 16
3, 16
7, 16
5, 16
14, 16
22, 22
0, 22
31, 31
0, 31
0, 31
5, 31
4, 31
8, 31
5, 31
0, 31
4, 31
5, 31
11, 31
1, 31
1, 31
2, 31
7, 31
0, 31
2, 31
3, 31
0, 31
5, 31
21, 31
1, 31
1, 31
7, 31
9, 31
5, 31
4, 31
3, 31
9, 31
1, 31
9, 31
2, 31
3, 31
5, 31
42, 42
9, 42
10, 42
0, 42
1, 42
10, 42
2, 42
3, 42
12, 42
9, 42
3, 42
0, 42
1, 42
0, 42
6, 42
4, 42
23, 42
0, 42
0, 42
6, 42
43, 43
0, 43
5, 43
2, 43
2, 43
3, 43
20, 43
43, 43
4, 43
100, 100
101, 101
10, 101
5, 101
10, 101
1, 101
18, 101
3, 101
12, 101
3, 101
0, 101
0, 101
1, 101
25, 101
6, 101
5, 101
4, 101
3, 101
10, 101
0, 101
0, 101
44, 101
4, 101
34, 101
2, 101
31, 101
4, 101
1, 101
13, 101
0, 101
7, 101
7, 101
36, 101
7, 101
2, 101
26, 101
2, 101
19, 101
10, 101
3, 101
23, 101
2, 101
25, 101
7, 101
4, 101
34, 101
35, 101
6, 101
219, 219
364, 364
302, 364
304, 364
309, 364
300, 364
301, 364
300, 364
302, 364
334, 364
315, 364
303, 364
312, 364
318, 364
303, 364
307, 364
332, 364
302, 364
325, 364
305, 364
325, 364
303, 364
304, 364
314, 364
309, 364
335, 364
301, 364
302, 364
305, 364
310, 364
325, 364
315, 364
301, 364
317, 364
312, 364
303, 364
310, 364
300, 364
310, 364
319, 364
321, 364
322, 364
307, 364
324, 364
319, 364
358, 364
350, 364
303, 364
304, 364
305, 364
303, 364
310, 364
319, 364
315, 364
316, 364
303, 364
306, 364
309, 364
303, 364
305, 364
304, 364
321, 364
306, 364
301, 364
352, 364
317, 364
323, 364
302, 364
305, 364
304, 364
313, 364
315, 364
331, 364
317, 364
302, 364
305, 364
316, 364
328, 364
303, 364
300, 364
341, 364
333, 364
312, 364
300, 364
323, 364
309, 364
309, 364
312, 364
307, 364
302, 364
322, 364
302, 364
300, 364
310, 364
301, 364
315, 364
301, 364
303, 364
347, 364
308, 364
303, 364
306, 364
304, 364
323, 364
308, 364
301, 364
320, 364
309, 364
319, 364
314, 364
308, 364
315, 364
313, 364
316, 364
302, 364
300, 364
304, 364
301, 364
308, 364
329, 364
312, 364
303, 364
306, 364
308, 364
306, 364
327, 364
309, 364
310, 364
305, 364
301, 364
311, 364
302, 364
309, 364
313, 364
308, 364
305, 364
338, 364
369, 369
309, 369
310, 369
313, 369
301, 369
311, 369
319, 369
317, 369
305, 369
300, 369
312, 369
344, 369
353, 369
307, 369
305, 369
301, 369
306, 369
308, 369
314, 369
313, 369
308, 369
329, 369
306, 369
301, 369
307, 369
313, 369
310, 369
334, 369
307, 369
312, 369
310, 369
304, 369
301, 369
307, 369
319, 369
301, 369
300, 369
300, 369
303, 369
308, 369
313, 369
316, 369
302, 369
332, 369
300, 369
310, 369
327, 369
301, 369
308, 369
301, 369
301, 369
319, 369
333, 369
301, 369
333, 369
300, 369
301, 369
321, 369
339, 369
334, 369
300, 369
304, 369
324, 369
304, 369
303, 369
302, 369
305, 369
307, 369
301, 369
309, 369
305, 369
304, 369
306, 369
303, 369
307, 369
321, 369
398, 398
303, 398
308, 398
319, 398
328, 398
303, 398
321, 398
321, 398
319, 398
323, 398
330, 398
307, 398
302, 398
301, 398
300, 398
323, 398
310, 398
300, 398
335, 398
327, 398
335, 398
364, 398
308, 398
301, 398
327, 398
300, 398
303, 398
327, 398
300, 398
343, 398
303, 398
304, 398
307, 398
301, 398
305, 398
374, 398
315, 398
306, 398
300, 398
303, 398
303, 398
313, 398
303, 398
310, 398
304, 398
