#Algorithm: SARSA, Speed: 1, Boost: 1, PM: True, Env size: (20, 20), Car size: (5, 4),
#Counter: 10000000, Nsteps: 1000000, Gamma: 1, LearnRate: 0.01, Eps: 0.5, Epsdecay: 0.9
1, 1
1, 1
2, 2
1, 2
0, 2
0, 2
1, 2
6, 6
1, 6
0, 6
7, 7
1, 7
6, 7
1, 7
0, 7
1, 7
4, 7
0, 7
0, 7
1, 7
3, 7
11, 11
0, 11
1, 11
4, 11
2, 11
9, 11
1, 11
1, 11
4, 11
1, 11
2, 11
1, 11
0, 11
2, 11
1, 11
0, 11
2, 11
0, 11
0, 11
2, 11
3, 11
2, 11
2, 11
1, 11
4, 11
2, 11
13, 13
0, 13
4, 13
21, 21
8, 21
10, 21
3, 21
1, 21
7, 21
1, 21
2, 21
0, 21
4, 21
2, 21
5, 21
0, 21
7, 21
3, 21
3, 21
1, 21
2, 21
1, 21
4, 21
2, 21
1, 21
3, 21
2, 21
0, 21
0, 21
1, 21
0, 21
1, 21
0, 21
0, 21
2, 21
5, 21
1, 21
2, 21
0, 21
1, 21
4, 21
0, 21
5, 21
1, 21
4, 21
1, 21
2, 21
4, 21
7, 21
7, 21
7, 21
1, 21
2, 21
10, 21
0, 21
14, 21
10, 21
2, 21
3, 21
0, 21
1, 21
4, 21
7, 21
4, 21
0, 21
6, 21
2, 21
3, 21
21, 21
20, 21
8, 21
9, 21
5, 21
1, 21
5, 21
1, 21
0, 21
0, 21
0, 21
2, 21
0, 21
0, 21
11, 21
3, 21
0, 21
0, 21
0, 21
0, 21
1, 21
4, 21
9, 21
5, 21
35, 35
1, 35
2, 35
13, 35
16, 35
1, 35
19, 35
15, 35
2, 35
42, 42
19, 42
4, 42
10, 42
65, 65
7, 65
5, 65
16, 65
3, 65
10, 65
0, 65
3, 65
11, 65
8, 65
9, 65
49160, 49160
