#Algorithm: Qlearning, Speed: 1, Boost: 6, PM: True, Env size: (20, 20), Car size: (5, 4),
#Counter: 100, Nsteps: 10000000, Gamma: 1, LearnRate: 0.01, Eps: 0.5, Epsdecay: 0.9
210, 210
211, 211
204, 211
207, 211
206, 211
205, 211
210, 211
207, 211
205, 211
208, 211
200, 211
205, 211
201, 211
220, 220
203, 220
205, 220
204, 220
215, 220
200, 220
234, 234
211, 234
204, 234
200, 234
201, 234
222, 234
201, 234
202, 234
208, 234
204, 234
208, 234
202, 234
222, 234
207, 234
209, 234
201, 234
206, 234
201, 234
201, 234
208, 234
205, 234
220, 234
201, 234
214, 234
231, 234
254, 254
202, 254
201, 254
204, 254
211, 254
201, 254
209, 254
206, 254
213, 254
205, 254
200, 254
202, 254
204, 254
201, 254
201, 254
207, 254
212, 254
205, 254
210, 254
200, 254
205, 254
213, 254
216, 254
203, 254
204, 254
202, 254
207, 254
214, 254
201, 254
203, 254
225, 254
212, 254
240, 254
205, 254
240, 254
204, 254
201, 254
217, 254
200, 254
201, 254
207, 254
204, 254
205, 254
200, 254
228, 254
204, 254
204, 254
200, 254
201, 254
209, 254
200, 254
201, 254
212, 254
205, 254
200, 254
214, 254
208, 254
224, 254
201, 254
229, 254
201, 254
215, 254
230, 254
246, 254
210, 254
208, 254
204, 254
206, 254
202, 254
212, 254
208, 254
222, 254
202, 254
213, 254
207, 254
201, 254
204, 254
212, 254
201, 254
244, 254
206, 254
203, 254
226, 254
211, 254
201, 254
201, 254
200, 254
204, 254
214, 254
201, 254
200, 254
208, 254
206, 254
208, 254
213, 254
205, 254
207, 254
208, 254
234, 254
207, 254
220, 254
201, 254
211, 254
206, 254
206, 254
203, 254
245, 254
206, 254
204, 254
206, 254
226, 254
209, 254
204, 254
201, 254
203, 254
217, 254
201, 254
234, 254
201, 254
211, 254
230, 254
228, 254
231, 254
209, 254
200, 254
207, 254
200, 254
212, 254
215, 254
223, 254
200, 254
225, 254
200, 254
204, 254
211, 254
208, 254
200, 254
213, 254
214, 254
202, 254
220, 254
204, 254
201, 254
200, 254
208, 254
202, 254
200, 254
202, 254
212, 254
233, 254
208, 254
219, 254
204, 254
204, 254
202, 254
204, 254
212, 254
201, 254
233, 254
213, 254
214, 254
201, 254
206, 254
203, 254
200, 254
203, 254
200, 254
206, 254
206, 254
206, 254
205, 254
209, 254
216, 254
217, 254
207, 254
205, 254
206, 254
202, 254
204, 254
207, 254
208, 254
204, 254
203, 254
203, 254
228, 254
244, 254
207, 254
207, 254
207, 254
205, 254
201, 254
202, 254
226, 254
204, 254
208, 254
208, 254
211, 254
208, 254
209, 254
202, 254
201, 254
224, 254
210, 254
204, 254
225, 254
208, 254
210, 254
201, 254
211, 254
201, 254
203, 254
207, 254
200, 254
210, 254
207, 254
214, 254
208, 254
231, 254
201, 254
201, 254
208, 254
201, 254
203, 254
214, 254
208, 254
200, 254
209, 254
206, 254
202, 254
200, 254
204, 254
307, 307
304, 307
301, 307
301, 307
300, 307
303, 307
303, 307
302, 307
302, 307
311, 311
308, 311
316, 316
328, 328
307, 328
304, 328
318, 328
306, 328
300, 328
316, 328
302, 328
311, 328
325, 328
306, 328
306, 328
309, 328
301, 328
301, 328
310, 328
312, 328
318, 328
331, 331
302, 331
254, 331
221, 331
317, 331
214, 331
303, 331
220, 331
300, 331
203, 331
290, 331
300, 331
223, 331
300, 331
213, 331
268, 331
330, 331
255, 331
234, 331
211, 331
309, 331
300, 331
300, 331
305, 331
308, 331
308, 331
505, 505
204, 505
304, 505
311, 505
310, 505
319, 505
502, 505
346, 505
500, 505
337, 505
316, 505
332, 505
502, 505
379, 505
513, 513
314, 513
340, 513
358, 513
508, 513
381, 513
506, 513
310, 513
344, 513
500, 513
300, 513
507, 513
501, 513
314, 513
501, 513
347, 513
310, 513
501, 513
205, 513
213, 513
227, 513
200, 513
200, 513
210, 513
212, 513
218, 513
258, 513
227, 513
247, 513
227, 513
131, 513
204, 513
236, 513
136, 513
113, 513
166, 513
308, 513
251, 513
238, 513
313, 513
225, 513
210, 513
246, 513
253, 513
370, 513
200, 513
296, 513
465, 513
221, 513
143, 513
103, 513
242, 513
109, 513
259, 513
229, 513
262, 513
242, 513
317, 513
321, 513
320, 513
341, 513
308, 513
324, 513
398, 513
502, 513
501, 513
203, 513
206, 513
217, 513
213, 513
306, 513
133, 513
219, 513
230, 513
234, 513
220, 513
202, 513
128, 513
125, 513
170, 513
263, 513
256, 513
297, 513
315, 513
334, 513
359, 513
506, 513
166, 513
27, 513
139, 513
213, 513
168, 513
5, 513
3, 513
231, 513
137, 513
260, 513
235, 513
255, 513
117, 513
26, 513
166, 513
100, 513
300, 513
120, 513
212, 513
240, 513
187, 513
221, 513
203, 513
204, 513
239, 513
212, 513
223, 513
276, 513
348, 513
311, 513
245, 513
327, 513
514, 514
222, 514
202, 514
228, 514
250, 514
37, 514
265, 514
132, 514
46, 514
101, 514
144, 514
52, 514
0, 514
127, 514
236, 514
209, 514
91, 514
102, 514
253, 514
2, 514
314, 514
227, 514
208, 514
215, 514
254, 514
285, 514
502, 514
221, 514
229, 514
507, 514
308, 514
202, 514
239, 514
204, 514
214, 514
24, 514
240, 514
103, 514
16, 514
3, 514
50, 514
111, 514
179, 514
231, 514
133, 514
202, 514
267, 514
114, 514
3, 514
21, 514
229, 514
301, 514
202, 514
305, 514
235, 514
264, 514
323, 514
329, 514
324, 514
505, 514
501, 514
200, 514
210, 514
218, 514
212, 514
308, 514
300, 514
497, 514
324, 514
305, 514
317, 514
342, 514
411, 514
504, 514
405, 514
237, 514
2, 514
389, 514
312, 514
340, 514
341, 514
515, 515
131, 515
97, 515
1, 515
0, 515
140, 515
203, 515
9, 515
203, 515
217, 515
200, 515
214, 515
207, 515
211, 515
18, 515
305, 515
220, 515
320, 515
200, 515
263, 515
208, 515
266, 515
235, 515
318, 515
304, 515
330, 515
313, 515
363, 515
326, 515
341, 515
516, 516
200, 516
211, 516
204, 516
301, 516
311, 516
57, 516
271, 516
296, 516
202, 516
254, 516
520, 520
64, 520
39, 520
0, 520
0, 520
50, 520
109, 520
104, 520
143, 520
227, 520
137, 520
268, 520
216, 520
81, 520
246, 520
339, 520
222, 520
232, 520
237, 520
304, 520
370, 520
264, 520
338, 520
329, 520
501, 520
222, 520
239, 520
208, 520
170, 520
107, 520
151, 520
241, 520
140, 520
234, 520
202, 520
317, 520
95, 520
251, 520
1, 520
31, 520
267, 520
220, 520
200, 520
80, 520
61, 520
8, 520
303, 520
299, 520
509, 520
243, 520
208, 520
210, 520
277, 520
132, 520
133, 520
201, 520
133, 520
101, 520
152, 520
127, 520
308, 520
324, 520
365, 520
355, 520
379, 520
55, 520
0, 520
356, 520
5, 520
189, 520
5, 520
508, 520
64, 520
107, 520
202, 520
217, 520
142, 520
231, 520
131, 520
314, 520
207, 520
228, 520
218, 520
157, 520
102, 520
151, 520
273, 520
306, 520
333, 520
310, 520
341, 520
506, 520
106, 520
109, 520
187, 520
227, 520
210, 520
110, 520
135, 520
221, 520
241, 520
203, 520
234, 520
90, 520
152, 520
192, 520
2, 520
1, 520
303, 520
219, 520
237, 520
128, 520
6, 520
24, 520
271, 520
65, 520
302, 520
181, 520
109, 520
313, 520
202, 520
134, 520
230, 520
263, 520
260, 520
250, 520
304, 520
309, 520
321, 520
218, 520
353, 520
345, 520
464, 520
301, 520
335, 520
409, 520
443, 520
450, 520
286, 520
314, 520
358, 520
305, 520
398, 520
434, 520
506, 520
71, 520
0, 520
79, 520
0, 520
5, 520
25, 520
104, 520
203, 520
206, 520
209, 520
206, 520
201, 520
193, 520
172, 520
107, 520
202, 520
128, 520
314, 520
248, 520
231, 520
375, 520
374, 520
174, 520
241, 520
318, 520
309, 520
307, 520
301, 520
312, 520
324, 520
387, 520
201, 520
206, 520
211, 520
399, 520
251, 520
431, 520
221, 520
405, 520
344, 520
325, 520
426, 520
369, 520
444, 520
288, 520
316, 520
501, 520
91, 520
2, 520
108, 520
244, 520
211, 520
209, 520
9, 520
3, 520
94, 520
203, 520
154, 520
108, 520
202, 520
239, 520
125, 520
180, 520
205, 520
216, 520
319, 520
221, 520
192, 520
228, 520
469, 520
244, 520
246, 520
275, 520
496, 520
342, 520
319, 520
311, 520
412, 520
304, 520
427, 520
380, 520
370, 520
323, 520
475, 520
3, 520
20, 520
25, 520
0, 520
16, 520
307, 520
384, 520
384, 520
394, 520
200, 520
211, 520
124, 520
103, 520
206, 520
139, 520
232, 520
212, 520
200, 520
210, 520
247, 520
316, 520
326, 520
119, 520
368, 520
471, 520
359, 520
393, 520
228, 520
292, 520
502, 520
445, 520
400, 520
200, 520
206, 520
430, 520
212, 520
1, 520
295, 520
320, 520
392, 520
86, 520
2, 520
432, 520
27, 520
268, 520
460, 520
309, 520
408, 520
106, 520
115, 520
211, 520
205, 520
203, 520
105, 520
224, 520
184, 520
365, 520
295, 520
251, 520
300, 520
373, 520
312, 520
311, 520
492, 520
156, 520
221, 520
238, 520
233, 520
224, 520
231, 520
238, 520
338, 520
307, 520
406, 520
406, 520
202, 520
211, 520
215, 520
101, 520
104, 520
227, 520
277, 520
210, 520
364, 520
420, 520
341, 520
74, 520
1, 520
338, 520
237, 520
219, 520
412, 520
339, 520
97, 520
4, 520
444, 520
253, 520
211, 520
516, 520
211, 520
203, 520
197, 520
218, 520
247, 520
280, 520
253, 520
185, 520
167, 520
122, 520
237, 520
165, 520
230, 520
244, 520
291, 520
158, 520
124, 520
236, 520
74, 520
2, 520
24, 520
239, 520
221, 520
223, 520
234, 520
313, 520
64, 520
5, 520
447, 520
185, 520
441, 520
399, 520
103, 520
219, 520
201, 520
221, 520
274, 520
202, 520
347, 520
217, 520
383, 520
274, 520
240, 520
428, 520
387, 520
507, 520
179, 520
207, 520
214, 520
124, 520
102, 520
221, 520
371, 520
241, 520
306, 520
143, 520
180, 520
235, 520
102, 520
141, 520
132, 520
204, 520
113, 520
0, 520
245, 520
42, 520
121, 520
216, 520
223, 520
218, 520
6, 520
5, 520
56, 520
309, 520
502, 520
216, 520
181, 520
113, 520
267, 520
210, 520
136, 520
120, 520
157, 520
258, 520
336, 520
321, 520
227, 520
325, 520
302, 520
319, 520
331, 520
372, 520
474, 520
185, 520
209, 520
8, 520
203, 520
204, 520
207, 520
300, 520
308, 520
452, 520
118, 520
0, 520
41, 520
282, 520
1, 520
398, 520
495, 520
36, 520
200, 520
233, 520
122, 520
219, 520
217, 520
148, 520
103, 520
270, 520
219, 520
228, 520
265, 520
381, 520
380, 520
481, 520
4, 520
202, 520
343, 520
400, 520
438, 520
327, 520
349, 520
352, 520
499, 520
414, 520
373, 520
386, 520
202, 520
200, 520
204, 520
210, 520
36, 520
207, 520
156, 520
82, 520
2, 520
221, 520
221, 520
24, 520
301, 520
157, 520
89, 520
115, 520
229, 520
292, 520
2, 520
348, 520
300, 520
302, 520
310, 520
420, 520
366, 520
405, 520
514, 520
307, 520
303, 520
401, 520
358, 520
2, 520
330, 520
512, 520
141, 520
203, 520
105, 520
100, 520
181, 520
131, 520
202, 520
145, 520
100, 520
197, 520
255, 520
300, 520
389, 520
329, 520
321, 520
316, 520
447, 520
324, 520
384, 520
434, 520
395, 520
374, 520
71, 520
96, 520
4, 520
216, 520
23, 520
209, 520
102, 520
1, 520
236, 520
207, 520
204, 520
113, 520
201, 520
190, 520
104, 520
222, 520
308, 520
271, 520
503, 520
222, 520
445, 520
283, 520
382, 520
419, 520
405, 520
46, 520
505, 520
337, 520
252, 520
357, 520
338, 520
473, 520
281, 520
502, 520
207, 520
141, 520
205, 520
36, 520
185, 520
226, 520
23, 520
12, 520
150, 520
107, 520
207, 520
214, 520
4, 520
206, 520
164, 520
119, 520
214, 520
5, 520
2, 520
58, 520
222, 520
292, 520
205, 520
224, 520
287, 520
200, 520
310, 520
299, 520
501, 520
139, 520
242, 520
205, 520
194, 520
115, 520
210, 520
225, 520
118, 520
1, 520
68, 520
130, 520
161, 520
141, 520
249, 520
209, 520
204, 520
129, 520
117, 520
29, 520
208, 520
264, 520
14, 520
201, 520
242, 520
224, 520
274, 520
205, 520
305, 520
319, 520
455, 520
191, 520
318, 520
330, 520
343, 520
421, 520
456, 520
144, 520
105, 520
218, 520
202, 520
182, 520
213, 520
215, 520
45, 520
211, 520
226, 520
325, 520
493, 520
316, 520
9, 520
1, 520
1, 520
8, 520
244, 520
352, 520
318, 520
305, 520
348, 520
333, 520
328, 520
447, 520
400, 520
493, 520
212, 520
219, 520
200, 520
122, 520
210, 520
240, 520
166, 520
214, 520
220, 520
298, 520
208, 520
360, 520
371, 520
369, 520
494, 520
361, 520
324, 520
343, 520
439, 520
356, 520
410, 520
319, 520
497, 520
402, 520
311, 520
335, 520
450, 520
14, 520
199, 520
2, 520
446, 520
76, 520
14, 520
4, 520
504, 520
1, 520
206, 520
115, 520
204, 520
210, 520
218, 520
207, 520
221, 520
199, 520
210, 520
256, 520
136, 520
214, 520
243, 520
186, 520
106, 520
203, 520
268, 520
174, 520
276, 520
236, 520
139, 520
100, 520
204, 520
231, 520
277, 520
301, 520
461, 520
347, 520
403, 520
337, 520
104, 520
0, 520
342, 520
508, 520
6, 520
7, 520
10, 520
85, 520
185, 520
92, 520
182, 520
200, 520
311, 520
300, 520
306, 520
499, 520
324, 520
453, 520
401, 520
369, 520
33, 520
420, 520
344, 520
386, 520
507, 520
130, 520
111, 520
217, 520
199, 520
189, 520
201, 520
200, 520
201, 520
201, 520
196, 520
207, 520
11, 520
0, 520
38, 520
206, 520
159, 520
209, 520
45, 520
201, 520
168, 520
100, 520
148, 520
3, 520
232, 520
305, 520
211, 520
12, 520
165, 520
158, 520
206, 520
154, 520
120, 520
222, 520
164, 520
217, 520
213, 520
200, 520
227, 520
41, 520
302, 520
296, 520
500, 520
204, 520
326, 520
435, 520
341, 520
303, 520
330, 520
490, 520
215, 520
25, 520
5, 520
17, 520
21, 520
0, 520
195, 520
1, 520
121, 520
104, 520
204, 520
235, 520
119, 520
219, 520
229, 520
225, 520
331, 520
302, 520
321, 520
253, 520
438, 520
501, 520
261, 520
247, 520
311, 520
351, 520
402, 520
365, 520
208, 520
200, 520
212, 520
200, 520
265, 520
240, 520
153, 520
200, 520
345, 520
348, 520
352, 520
374, 520
502, 520
184, 520
196, 520
9, 520
278, 520
233, 520
319, 520
434, 520
338, 520
508, 520
161, 520
2, 520
501, 520
39, 520
176, 520
8, 520
143, 520
367, 520
304, 520
345, 520
474, 520
318, 520
504, 520
412, 520
414, 520
411, 520
465, 520
81, 520
376, 520
294, 520
334, 520
346, 520
434, 520
422, 520
389, 520
503, 520
207, 520
138, 520
222, 520
191, 520
201, 520
228, 520
475, 520
1, 520
359, 520
163, 520
15, 520
456, 520
383, 520
22, 520
213, 520
201, 520
205, 520
206, 520
224, 520
119, 520
115, 520
235, 520
201, 520
186, 520
154, 520
167, 520
202, 520
203, 520
305, 520
205, 520
193, 520
353, 520
206, 520
104, 520
229, 520
237, 520
293, 520
368, 520
80, 520
161, 520
271, 520
180, 520
241, 520
302, 520
326, 520
304, 520
315, 520
329, 520
508, 520
162, 520
104, 520
202, 520
132, 520
205, 520
222, 520
19, 520
115, 520
215, 520
7, 520
0, 520
160, 520
204, 520
236, 520
242, 520
211, 520
10, 520
215, 520
4, 520
1, 520
146, 520
302, 520
155, 520
242, 520
211, 520
179, 520
109, 520
213, 520
165, 520
289, 520
214, 520
295, 520
273, 520
304, 520
509, 520
220, 520
90, 520
108, 520
213, 520
132, 520
131, 520
131, 520
212, 520
211, 520
131, 520
4, 520
224, 520
248, 520
1, 520
0, 520
21, 520
1, 520
21, 520
27, 520
300, 520
310, 520
311, 520
415, 520
476, 520
205, 520
253, 520
234, 520
206, 520
229, 520
255, 520
331, 520
325, 520
487, 520
339, 520
319, 520
404, 520
267, 520
382, 520
410, 520
504, 520
205, 520
200, 520
192, 520
191, 520
136, 520
92, 520
104, 520
206, 520
209, 520
145, 520
112, 520
227, 520
143, 520
166, 520
215, 520
39, 520
0, 520
34, 520
186, 520
148, 520
202, 520
201, 520
210, 520
18, 520
4, 520
100, 520
218, 520
303, 520
360, 520
368, 520
360, 520
372, 520
215, 520
215, 520
279, 520
211, 520
228, 520
361, 520
443, 520
398, 520
297, 520
357, 520
303, 520
501, 520
449, 520
369, 520
280, 520
312, 520
433, 520
414, 520
376, 520
140, 520
106, 520
206, 520
217, 520
116, 520
203, 520
117, 520
200, 520
225, 520
226, 520
220, 520
240, 520
317, 520
506, 520
11, 520
2, 520
5, 520
10, 520
1, 520
216, 520
48, 520
202, 520
202, 520
208, 520
135, 520
109, 520
201, 520
118, 520
247, 520
251, 520
302, 520
203, 520
114, 520
132, 520
235, 520
208, 520
249, 520
186, 520
233, 520
122, 520
200, 520
231, 520
54, 520
0, 520
13, 520
246, 520
123, 520
0, 520
5, 520
149, 520
244, 520
365, 520
419, 520
248, 520
340, 520
330, 520
317, 520
423, 520
400, 520
394, 520
410, 520
402, 520
482, 520
240, 520
210, 520
175, 520
200, 520
218, 520
247, 520
210, 520
300, 520
249, 520
315, 520
245, 520
323, 520
466, 520
376, 520
214, 520
207, 520
200, 520
203, 520
314, 520
65, 520
120, 520
115, 520
99, 520
2, 520
247, 520
149, 520
254, 520
225, 520
125, 520
243, 520
331, 520
301, 520
331, 520
302, 520
401, 520
458, 520
92, 520
1, 520
470, 520
154, 520
347, 520
217, 520
210, 520
207, 520
117, 520
205, 520
201, 520
212, 520
232, 520
306, 520
207, 520
294, 520
354, 520
469, 520
352, 520
353, 520
284, 520
345, 520
485, 520
397, 520
213, 520
229, 520
184, 520
2, 520
100, 520
161, 520
16, 520
5, 520
227, 520
108, 520
202, 520
207, 520
202, 520
129, 520
251, 520
229, 520
0, 520
42, 520
207, 520
315, 520
356, 520
301, 520
482, 520
163, 520
211, 520
306, 520
309, 520
423, 520
372, 520
300, 520
345, 520
390, 520
351, 520
307, 520
383, 520
203, 520
205, 520
213, 520
390, 520
111, 520
177, 520
107, 520
142, 520
200, 520
204, 520
226, 520
281, 520
372, 520
358, 520
281, 520
3, 520
296, 520
0, 520
324, 520
379, 520
429, 520
296, 520
501, 520
40, 520
428, 520
302, 520
307, 520
357, 520
459, 520
359, 520
285, 520
406, 520
376, 520
436, 520
272, 520
422, 520
302, 520
438, 520
503, 520
307, 520
332, 520
498, 520
375, 520
407, 520
392, 520
450, 520
209, 520
202, 520
147, 520
118, 520
115, 520
181, 520
229, 520
235, 520
207, 520
189, 520
70, 520
1, 520
148, 520
251, 520
129, 520
16, 520
204, 520
204, 520
0, 520
311, 520
405, 520
432, 520
204, 520
189, 520
203, 520
167, 520
101, 520
235, 520
203, 520
204, 520
352, 520
230, 520
221, 520
236, 520
259, 520
323, 520
303, 520
334, 520
505, 520
126, 520
300, 520
365, 520
365, 520
229, 520
428, 520
371, 520
208, 520
99, 520
2, 520
221, 520
181, 520
102, 520
209, 520
229, 520
240, 520
3, 520
403, 520
132, 520
421, 520
453, 520
191, 520
130, 520
210, 520
91, 520
202, 520
321, 520
204, 520
320, 520
326, 520
324, 520
500, 520
207, 520
123, 520
133, 520
218, 520
242, 520
205, 520
192, 520
181, 520
179, 520
302, 520
246, 520
350, 520
484, 520
222, 520
57, 520
0, 520
45, 520
0, 520
13, 520
214, 520
388, 520
384, 520
411, 520
361, 520
368, 520
317, 520
260, 520
457, 520
45, 520
202, 520
114, 520
109, 520
213, 520
225, 520
200, 520
170, 520
262, 520
301, 520
208, 520
223, 520
304, 520
336, 520
405, 520
382, 520
356, 520
302, 520
503, 520
214, 520
202, 520
167, 520
204, 520
207, 520
133, 520
56, 520
1, 520
47, 520
101, 520
108, 520
238, 520
230, 520
202, 520
263, 520
272, 520
35, 520
10, 520
0, 520
254, 520
222, 520
307, 520
450, 520
324, 520
2, 520
369, 520
333, 520
318, 520
361, 520
411, 520
352, 520
378, 520
137, 520
195, 520
339, 520
371, 520
207, 520
27, 520
165, 520
170, 520
21, 520
9, 520
1, 520
119, 520
222, 520
200, 520
204, 520
207, 520
201, 520
117, 520
177, 520
17, 520
76, 520
225, 520
248, 520
134, 520
294, 520
213, 520
202, 520
201, 520
260, 520
247, 520
210, 520
304, 520
305, 520
319, 520
413, 520
357, 520
516, 520
124, 520
105, 520
213, 520
213, 520
224, 520
203, 520
205, 520
255, 520
221, 520
22, 520
127, 520
252, 520
6, 520
3, 520
89, 520
231, 520
122, 520
119, 520
203, 520
152, 520
174, 520
221, 520
29, 520
0, 520
10, 520
167, 520
220, 520
311, 520
374, 520
503, 520
32, 520
136, 520
106, 520
210, 520
214, 520
222, 520
154, 520
208, 520
207, 520
258, 520
211, 520
206, 520
301, 520
415, 520
315, 520
394, 520
379, 520
506, 520
34, 520
208, 520
23, 520
0, 520
24, 520
107, 520
208, 520
232, 520
204, 520
189, 520
0, 520
275, 520
286, 520
204, 520
274, 520
464, 520
402, 520
313, 520
381, 520
389, 520
212, 520
201, 520
195, 520
105, 520
206, 520
184, 520
236, 520
337, 520
227, 520
406, 520
311, 520
320, 520
525, 525
231, 525
207, 525
214, 525
21, 525
132, 525
177, 525
220, 525
115, 525
221, 525
251, 525
167, 525
10, 525
0, 525
72, 525
116, 525
216, 525
228, 525
152, 525
194, 525
131, 525
18, 525
114, 525
209, 525
53, 525
0, 525
118, 525
230, 525
202, 525
218, 525
315, 525
307, 525
312, 525
504, 525
119, 525
180, 525
12, 525
201, 525
204, 525
299, 525
205, 525
254, 525
303, 525
400, 525
345, 525
359, 525
346, 525
351, 525
375, 525
205, 525
145, 525
207, 525
174, 525
122, 525
231, 525
160, 525
181, 525
204, 525
344, 525
23, 525
140, 525
0, 525
231, 525
78, 525
150, 525
133, 525
207, 525
301, 525
120, 525
0, 525
306, 525
301, 525
328, 525
421, 525
239, 525
2, 525
288, 525
300, 525
350, 525
339, 525
431, 525
368, 525
403, 525
300, 525
230, 525
511, 525
205, 525
128, 525
221, 525
208, 525
210, 525
142, 525
220, 525
201, 525
214, 525
200, 525
186, 525
108, 525
242, 525
65, 525
269, 525
38, 525
177, 525
31, 525
0, 525
57, 525
208, 525
222, 525
231, 525
222, 525
10, 525
1, 525
21, 525
145, 525
245, 525
321, 525
323, 525
305, 525
313, 525
303, 525
317, 525
358, 525
418, 525
436, 525
379, 525
435, 525
402, 525
389, 525
330, 525
305, 525
382, 525
469, 525
392, 525
459, 525
284, 525
417, 525
331, 525
393, 525
148, 525
396, 525
105, 525
0, 525
178, 525
38, 525
0, 525
163, 525
105, 525
207, 525
30, 525
201, 525
196, 525
382, 525
332, 525
396, 525
440, 525
398, 525
442, 525
198, 525
206, 525
400, 525
501, 525
215, 525
141, 525
201, 525
200, 525
15, 525
341, 525
331, 525
341, 525
332, 525
359, 525
383, 525
144, 525
121, 525
0, 525
110, 525
215, 525
208, 525
215, 525
21, 525
283, 525
0, 525
283, 525
300, 525
309, 525
304, 525
516, 525
441, 525
103, 525
376, 525
345, 525
236, 525
461, 525
404, 525
419, 525
361, 525
500, 525
181, 525
201, 525
151, 525
220, 525
195, 525
124, 525
216, 525
206, 525
163, 525
215, 525
18, 525
14, 525
200, 525
242, 525
117, 525
1, 525
150, 525
131, 525
148, 525
201, 525
213, 525
207, 525
186, 525
218, 525
131, 525
145, 525
4, 525
165, 525
101, 525
205, 525
168, 525
227, 525
118, 525
110, 525
272, 525
208, 525
214, 525
234, 525
301, 525
333, 525
355, 525
398, 525
208, 525
205, 525
150, 525
127, 525
148, 525
207, 525
265, 525
204, 525
211, 525
370, 525
305, 525
472, 525
291, 525
354, 525
437, 525
291, 525
318, 525
321, 525
412, 525
67, 525
39, 525
3, 525
223, 525
203, 525
29, 525
199, 525
110, 525
0, 525
1, 525
97, 525
203, 525
220, 525
237, 525
319, 525
208, 525
285, 525
257, 525
409, 525
475, 525
500, 525
262, 525
384, 525
438, 525
500, 525
350, 525
315, 525
318, 525
409, 525
460, 525
319, 525
335, 525
456, 525
367, 525
198, 525
124, 525
130, 525
220, 525
202, 525
117, 525
200, 525
110, 525
13, 525
2, 525
78, 525
103, 525
203, 525
205, 525
269, 525
7, 525
166, 525
252, 525
304, 525
316, 525
307, 525
456, 525
205, 525
209, 525
206, 525
217, 525
206, 525
223, 525
222, 525
229, 525
230, 525
263, 525
326, 525
452, 525
424, 525
119, 525
162, 525
203, 525
243, 525
210, 525
207, 525
220, 525
326, 525
352, 525
209, 525
294, 525
324, 525
328, 525
509, 525
358, 525
191, 525
117, 525
211, 525
203, 525
201, 525
183, 525
188, 525
142, 525
2, 525
228, 525
421, 525
151, 525
332, 525
4, 525
465, 525
486, 525
172, 525
208, 525
127, 525
157, 525
251, 525
204, 525
303, 525
219, 525
260, 525
310, 525
308, 525
362, 525
417, 525
518, 525
141, 525
122, 525
117, 525
103, 525
160, 525
135, 525
304, 525
318, 525
366, 525
462, 525
397, 525
350, 525
19, 525
303, 525
400, 525
138, 525
102, 525
205, 525
201, 525
214, 525
212, 525
203, 525
214, 525
320, 525
12, 525
304, 525
465, 525
38, 525
1, 525
180, 525
416, 525
125, 525
256, 525
147, 525
335, 525
203, 525
204, 525
201, 525
125, 525
100, 525
201, 525
129, 525
211, 525
203, 525
221, 525
300, 525
328, 525
378, 525
347, 525
402, 525
453, 525
337, 525
395, 525
437, 525
1, 525
156, 525
0, 525
207, 525
34, 525
125, 525
91, 525
23, 525
177, 525
214, 525
203, 525
204, 525
15, 525
154, 525
137, 525
298, 525
149, 525
115, 525
294, 525
219, 525
380, 525
250, 525
208, 525
208, 525
323, 525
456, 525
411, 525
367, 525
202, 525
485, 525
137, 525
200, 525
206, 525
177, 525
169, 525
201, 525
375, 525
200, 525
31, 525
208, 525
201, 525
2, 525
69, 525
5, 525
200, 525
300, 525
315, 525
440, 525
405, 525
236, 525
4, 525
367, 525
309, 525
339, 525
340, 525
493, 525
128, 525
203, 525
175, 525
17, 525
136, 525
207, 525
156, 525
167, 525
204, 525
126, 525
206, 525
220, 525
263, 525
247, 525
242, 525
208, 525
394, 525
438, 525
373, 525
490, 525
332, 525
324, 525
305, 525
368, 525
404, 525
240, 525
0, 525
508, 525
162, 525
71, 525
1, 525
35, 525
218, 525
224, 525
153, 525
122, 525
215, 525
176, 525
203, 525
203, 525
130, 525
206, 525
110, 525
207, 525
202, 525
162, 525
200, 525
281, 525
239, 525
221, 525
312, 525
330, 525
301, 525
341, 525
421, 525
400, 525
376, 525
384, 525
352, 525
327, 525
481, 525
163, 525
100, 525
202, 525
124, 525
210, 525
26, 525
10, 525
0, 525
109, 525
201, 525
208, 525
266, 525
40, 525
0, 525
4, 525
289, 525
451, 525
201, 525
114, 525
312, 525
418, 525
479, 525
381, 525
209, 525
141, 525
109, 525
204, 525
201, 525
141, 525
206, 525
171, 525
30, 525
203, 525
244, 525
212, 525
221, 525
377, 525
403, 525
335, 525
474, 525
448, 525
36, 525
3, 525
1, 525
162, 525
33, 525
202, 525
163, 525
206, 525
240, 525
96, 525
215, 525
211, 525
203, 525
228, 525
247, 525
240, 525
259, 525
221, 525
338, 525
303, 525
321, 525
304, 525
494, 525
400, 525
501, 525
346, 525
306, 525
341, 525
400, 525
300, 525
432, 525
336, 525
390, 525
373, 525
133, 525
101, 525
200, 525
213, 525
163, 525
215, 525
225, 525
202, 525
211, 525
222, 525
247, 525
238, 525
218, 525
436, 525
211, 525
180, 525
211, 525
218, 525
153, 525
50, 525
217, 525
113, 525
0, 525
175, 525
200, 525
335, 525
7, 525
32, 525
2, 525
197, 525
81, 525
100, 525
210, 525
234, 525
230, 525
216, 525
363, 525
518, 525
177, 525
388, 525
317, 525
342, 525
347, 525
441, 525
200, 525
178, 525
336, 525
343, 525
418, 525
25, 525
6, 525
412, 525
103, 525
136, 525
203, 525
166, 525
3, 525
200, 525
163, 525
117, 525
51, 525
110, 525
202, 525
208, 525
204, 525
275, 525
303, 525
25, 525
370, 525
312, 525
321, 525
419, 525
206, 525
376, 525
212, 525
261, 525
323, 525
349, 525
324, 525
374, 525
337, 525
137, 525
129, 525
203, 525
206, 525
295, 525
324, 525
346, 525
165, 525
306, 525
320, 525
323, 525
315, 525
323, 525
409, 525
437, 525
334, 525
50, 525
202, 525
201, 525
109, 525
101, 525
30, 525
0, 525
8, 525
222, 525
155, 525
351, 525
65, 525
0, 525
391, 525
311, 525
8, 525
399, 525
201, 525
226, 525
27, 525
211, 525
325, 525
436, 525
26, 525
306, 525
452, 525
473, 525
322, 525
311, 525
426, 525
351, 525
361, 525
450, 525
360, 525
166, 525
27, 525
1, 525
173, 525
27, 525
219, 525
217, 525
136, 525
100, 525
194, 525
200, 525
146, 525
190, 525
0, 525
201, 525
316, 525
317, 525
441, 525
373, 525
328, 525
291, 525
422, 525
304, 525
348, 525
365, 525
205, 525
180, 525
469, 525
140, 525
101, 525
222, 525
204, 525
208, 525
135, 525
6, 525
0, 525
104, 525
167, 525
101, 525
203, 525
201, 525
106, 525
124, 525
13, 525
145, 525
201, 525
65, 525
379, 525
422, 525
368, 525
322, 525
379, 525
139, 525
200, 525
206, 525
204, 525
105, 525
100, 525
217, 525
210, 525
272, 525
219, 525
332, 525
305, 525
338, 525
515, 525
211, 525
163, 525
200, 525
292, 525
201, 525
105, 525
49, 525
208, 525
228, 525
262, 525
236, 525
268, 525
310, 525
329, 525
462, 525
400, 525
374, 525
61, 525
441, 525
164, 525
2, 525
4, 525
476, 525
40, 525
6, 525
165, 525
445, 525
430, 525
309, 525
331, 525
408, 525
333, 525
336, 525
425, 525
420, 525
399, 525
210, 525
195, 525
109, 525
201, 525
200, 525
131, 525
211, 525
318, 525
80, 525
371, 525
202, 525
234, 525
362, 525
402, 525
265, 525
273, 525
1, 525
490, 525
203, 525
207, 525
200, 525
118, 525
100, 525
208, 525
150, 525
20, 525
211, 525
109, 525
202, 525
98, 525
210, 525
212, 525
308, 525
299, 525
204, 525
304, 525
305, 525
303, 525
430, 525
358, 525
336, 525
404, 525
431, 525
443, 525
345, 525
508, 525
173, 525
206, 525
206, 525
195, 525
107, 525
208, 525
180, 525
201, 525
36, 525
205, 525
207, 525
117, 525
1, 525
36, 525
32, 525
202, 525
223, 525
205, 525
179, 525
228, 525
93, 525
50, 525
0, 525
168, 525
126, 525
118, 525
107, 525
210, 525
100, 525
158, 525
216, 525
204, 525
108, 525
105, 525
201, 525
221, 525
209, 525
210, 525
262, 525
19, 525
254, 525
211, 525
331, 525
301, 525
335, 525
326, 525
320, 525
499, 525
202, 525
229, 525
210, 525
227, 525
334, 525
5, 525
395, 525
239, 525
0, 525
347, 525
356, 525
173, 525
401, 525
405, 525
402, 525
493, 525
5, 525
185, 525
223, 525
324, 525
508, 525
130, 525
184, 525
159, 525
203, 525
207, 525
201, 525
102, 525
102, 525
202, 525
204, 525
211, 525
205, 525
234, 525
205, 525
194, 525
217, 525
148, 525
203, 525
161, 525
240, 525
219, 525
217, 525
209, 525
11, 525
3, 525
104, 525
56, 525
78, 525
165, 525
220, 525
166, 525
260, 525
128, 525
91, 525
2, 525
5, 525
255, 525
300, 525
349, 525
339, 525
421, 525
346, 525
361, 525
505, 525
21, 525
0, 525
300, 525
427, 525
322, 525
334, 525
501, 525
177, 525
202, 525
209, 525
202, 525
66, 525
139, 525
199, 525
18, 525
0, 525
227, 525
205, 525
164, 525
110, 525
103, 525
202, 525
199, 525
176, 525
200, 525
326, 525
0, 525
8, 525
0, 525
287, 525
315, 525
332, 525
486, 525
400, 525
363, 525
328, 525
433, 525
310, 525
496, 525
421, 525
212, 525
106, 525
316, 525
296, 525
305, 525
486, 525
403, 525
501, 525
113, 525
210, 525
187, 525
102, 525
120, 525
200, 525
205, 525
215, 525
111, 525
204, 525
209, 525
51, 525
0, 525
151, 525
218, 525
210, 525
205, 525
202, 525
47, 525
0, 525
120, 525
222, 525
216, 525
105, 525
201, 525
185, 525
231, 525
212, 525
207, 525
302, 525
304, 525
312, 525
411, 525
325, 525
335, 525
386, 525
453, 525
200, 525
200, 525
224, 525
216, 525
223, 525
414, 525
441, 525
343, 525
418, 525
347, 525
311, 525
473, 525
205, 525
210, 525
223, 525
215, 525
164, 525
170, 525
141, 525
164, 525
210, 525
164, 525
1, 525
179, 525
176, 525
201, 525
110, 525
292, 525
8, 525
2, 525
0, 525
300, 525
322, 525
409, 525
205, 525
217, 525
186, 525
115, 525
202, 525
223, 525
274, 525
214, 525
513, 525
206, 525
199, 525
244, 525
236, 525
219, 525
315, 525
304, 525
313, 525
466, 525
363, 525
371, 525
373, 525
200, 525
151, 525
210, 525
34, 525
4, 525
118, 525
16, 525
133, 525
217, 525
171, 525
2, 525
253, 525
6, 525
301, 525
336, 525
307, 525
361, 525
379, 525
454, 525
413, 525
126, 525
120, 525
208, 525
216, 525
204, 525
215, 525
3, 525
210, 525
162, 525
218, 525
104, 525
233, 525
259, 525
221, 525
281, 525
515, 525
212, 525
335, 525
208, 525
247, 525
200, 525
307, 525
469, 525
397, 525
402, 525
367, 525
352, 525
207, 525
211, 525
162, 525
216, 525
43, 525
5, 525
264, 525
216, 525
208, 525
435, 525
374, 525
122, 525
109, 525
202, 525
200, 525
202, 525
84, 525
156, 525
246, 525
153, 525
5, 525
160, 525
233, 525
264, 525
500, 525
209, 525
146, 525
219, 525
69, 525
203, 525
221, 525
205, 525
215, 525
108, 525
215, 525
191, 525
224, 525
137, 525
116, 525
153, 525
138, 525
162, 525
215, 525
111, 525
110, 525
228, 525
30, 525
3, 525
