#Algorithm: Qlearning, Speed: 1, Boost: 4, PM: True, Env size: (20, 20), Car size: (5, 4),
#Counter: 100, Nsteps: 10000000, Gamma: 1, LearnRate: 0.01, Eps: 0.5, Epsdecay: 0.9
203, 203
218, 218
215, 218
203, 218
205, 218
234, 234
204, 234
204, 234
201, 234
208, 234
206, 234
211, 234
203, 234
215, 234
211, 234
204, 234
206, 234
201, 234
202, 234
221, 234
206, 234
224, 234
201, 234
204, 234
210, 234
202, 234
211, 234
202, 234
218, 234
201, 234
204, 234
215, 234
201, 234
212, 234
221, 234
200, 234
212, 234
214, 234
215, 234
210, 234
209, 234
202, 234
200, 234
200, 234
203, 234
203, 234
303, 303
215, 303
217, 303
220, 303
203, 303
201, 303
210, 303
208, 303
208, 303
200, 303
209, 303
225, 303
217, 303
201, 303
222, 303
208, 303
211, 303
206, 303
202, 303
203, 303
201, 303
204, 303
218, 303
208, 303
232, 303
229, 303
216, 303
204, 303
201, 303
217, 303
222, 303
201, 303
200, 303
215, 303
200, 303
203, 303
213, 303
205, 303
202, 303
210, 303
209, 303
208, 303
201, 303
209, 303
202, 303
203, 303
213, 303
200, 303
210, 303
201, 303
203, 303
203, 303
225, 303
204, 303
220, 303
203, 303
226, 303
202, 303
223, 303
200, 303
250, 303
213, 303
207, 303
214, 303
206, 303
204, 303
201, 303
220, 303
202, 303
203, 303
274, 303
206, 303
207, 303
214, 303
201, 303
213, 303
204, 303
231, 303
202, 303
206, 303
201, 303
203, 303
212, 303
201, 303
207, 303
220, 303
205, 303
202, 303
200, 303
203, 303
204, 303
201, 303
233, 303
201, 303
211, 303
228, 303
207, 303
203, 303
206, 303
213, 303
201, 303
200, 303
200, 303
203, 303
223, 303
200, 303
206, 303
210, 303
207, 303
221, 303
210, 303
206, 303
200, 303
203, 303
200, 303
207, 303
204, 303
205, 303
216, 303
212, 303
220, 303
201, 303
201, 303
202, 303
209, 303
214, 303
227, 303
200, 303
202, 303
210, 303
204, 303
218, 303
201, 303
205, 303
200, 303
204, 303
215, 303
219, 303
204, 303
205, 303
208, 303
222, 303
209, 303
222, 303
219, 303
231, 303
200, 303
206, 303
200, 303
230, 303
201, 303
217, 303
201, 303
204, 303
205, 303
200, 303
201, 303
201, 303
210, 303
222, 303
213, 303
210, 303
200, 303
202, 303
201, 303
216, 303
200, 303
200, 303
206, 303
222, 303
208, 303
200, 303
213, 303
202, 303
207, 303
227, 303
207, 303
212, 303
211, 303
204, 303
215, 303
203, 303
214, 303
201, 303
201, 303
203, 303
209, 303
227, 303
208, 303
218, 303
220, 303
204, 303
209, 303
211, 303
202, 303
207, 303
203, 303
205, 303
215, 303
209, 303
242, 303
211, 303
203, 303
227, 303
221, 303
210, 303
204, 303
208, 303
200, 303
203, 303
208, 303
201, 303
212, 303
213, 303
201, 303
203, 303
206, 303
209, 303
206, 303
220, 303
230, 303
200, 303
205, 303
206, 303
211, 303
221, 303
200, 303
205, 303
200, 303
221, 303
207, 303
200, 303
209, 303
219, 303
228, 303
204, 303
205, 303
211, 303
202, 303
226, 303
200, 303
204, 303
225, 303
206, 303
208, 303
206, 303
218, 303
202, 303
200, 303
204, 303
224, 303
213, 303
237, 303
201, 303
201, 303
203, 303
210, 303
212, 303
202, 303
210, 303
204, 303
211, 303
205, 303
221, 303
208, 303
200, 303
257, 303
201, 303
225, 303
208, 303
203, 303
202, 303
202, 303
211, 303
214, 303
204, 303
204, 303
200, 303
208, 303
203, 303
202, 303
217, 303
210, 303
200, 303
201, 303
205, 303
214, 303
200, 303
211, 303
201, 303
215, 303
200, 303
202, 303
216, 303
212, 303
204, 303
210, 303
205, 303
212, 303
203, 303
230, 303
211, 303
203, 303
202, 303
200, 303
213, 303
213, 303
203, 303
208, 303
209, 303
212, 303
205, 303
204, 303
208, 303
211, 303
215, 303
204, 303
217, 303
208, 303
204, 303
202, 303
200, 303
208, 303
211, 303
205, 303
203, 303
203, 303
201, 303
205, 303
215, 303
213, 303
200, 303
300, 303
311, 311
303, 311
306, 311
300, 311
302, 311
309, 311
302, 311
310, 311
318, 318
301, 318
311, 318
300, 318
303, 318
305, 318
308, 318
306, 318
309, 318
321, 321
320, 321
301, 321
301, 321
303, 321
300, 321
301, 321
304, 321
310, 321
302, 321
301, 321
306, 321
313, 321
219, 321
203, 321
216, 321
303, 321
307, 321
208, 321
272, 321
209, 321
249, 321
304, 321
316, 321
317, 321
210, 321
202, 321
267, 321
221, 321
308, 321
300, 321
331, 331
319, 331
309, 331
357, 357
365, 365
331, 365
309, 365
502, 502
390, 502
336, 502
338, 502
340, 502
501, 502
307, 502
508, 508
314, 508
301, 508
333, 508
377, 508
351, 508
501, 508
501, 508
310, 508
328, 508
505, 508
310, 508
504, 508
301, 508
508, 508
502, 508
363, 508
332, 508
347, 508
362, 508
505, 508
500, 508
505, 508
358, 508
334, 508
341, 508
363, 508
501, 508
244, 508
500, 508
502, 508
206, 508
211, 508
214, 508
202, 508
212, 508
202, 508
211, 508
130, 508
213, 508
154, 508
104, 508
102, 508
201, 508
273, 508
204, 508
230, 508
219, 508
255, 508
227, 508
139, 508
309, 508
200, 508
249, 508
189, 508
101, 508
156, 508
257, 508
225, 508
234, 508
322, 508
326, 508
357, 508
394, 508
328, 508
203, 508
248, 508
203, 508
316, 508
304, 508
341, 508
500, 508
122, 508
377, 508
212, 508
242, 508
265, 508
246, 508
306, 508
320, 508
334, 508
379, 508
397, 508
316, 508
311, 508
319, 508
507, 508
255, 508
510, 510
200, 510
219, 510
155, 510
108, 510
108, 510
230, 510
221, 510
204, 510
150, 510
226, 510
47, 510
3, 510
251, 510
262, 510
182, 510
227, 510
232, 510
8, 510
284, 510
7, 510
98, 510
1, 510
202, 510
124, 510
105, 510
111, 510
226, 510
234, 510
180, 510
207, 510
209, 510
185, 510
221, 510
140, 510
218, 510
232, 510
251, 510
231, 510
239, 510
300, 510
307, 510
315, 510
328, 510
325, 510
500, 510
211, 510
250, 510
278, 510
245, 510
268, 510
277, 510
303, 510
502, 510
237, 510
239, 510
146, 510
107, 510
20, 510
37, 510
8, 510
108, 510
289, 510
218, 510
12, 510
43, 510
198, 510
178, 510
10, 510
227, 510
220, 510
191, 510
209, 510
227, 510
302, 510
237, 510
313, 510
215, 510
235, 510
246, 510
397, 510
306, 510
336, 510
517, 517
207, 517
253, 517
212, 517
305, 517
210, 517
231, 517
316, 517
115, 517
118, 517
123, 517
227, 517
0, 517
265, 517
210, 517
154, 517
222, 517
377, 517
3, 517
108, 517
121, 517
0, 517
3, 517
219, 517
210, 517
222, 517
221, 517
306, 517
302, 517
302, 517
286, 517
353, 517
322, 517
312, 517
343, 517
364, 517
501, 517
248, 517
251, 517
203, 517
202, 517
246, 517
307, 517
222, 517
235, 517
448, 517
354, 517
411, 517
359, 517
234, 517
310, 517
351, 517
377, 517
415, 517
224, 517
3, 517
501, 517
231, 517
74, 517
0, 517
241, 517
224, 517
179, 517
92, 517
210, 517
24, 517
290, 517
112, 517
252, 517
266, 517
267, 517
33, 517
500, 517
316, 517
324, 517
273, 517
500, 517
202, 517
210, 517
230, 517
308, 517
222, 517
166, 517
102, 517
107, 517
207, 517
179, 517
89, 517
1, 517
187, 517
304, 517
245, 517
20, 517
257, 517
14, 517
117, 517
27, 517
6, 517
200, 517
230, 517
219, 517
21, 517
336, 517
355, 517
325, 517
255, 517
356, 517
511, 517
204, 517
202, 517
230, 517
126, 517
107, 517
125, 517
245, 517
190, 517
266, 517
233, 517
63, 517
1, 517
266, 517
227, 517
5, 517
201, 517
199, 517
262, 517
77, 517
4, 517
220, 517
130, 517
64, 517
244, 517
295, 517
265, 517
129, 517
227, 517
103, 517
104, 517
100, 517
235, 517
105, 517
252, 517
300, 517
318, 517
501, 517
206, 517
279, 517
6, 517
221, 517
185, 517
260, 517
0, 517
2, 517
186, 517
240, 517
302, 517
205, 517
263, 517
220, 517
216, 517
234, 517
302, 517
324, 517
301, 517
503, 517
256, 517
127, 517
305, 517
106, 517
185, 517
100, 517
6, 517
106, 517
237, 517
306, 517
229, 517
268, 517
260, 517
329, 517
380, 517
314, 517
347, 517
236, 517
293, 517
247, 517
453, 517
410, 517
308, 517
408, 517
385, 517
313, 517
349, 517
502, 517
205, 517
132, 517
0, 517
33, 517
151, 517
67, 517
5, 517
214, 517
150, 517
122, 517
102, 517
200, 517
104, 517
218, 517
159, 517
182, 517
310, 517
399, 517
279, 517
254, 517
272, 517
248, 517
305, 517
348, 517
459, 517
328, 517
370, 517
254, 517
196, 517
136, 517
225, 517
247, 517
381, 517
405, 517
387, 517
505, 517
392, 517
170, 517
158, 517
132, 517
100, 517
226, 517
218, 517
207, 517
281, 517
314, 517
357, 517
444, 517
0, 517
365, 517
111, 517
2, 517
58, 517
498, 517
158, 517
335, 517
320, 517
140, 517
318, 517
335, 517
391, 517
157, 517
203, 517
314, 517
200, 517
161, 517
128, 517
118, 517
207, 517
245, 517
202, 517
194, 517
224, 517
209, 517
214, 517
242, 517
296, 517
255, 517
229, 517
259, 517
501, 517
321, 517
333, 517
331, 517
353, 517
108, 517
2, 517
82, 517
0, 517
311, 517
175, 517
316, 517
492, 517
344, 517
194, 517
406, 517
410, 517
309, 517
355, 517
376, 517
327, 517
503, 517
455, 517
500, 517
182, 517
107, 517
107, 517
213, 517
207, 517
206, 517
155, 517
200, 517
212, 517
202, 517
219, 517
210, 517
236, 517
249, 517
162, 517
192, 517
312, 517
249, 517
134, 517
104, 517
120, 517
40, 517
0, 517
215, 517
273, 517
116, 517
254, 517
77, 517
0, 517
74, 517
210, 517
250, 517
327, 517
338, 517
322, 517
424, 517
391, 517
277, 517
220, 517
407, 517
329, 517
434, 517
221, 517
107, 517
205, 517
232, 517
218, 517
298, 517
213, 517
251, 517
504, 517
252, 517
349, 517
357, 517
383, 517
429, 517
315, 517
489, 517
9, 517
74, 517
80, 517
1, 517
445, 517
316, 517
321, 517
83, 517
402, 517
416, 517
280, 517
501, 517
190, 517
0, 517
3, 517
165, 517
215, 517
208, 517
169, 517
205, 517
216, 517
201, 517
205, 517
303, 517
240, 517
221, 517
217, 517
313, 517
307, 517
347, 517
300, 517
502, 517
155, 517
106, 517
123, 517
208, 517
173, 517
261, 517
112, 517
218, 517
120, 517
308, 517
181, 517
2, 517
39, 517
7, 517
324, 517
303, 517
257, 517
203, 517
333, 517
216, 517
429, 517
414, 517
166, 517
439, 517
316, 517
340, 517
501, 517
272, 517
277, 517
471, 517
448, 517
324, 517
381, 517
249, 517
401, 517
358, 517
354, 517
405, 517
228, 517
103, 517
238, 517
201, 517
205, 517
207, 517
204, 517
286, 517
301, 517
319, 517
466, 517
101, 517
107, 517
130, 517
219, 517
233, 517
277, 517
241, 517
342, 517
510, 517
77, 517
0, 517
118, 517
201, 517
181, 517
195, 517
2, 517
234, 517
306, 517
259, 517
298, 517
246, 517
326, 517
246, 517
330, 517
325, 517
318, 517
321, 517
398, 517
372, 517
412, 517
456, 517
204, 517
145, 517
102, 517
102, 517
212, 517
214, 517
136, 517
211, 517
189, 517
209, 517
283, 517
210, 517
9, 517
7, 517
218, 517
347, 517
56, 517
13, 517
171, 517
383, 517
303, 517
402, 517
409, 517
502, 517
217, 517
502, 517
175, 517
7, 517
168, 517
107, 517
114, 517
255, 517
197, 517
147, 517
195, 517
106, 517
109, 517
247, 517
209, 517
160, 517
202, 517
269, 517
226, 517
308, 517
298, 517
206, 517
273, 517
470, 517
282, 517
0, 517
111, 517
302, 517
372, 517
100, 517
103, 517
109, 517
203, 517
256, 517
145, 517
3, 517
128, 517
367, 517
158, 517
191, 517
128, 517
294, 517
302, 517
304, 517
501, 517
291, 517
10, 517
211, 517
259, 517
303, 517
501, 517
207, 517
147, 517
118, 517
104, 517
213, 517
205, 517
219, 517
117, 517
244, 517
271, 517
334, 517
114, 517
196, 517
85, 517
1, 517
202, 517
249, 517
203, 517
19, 517
249, 517
175, 517
8, 517
15, 517
313, 517
178, 517
116, 517
120, 517
341, 517
280, 517
310, 517
345, 517
315, 517
257, 517
200, 517
278, 517
345, 517
354, 517
436, 517
188, 517
357, 517
394, 517
405, 517
409, 517
192, 517
223, 517
213, 517
198, 517
207, 517
234, 517
20, 517
208, 517
225, 517
11, 517
4, 517
362, 517
281, 517
218, 517
0, 517
312, 517
521, 521
139, 521
125, 521
304, 521
199, 521
104, 521
100, 521
256, 521
273, 521
121, 521
205, 521
203, 521
185, 521
235, 521
223, 521
302, 521
215, 521
300, 521
188, 521
305, 521
172, 521
353, 521
453, 521
327, 521
119, 521
5, 521
358, 521
476, 521
3, 521
17, 521
331, 521
324, 521
279, 521
476, 521
268, 521
313, 521
356, 521
410, 521
409, 521
401, 521
116, 521
207, 521
140, 521
114, 521
121, 521
203, 521
154, 521
200, 521
209, 521
214, 521
204, 521
215, 521
216, 521
212, 521
342, 521
324, 521
340, 521
270, 521
310, 521
206, 521
214, 521
502, 521
275, 521
301, 521
311, 521
335, 521
53, 521
315, 521
333, 521
389, 521
313, 521
344, 521
78, 521
5, 521
67, 521
8, 521
409, 521
390, 521
351, 521
506, 521
120, 521
30, 521
119, 521
122, 521
203, 521
150, 521
210, 521
176, 521
115, 521
108, 521
127, 521
217, 521
216, 521
254, 521
319, 521
331, 521
379, 521
345, 521
401, 521
360, 521
423, 521
324, 521
403, 521
457, 521
21, 521
418, 521
424, 521
250, 521
423, 521
476, 521
202, 521
50, 521
0, 521
208, 521
203, 521
217, 521
212, 521
52, 521
2, 521
101, 521
116, 521
108, 521
206, 521
207, 521
112, 521
201, 521
205, 521
230, 521
166, 521
108, 521
318, 521
306, 521
260, 521
511, 521
205, 521
119, 521
378, 521
218, 521
214, 521
517, 521
276, 521
176, 521
112, 521
100, 521
289, 521
225, 521
225, 521
189, 521
275, 521
244, 521
216, 521
56, 521
1, 521
210, 521
237, 521
51, 521
127, 521
155, 521
27, 521
8, 521
106, 521
256, 521
203, 521
202, 521
209, 521
213, 521
0, 521
126, 521
142, 521
119, 521
301, 521
112, 521
107, 521
309, 521
146, 521
226, 521
364, 521
319, 521
300, 521
312, 521
501, 521
226, 521
230, 521
188, 521
96, 521
0, 521
213, 521
144, 521
202, 521
1, 521
56, 521
227, 521
34, 521
15, 521
4, 521
216, 521
224, 521
135, 521
106, 521
112, 521
229, 521
179, 521
213, 521
200, 521
186, 521
225, 521
326, 521
310, 521
359, 521
316, 521
506, 521
211, 521
201, 521
108, 521
117, 521
137, 521
145, 521
216, 521
203, 521
28, 521
1, 521
188, 521
133, 521
36, 521
102, 521
160, 521
157, 521
301, 521
333, 521
306, 521
161, 521
5, 521
310, 521
319, 521
506, 521
337, 521
76, 521
367, 521
306, 521
323, 521
480, 521
530, 530
218, 530
218, 530
221, 530
103, 530
139, 530
109, 530
209, 530
205, 530
202, 530
215, 530
105, 530
192, 530
124, 530
153, 530
230, 530
236, 530
216, 530
252, 530
84, 530
254, 530
13, 530
1, 530
174, 530
172, 530
113, 530
96, 530
105, 530
202, 530
230, 530
285, 530
147, 530
107, 530
3, 530
305, 530
389, 530
521, 530
220, 530
169, 530
207, 530
203, 530
107, 530
209, 530
309, 530
305, 530
307, 530
235, 530
219, 530
242, 530
324, 530
308, 530
500, 530
189, 530
270, 530
212, 530
200, 530
234, 530
116, 530
0, 530
177, 530
45, 530
136, 530
100, 530
254, 530
325, 530
129, 530
185, 530
197, 530
40, 530
11, 530
184, 530
101, 530
121, 530
266, 530
201, 530
258, 530
71, 530
232, 530
210, 530
214, 530
229, 530
284, 530
219, 530
305, 530
324, 530
324, 530
321, 530
359, 530
428, 530
297, 530
366, 530
372, 530
339, 530
330, 530
502, 530
246, 530
227, 530
153, 530
119, 530
102, 530
205, 530
205, 530
123, 530
1, 530
181, 530
208, 530
26, 530
204, 530
336, 530
273, 530
71, 530
156, 530
3, 530
107, 530
206, 530
245, 530
375, 530
154, 530
112, 530
131, 530
222, 530
163, 530
209, 530
208, 530
262, 530
234, 530
393, 530
377, 530
302, 530
328, 530
350, 530
458, 530
324, 530
504, 530
163, 530
106, 530
110, 530
127, 530
221, 530
206, 530
210, 530
203, 530
271, 530
38, 530
2, 530
243, 530
200, 530
5, 530
0, 530
165, 530
232, 530
234, 530
6, 530
108, 530
264, 530
282, 530
139, 530
206, 530
236, 530
169, 530
114, 530
131, 530
288, 530
217, 530
227, 530
132, 530
215, 530
214, 530
280, 530
29, 530
2, 530
173, 530
337, 530
309, 530
310, 530
340, 530
365, 530
434, 530
214, 530
204, 530
154, 530
182, 530
157, 530
11, 530
170, 530
163, 530
79, 530
2, 530
213, 530
159, 530
176, 530
224, 530
240, 530
316, 530
402, 530
500, 530
116, 530
100, 530
103, 530
210, 530
237, 530
271, 530
237, 530
218, 530
302, 530
219, 530
305, 530
293, 530
306, 530
317, 530
345, 530
379, 530
468, 530
362, 530
412, 530
448, 530
229, 530
1, 530
334, 530
345, 530
306, 530
139, 530
0, 530
320, 530
427, 530
410, 530
308, 530
225, 530
504, 530
140, 530
500, 530
107, 530
198, 530
131, 530
200, 530
192, 530
210, 530
195, 530
124, 530
101, 530
241, 530
202, 530
217, 530
232, 530
220, 530
204, 530
151, 530
129, 530
216, 530
232, 530
277, 530
207, 530
252, 530
212, 530
69, 530
0, 530
186, 530
104, 530
220, 530
104, 530
15, 530
284, 530
162, 530
139, 530
110, 530
154, 530
8, 530
13, 530
166, 530
206, 530
303, 530
282, 530
230, 530
328, 530
253, 530
209, 530
273, 530
315, 530
303, 530
345, 530
358, 530
415, 530
502, 530
179, 530
206, 530
139, 530
172, 530
104, 530
120, 530
173, 530
304, 530
313, 530
274, 530
333, 530
314, 530
333, 530
348, 530
500, 530
346, 530
416, 530
411, 530
505, 530
148, 530
155, 530
0, 530
214, 530
17, 530
140, 530
207, 530
161, 530
48, 530
24, 530
109, 530
128, 530
206, 530
205, 530
123, 530
62, 530
214, 530
16, 530
201, 530
148, 530
105, 530
163, 530
125, 530
163, 530
19, 530
213, 530
241, 530
305, 530
305, 530
300, 530
303, 530
315, 530
502, 530
31, 530
4, 530
191, 530
200, 530
245, 530
302, 530
388, 530
412, 530
334, 530
362, 530
476, 530
158, 530
101, 530
139, 530
206, 530
202, 530
205, 530
209, 530
142, 530
206, 530
221, 530
266, 530
0, 530
297, 530
241, 530
143, 530
102, 530
210, 530
115, 530
119, 530
122, 530
166, 530
27, 530
221, 530
204, 530
66, 530
247, 530
354, 530
390, 530
275, 530
201, 530
331, 530
261, 530
289, 530
361, 530
207, 530
502, 530
216, 530
18, 530
236, 530
301, 530
318, 530
234, 530
249, 530
297, 530
510, 530
324, 530
372, 530
446, 530
88, 530
0, 530
336, 530
120, 530
2, 530
392, 530
217, 530
402, 530
310, 530
351, 530
468, 530
423, 530
4, 530
152, 530
104, 530
105, 530
172, 530
212, 530
204, 530
202, 530
210, 530
213, 530
215, 530
208, 530
212, 530
133, 530
79, 530
342, 530
288, 530
312, 530
502, 530
43, 530
228, 530
377, 530
517, 530
157, 530
103, 530
101, 530
125, 530
214, 530
210, 530
218, 530
218, 530
61, 530
0, 530
217, 530
213, 530
52, 530
208, 530
66, 530
3, 530
331, 530
201, 530
238, 530
289, 530
262, 530
323, 530
217, 530
290, 530
256, 530
306, 530
341, 530
430, 530
319, 530
407, 530
408, 530
396, 530
375, 530
184, 530
159, 530
115, 530
104, 530
161, 530
202, 530
234, 530
208, 530
207, 530
200, 530
253, 530
328, 530
264, 530
303, 530
250, 530
269, 530
240, 530
489, 530
340, 530
347, 530
217, 530
317, 530
288, 530
253, 530
285, 530
309, 530
500, 530
347, 530
1, 530
84, 530
2, 530
32, 530
385, 530
224, 530
44, 530
503, 530
373, 530
244, 530
310, 530
453, 530
366, 530
413, 530
200, 530
360, 530
437, 530
385, 530
1, 530
256, 530
442, 530
385, 530
502, 530
202, 530
131, 530
102, 530
103, 530
164, 530
200, 530
212, 530
202, 530
206, 530
3, 530
3, 530
214, 530
203, 530
146, 530
130, 530
203, 530
148, 530
218, 530
174, 530
109, 530
101, 530
209, 530
16, 530
88, 530
10, 530
131, 530
122, 530
206, 530
224, 530
204, 530
195, 530
225, 530
2, 530
310, 530
16, 530
306, 530
301, 530
223, 530
289, 530
500, 530
208, 530
140, 530
211, 530
241, 530
220, 530
272, 530
251, 530
309, 530
319, 530
154, 530
1, 530
500, 530
280, 530
5, 530
429, 530
335, 530
410, 530
194, 530
479, 530
415, 530
312, 530
488, 530
361, 530
118, 530
103, 530
101, 530
224, 530
258, 530
200, 530
205, 530
206, 530
125, 530
204, 530
200, 530
26, 530
302, 530
312, 530
327, 530
304, 530
308, 530
500, 530
207, 530
202, 530
228, 530
171, 530
101, 530
104, 530
56, 530
0, 530
206, 530
157, 530
204, 530
219, 530
262, 530
204, 530
172, 530
201, 530
166, 530
5, 530
148, 530
212, 530
0, 530
234, 530
292, 530
201, 530
322, 530
301, 530
300, 530
323, 530
432, 530
245, 530
316, 530
485, 530
378, 530
361, 530
412, 530
305, 530
478, 530
253, 530
365, 530
399, 530
389, 530
182, 530
17, 530
137, 530
76, 530
3, 530
102, 530
101, 530
238, 530
65, 530
1, 530
205, 530
207, 530
451, 530
45, 530
215, 530
60, 530
269, 530
304, 530
355, 530
500, 530
357, 530
464, 530
367, 530
285, 530
408, 530
329, 530
344, 530
382, 530
212, 530
200, 530
134, 530
94, 530
201, 530
325, 530
202, 530
132, 530
114, 530
110, 530
218, 530
222, 530
336, 530
400, 530
350, 530
499, 530
333, 530
358, 530
206, 530
6, 530
501, 530
329, 530
185, 530
29, 530
0, 530
301, 530
469, 530
136, 530
312, 530
403, 530
464, 530
202, 530
209, 530
224, 530
177, 530
352, 530
308, 530
354, 530
470, 530
205, 530
144, 530
107, 530
110, 530
115, 530
202, 530
213, 530
204, 530
345, 530
389, 530
246, 530
254, 530
309, 530
304, 530
340, 530
530, 530
203, 530
209, 530
226, 530
112, 530
135, 530
209, 530
221, 530
184, 530
2, 530
168, 530
164, 530
112, 530
207, 530
43, 530
212, 530
203, 530
132, 530
107, 530
94, 530
4, 530
106, 530
205, 530
120, 530
224, 530
227, 530
251, 530
327, 530
368, 530
364, 530
401, 530
218, 530
203, 530
207, 530
230, 530
224, 530
271, 530
493, 530
203, 530
227, 530
283, 530
301, 530
504, 530
200, 530
201, 530
150, 530
235, 530
45, 530
1, 530
271, 530
351, 530
5, 530
5, 530
25, 530
175, 530
127, 530
304, 530
516, 530
201, 530
166, 530
303, 530
299, 530
418, 530
424, 530
110, 530
105, 530
215, 530
207, 530
212, 530
214, 530
472, 530
217, 530
207, 530
344, 530
474, 530
322, 530
262, 530
310, 530
310, 530
486, 530
402, 530
329, 530
400, 530
214, 530
2, 530
479, 530
99, 530
81, 530
5, 530
470, 530
367, 530
379, 530
51, 530
411, 530
134, 530
208, 530
143, 530
204, 530
201, 530
155, 530
105, 530
107, 530
208, 530
209, 530
200, 530
207, 530
209, 530
238, 530
294, 530
354, 530
513, 530
232, 530
222, 530
319, 530
204, 530
431, 530
350, 530
117, 530
220, 530
215, 530
305, 530
332, 530
324, 530
464, 530
338, 530
364, 530
304, 530
440, 530
115, 530
207, 530
23, 530
1, 530
207, 530
152, 530
123, 530
103, 530
239, 530
103, 530
211, 530
377, 530
8, 530
5, 530
184, 530
243, 530
358, 530
313, 530
371, 530
11, 530
341, 530
377, 530
215, 530
208, 530
225, 530
374, 530
350, 530
341, 530
337, 530
388, 530
501, 530
69, 530
209, 530
202, 530
223, 530
155, 530
208, 530
226, 530
188, 530
120, 530
100, 530
194, 530
148, 530
208, 530
206, 530
0, 530
176, 530
108, 530
117, 530
244, 530
314, 530
307, 530
395, 530
500, 530
214, 530
209, 530
24, 530
0, 530
1, 530
141, 530
204, 530
204, 530
211, 530
167, 530
200, 530
70, 530
240, 530
182, 530
106, 530
102, 530
205, 530
299, 530
232, 530
239, 530
314, 530
229, 530
417, 530
335, 530
363, 530
500, 530
210, 530
214, 530
244, 530
226, 530
334, 530
221, 530
431, 530
384, 530
270, 530
401, 530
208, 530
453, 530
178, 530
2, 530
28, 530
4, 530
326, 530
475, 530
61, 530
365, 530
356, 530
389, 530
0, 530
222, 530
195, 530
203, 530
202, 530
202, 530
199, 530
399, 530
319, 530
309, 530
367, 530
307, 530
295, 530
401, 530
317, 530
301, 530
402, 530
301, 530
516, 530
182, 530
200, 530
200, 530
206, 530
205, 530
221, 530
201, 530
195, 530
212, 530
342, 530
49, 530
4, 530
274, 530
327, 530
86, 530
400, 530
5, 530
2, 530
394, 530
139, 530
415, 530
377, 530
203, 530
462, 530
341, 530
285, 530
466, 530
501, 530
336, 530
397, 530
212, 530
141, 530
100, 530
100, 530
201, 530
180, 530
201, 530
28, 530
208, 530
208, 530
223, 530
159, 530
267, 530
362, 530
398, 530
268, 530
304, 530
202, 530
223, 530
326, 530
426, 530
383, 530
401, 530
22, 530
1, 530
200, 530
108, 530
208, 530
114, 530
100, 530
103, 530
156, 530
61, 530
32, 530
207, 530
212, 530
223, 530
201, 530
83, 530
206, 530
165, 530
238, 530
112, 530
300, 530
233, 530
226, 530
235, 530
301, 530
500, 530
262, 530
363, 530
22, 530
463, 530
404, 530
391, 530
330, 530
388, 530
209, 530
201, 530
119, 530
212, 530
213, 530
244, 530
266, 530
397, 530
251, 530
346, 530
355, 530
480, 530
106, 530
0, 530
103, 530
100, 530
217, 530
185, 530
213, 530
192, 530
50, 530
11, 530
2, 530
206, 530
213, 530
211, 530
228, 530
243, 530
235, 530
405, 530
280, 530
228, 530
477, 530
315, 530
438, 530
459, 530
308, 530
404, 530
482, 530
366, 530
345, 530
439, 530
144, 530
392, 530
236, 530
207, 530
161, 530
26, 530
0, 530
108, 530
105, 530
211, 530
144, 530
209, 530
213, 530
214, 530
226, 530
203, 530
207, 530
260, 530
220, 530
316, 530
301, 530
501, 530
209, 530
79, 530
102, 530
208, 530
129, 530
4, 530
8, 530
105, 530
221, 530
208, 530
220, 530
201, 530
222, 530
178, 530
177, 530
167, 530
105, 530
105, 530
233, 530
57, 530
233, 530
233, 530
238, 530
237, 530
377, 530
329, 530
387, 530
223, 530
424, 530
316, 530
286, 530
501, 530
204, 530
200, 530
10, 530
0, 530
236, 530
208, 530
5, 530
33, 530
6, 530
0, 530
162, 530
241, 530
204, 530
201, 530
152, 530
107, 530
101, 530
264, 530
201, 530
106, 530
225, 530
141, 530
202, 530
58, 530
155, 530
146, 530
215, 530
234, 530
384, 530
395, 530
203, 530
208, 530
265, 530
408, 530
304, 530
387, 530
44, 530
54, 530
1, 530
378, 530
3, 530
375, 530
86, 530
305, 530
500, 530
181, 530
207, 530
238, 530
122, 530
105, 530
104, 530
220, 530
206, 530
201, 530
189, 530
228, 530
200, 530
184, 530
133, 530
206, 530
209, 530
173, 530
203, 530
238, 530
210, 530
331, 530
305, 530
394, 530
386, 530
419, 530
370, 530
292, 530
284, 530
322, 530
503, 530
33, 530
2, 530
206, 530
122, 530
26, 530
234, 530
183, 530
100, 530
62, 530
101, 530
212, 530
188, 530
206, 530
49, 530
202, 530
217, 530
412, 530
311, 530
349, 530
337, 530
131, 530
129, 530
206, 530
309, 530
356, 530
441, 530
201, 530
169, 530
202, 530
203, 530
211, 530
300, 530
308, 530
326, 530
500, 530
209, 530
18, 530
147, 530
32, 530
217, 530
20, 530
0, 530
30, 530
171, 530
145, 530
105, 530
111, 530
101, 530
151, 530
180, 530
127, 530
113, 530
104, 530
188, 530
201, 530
20, 530
287, 530
258, 530
302, 530
303, 530
383, 530
310, 530
436, 530
444, 530
204, 530
180, 530
231, 530
208, 530
205, 530
203, 530
204, 530
189, 530
330, 530
229, 530
414, 530
505, 530
200, 530
329, 530
168, 530
104, 530
102, 530
205, 530
3, 530
0, 530
228, 530
199, 530
213, 530
209, 530
214, 530
12, 530
1, 530
23, 530
21, 530
201, 530
282, 530
201, 530
203, 530
300, 530
302, 530
336, 530
395, 530
329, 530
410, 530
502, 530
346, 530
4, 530
469, 530
320, 530
422, 530
175, 530
321, 530
338, 530
304, 530
509, 530
176, 530
256, 530
184, 530
100, 530
101, 530
233, 530
212, 530
200, 530
209, 530
38, 530
0, 530
210, 530
214, 530
211, 530
57, 530
158, 530
206, 530
200, 530
146, 530
225, 530
91, 530
259, 530
82, 530
26, 530
1, 530
56, 530
259, 530
130, 530
107, 530
105, 530
203, 530
161, 530
205, 530
162, 530
165, 530
206, 530
221, 530
209, 530
210, 530
208, 530
215, 530
270, 530
300, 530
464, 530
329, 530
510, 530
223, 530
228, 530
231, 530
18, 530
0, 530
119, 530
209, 530
205, 530
73, 530
227, 530
167, 530
104, 530
103, 530
202, 530
57, 530
10, 530
5, 530
206, 530
146, 530
206, 530
104, 530
128, 530
294, 530
72, 530
245, 530
253, 530
225, 530
305, 530
211, 530
321, 530
310, 530
465, 530
341, 530
331, 530
502, 530
340, 530
375, 530
301, 530
346, 530
422, 530
413, 530
306, 530
300, 530
391, 530
385, 530
404, 530
334, 530
354, 530
511, 530
184, 530
208, 530
204, 530
41, 530
0, 530
200, 530
129, 530
4, 530
100, 530
101, 530
204, 530
203, 530
140, 530
205, 530
150, 530
203, 530
53, 530
18, 530
182, 530
201, 530
340, 530
196, 530
190, 530
302, 530
331, 530
347, 530
288, 530
500, 530
264, 530
266, 530
379, 530
354, 530
427, 530
467, 530
312, 530
332, 530
407, 530
333, 530
418, 530
12, 530
221, 530
483, 530
169, 530
0, 530
283, 530
374, 530
301, 530
430, 530
397, 530
367, 530
502, 530
213, 530
210, 530
35, 530
109, 530
108, 530
100, 530
217, 530
123, 530
216, 530
202, 530
213, 530
206, 530
208, 530
326, 530
352, 530
483, 530
351, 530
386, 530
206, 530
206, 530
153, 530
204, 530
130, 530
111, 530
100, 530
200, 530
137, 530
209, 530
184, 530
200, 530
329, 530
201, 530
186, 530
202, 530
470, 530
358, 530
149, 530
1, 530
1, 530
0, 530
306, 530
415, 530
315, 530
500, 530
64, 530
254, 530
487, 530
226, 530
361, 530
421, 530
320, 530
505, 530
204, 530
508, 530
201, 530
31, 530
202, 530
132, 530
173, 530
100, 530
127, 530
218, 530
204, 530
121, 530
203, 530
116, 530
165, 530
217, 530
209, 530
217, 530
51, 530
1, 530
230, 530
260, 530
158, 530
83, 530
13, 530
1, 530
23, 530
217, 530
221, 530
252, 530
324, 530
388, 530
380, 530
374, 530
219, 530
206, 530
130, 530
110, 530
117, 530
217, 530
209, 530
138, 530
215, 530
244, 530
242, 530
473, 530
309, 530
418, 530
404, 530
202, 530
200, 530
120, 530
192, 530
219, 530
205, 530
275, 530
161, 530
305, 530
67, 530
6, 530
378, 530
374, 530
449, 530
209, 530
180, 530
202, 530
179, 530
121, 530
103, 530
201, 530
77, 530
4, 530
203, 530
131, 530
188, 530
222, 530
267, 530
446, 530
464, 530
213, 530
200, 530
206, 530
207, 530
312, 530
275, 530
237, 530
302, 530
380, 530
328, 530
308, 530
311, 530
512, 530
185, 530
120, 530
210, 530
309, 530
301, 530
392, 530
471, 530
277, 530
506, 530
190, 530
202, 530
145, 530
1, 530
147, 530
337, 530
213, 530
4, 530
404, 530
462, 530
139, 530
340, 530
401, 530
140, 530
311, 530
403, 530
339, 530
323, 530
424, 530
407, 530
347, 530
369, 530
406, 530
217, 530
219, 530
207, 530
202, 530
230, 530
203, 530
207, 530
153, 530
207, 530
208, 530
177, 530
121, 530
101, 530
201, 530
238, 530
207, 530
258, 530
259, 530
332, 530
301, 530
498, 530
211, 530
214, 530
234, 530
244, 530
377, 530
21, 530
0, 530
226, 530
201, 530
212, 530
105, 530
302, 530
505, 530
25, 530
0, 530
17, 530
58, 530
29, 530
329, 530
400, 530
284, 530
501, 530
314, 530
363, 530
400, 530
416, 530
104, 530
204, 530
220, 530
205, 530
328, 530
340, 530
335, 530
441, 530
312, 530
445, 530
102, 530
106, 530
105, 530
207, 530
202, 530
214, 530
245, 530
209, 530
135, 530
0, 530
204, 530
151, 530
201, 530
11, 530
24, 530
100, 530
306, 530
322, 530
413, 530
373, 530
386, 530
60, 530
230, 530
320, 530
207, 530
207, 530
90, 530
503, 530
413, 530
465, 530
301, 530
417, 530
311, 530
410, 530
407, 530
329, 530
425, 530
371, 530
306, 530
404, 530
446, 530
505, 530
23, 530
0, 530
64, 530
188, 530
4, 530
211, 530
311, 530
9, 530
200, 530
103, 530
204, 530
204, 530
203, 530
168, 530
102, 530
107, 530
201, 530
200, 530
224, 530
192, 530
209, 530
227, 530
320, 530
290, 530
372, 530
384, 530
319, 530
389, 530
347, 530
376, 530
386, 530
1, 530
100, 530
4, 530
418, 530
417, 530
111, 530
319, 530
407, 530
149, 530
204, 530
52, 530
217, 530
203, 530
345, 530
175, 530
103, 530
129, 530
207, 530
131, 530
203, 530
202, 530
201, 530
221, 530
252, 530
209, 530
223, 530
450, 530
371, 530
374, 530
265, 530
500, 530
395, 530
302, 530
426, 530
408, 530
391, 530
420, 530
476, 530
348, 530
22, 530
0, 530
253, 530
2, 530
261, 530
447, 530
339, 530
369, 530
2, 530
428, 530
351, 530
234, 530
404, 530
384, 530
404, 530
346, 530
495, 530
104, 530
101, 530
204, 530
104, 530
201, 530
163, 530
107, 530
106, 530
202, 530
203, 530
211, 530
211, 530
207, 530
137, 530
203, 530
203, 530
233, 530
214, 530
114, 530
102, 530
223, 530
123, 530
200, 530
205, 530
207, 530
179, 530
133, 530
105, 530
