#Algorithm: Qlearning, Speed: 5, Boost: 4, PM: True, Env size: (100, 100), Car size: (25, 20),
#Counter: 100, Nsteps: 10000000, Gamma: 1, LearnRate: 0.01, Eps: 0.5, Epsdecay: 0.9
403, 403
3, 403
409, 409
103, 409
424, 424
330, 424
250, 424
1, 424
402, 424
34, 424
291, 424
133, 424
77, 424
1, 424
175, 424
317, 424
410, 424
317, 424
303, 424
318, 424
302, 424
315, 424
364, 424
400, 424
408, 424
302, 424
225, 424
213, 424
399, 424
336, 424
400, 424
420, 424
360, 424
393, 424
212, 424
402, 424
427, 427
403, 427
58, 427
209, 427
431, 431
400, 431
308, 431
315, 431
352, 431
361, 431
303, 431
316, 431
428, 431
305, 431
305, 431
332, 431
325, 431
308, 431
310, 431
309, 431
311, 431
347, 431
348, 431
318, 431
338, 431
342, 431
322, 431
340, 431
317, 431
325, 431
300, 431
326, 431
302, 431
365, 431
305, 431
311, 431
303, 431
304, 431
308, 431
305, 431
301, 431
350, 431
328, 431
337, 431
314, 431
324, 431
308, 431
326, 431
303, 431
304, 431
304, 431
338, 431
300, 431
308, 431
341, 431
309, 431
308, 431
352, 431
324, 431
321, 431
308, 431
314, 431
306, 431
301, 431
316, 431
323, 431
306, 431
315, 431
303, 431
365, 431
311, 431
347, 431
315, 431
352, 431
353, 431
304, 431
301, 431
324, 431
321, 431
303, 431
370, 431
312, 431
300, 431
372, 431
300, 431
308, 431
320, 431
352, 431
331, 431
361, 431
331, 431
315, 431
317, 431
310, 431
304, 431
330, 431
310, 431
343, 431
318, 431
301, 431
338, 431
313, 431
313, 431
336, 431
313, 431
330, 431
336, 431
306, 431
320, 431
333, 431
307, 431
301, 431
311, 431
302, 431
344, 431
323, 431
305, 431
326, 431
319, 431
307, 431
355, 431
306, 431
361, 431
315, 431
320, 431
319, 431
320, 431
348, 431
319, 431
304, 431
342, 431
317, 431
321, 431
300, 431
327, 431
332, 431
324, 431
302, 431
313, 431
312, 431
374, 431
317, 431
334, 431
315, 431
304, 431
310, 431
306, 431
334, 431
321, 431
335, 431
341, 431
304, 431
325, 431
305, 431
345, 431
339, 431
325, 431
346, 431
321, 431
301, 431
331, 431
328, 431
304, 431
311, 431
305, 431
305, 431
337, 431
319, 431
314, 431
305, 431
328, 431
323, 431
353, 431
329, 431
315, 431
300, 431
310, 431
301, 431
300, 431
315, 431
356, 431
306, 431
313, 431
314, 431
307, 431
352, 431
348, 431
311, 431
304, 431
323, 431
364, 431
305, 431
387, 431
302, 431
304, 431
316, 431
375, 431
312, 431
309, 431
320, 431
371, 431
323, 431
303, 431
311, 431
309, 431
305, 431
340, 431
308, 431
312, 431
307, 431
303, 431
314, 431
322, 431
310, 431
314, 431
328, 431
327, 431
323, 431
301, 431
324, 431
356, 431
330, 431
333, 431
308, 431
311, 431
349, 431
344, 431
327, 431
314, 431
323, 431
383, 431
327, 431
323, 431
317, 431
300, 431
370, 431
362, 431
306, 431
332, 431
338, 431
326, 431
330, 431
319, 431
348, 431
309, 431
374, 431
302, 431
307, 431
300, 431
345, 431
343, 431
333, 431
316, 431
334, 431
322, 431
347, 431
317, 431
367, 431
303, 431
322, 431
306, 431
304, 431
311, 431
300, 431
311, 431
302, 431
344, 431
321, 431
318, 431
326, 431
311, 431
341, 431
302, 431
326, 431
306, 431
314, 431
340, 431
302, 431
313, 431
306, 431
315, 431
344, 431
319, 431
318, 431
303, 431
321, 431
329, 431
301, 431
349, 431
339, 431
303, 431
304, 431
351, 431
305, 431
300, 431
306, 431
311, 431
330, 431
304, 431
355, 431
331, 431
305, 431
310, 431
304, 431
306, 431
333, 431
341, 431
332, 431
427, 431
322, 431
300, 431
336, 431
318, 431
326, 431
311, 431
316, 431
326, 431
394, 431
309, 431
302, 431
319, 431
311, 431
368, 431
338, 431
309, 431
324, 431
323, 431
364, 431
317, 431
355, 431
367, 431
308, 431
361, 431
371, 431
310, 431
318, 431
313, 431
322, 431
301, 431
302, 431
305, 431
306, 431
383, 431
300, 431
309, 431
300, 431
322, 431
308, 431
302, 431
366, 431
301, 431
321, 431
336, 431
326, 431
313, 431
343, 431
308, 431
328, 431
329, 431
327, 431
304, 431
333, 431
301, 431
305, 431
336, 431
319, 431
331, 431
303, 431
305, 431
314, 431
300, 431
317, 431
341, 431
308, 431
315, 431
300, 431
407, 431
302, 431
313, 431
300, 431
384, 431
301, 431
343, 431
306, 431
307, 431
304, 431
334, 431
372, 431
302, 431
314, 431
335, 431
318, 431
358, 431
351, 431
301, 431
309, 431
389, 431
300, 431
310, 431
366, 431
303, 431
320, 431
304, 431
319, 431
304, 431
374, 431
303, 431
309, 431
331, 431
307, 431
303, 431
316, 431
305, 431
300, 431
307, 431
313, 431
306, 431
359, 431
315, 431
314, 431
304, 431
349, 431
329, 431
329, 431
317, 431
327, 431
315, 431
324, 431
388, 431
317, 431
352, 431
311, 431
338, 431
324, 431
315, 431
317, 431
306, 431
316, 431
306, 431
300, 431
327, 431
315, 431
306, 431
314, 431
311, 431
306, 431
308, 431
331, 431
349, 431
329, 431
308, 431
301, 431
359, 431
318, 431
300, 431
312, 431
340, 431
306, 431
302, 431
318, 431
311, 431
315, 431
300, 431
310, 431
335, 431
310, 431
302, 431
390, 431
360, 431
306, 431
387, 431
303, 431
324, 431
303, 431
373, 431
304, 431
318, 431
365, 431
306, 431
304, 431
308, 431
306, 431
306, 431
328, 431
308, 431
314, 431
375, 431
306, 431
300, 431
308, 431
310, 431
310, 431
311, 431
320, 431
370, 431
317, 431
314, 431
334, 431
308, 431
325, 431
309, 431
324, 431
335, 431
300, 431
310, 431
306, 431
311, 431
324, 431
300, 431
341, 431
311, 431
329, 431
312, 431
310, 431
305, 431
306, 431
364, 431
364, 431
341, 431
312, 431
304, 431
303, 431
321, 431
302, 431
367, 431
319, 431
326, 431
311, 431
315, 431
317, 431
308, 431
377, 431
326, 431
317, 431
306, 431
307, 431
305, 431
313, 431
304, 431
414, 431
336, 431
318, 431
413, 431
320, 431
348, 431
303, 431
303, 431
323, 431
302, 431
311, 431
322, 431
310, 431
321, 431
318, 431
327, 431
376, 431
304, 431
382, 431
301, 431
412, 431
325, 431
319, 431
343, 431
410, 431
320, 431
324, 431
312, 431
304, 431
305, 431
315, 431
320, 431
305, 431
322, 431
308, 431
345, 431
336, 431
315, 431
315, 431
300, 431
324, 431
323, 431
335, 431
316, 431
331, 431
308, 431
330, 431
300, 431
324, 431
395, 431
401, 431
332, 431
332, 431
309, 431
300, 431
368, 431
300, 431
318, 431
311, 431
312, 431
303, 431
403, 431
315, 431
302, 431
300, 431
303, 431
310, 431
308, 431
322, 431
342, 431
313, 431
319, 431
305, 431
307, 431
310, 431
327, 431
303, 431
313, 431
375, 431
342, 431
314, 431
300, 431
412, 431
323, 431
300, 431
315, 431
300, 431
300, 431
320, 431
313, 431
330, 431
302, 431
336, 431
432, 432
353, 432
315, 432
303, 432
324, 432
303, 432
389, 432
304, 432
343, 432
334, 432
359, 432
315, 432
304, 432
305, 432
303, 432
302, 432
343, 432
366, 432
314, 432
374, 432
315, 432
333, 432
312, 432
319, 432
305, 432
317, 432
317, 432
317, 432
325, 432
317, 432
350, 432
328, 432
379, 432
313, 432
321, 432
356, 432
330, 432
311, 432
336, 432
334, 432
303, 432
304, 432
302, 432
301, 432
312, 432
325, 432
302, 432
311, 432
345, 432
320, 432
328, 432
314, 432
334, 432
385, 432
304, 432
306, 432
300, 432
317, 432
314, 432
366, 432
324, 432
308, 432
321, 432
340, 432
314, 432
305, 432
305, 432
339, 432
302, 432
365, 432
311, 432
309, 432
326, 432
307, 432
301, 432
313, 432
322, 432
309, 432
342, 432
317, 432
378, 432
307, 432
313, 432
330, 432
308, 432
347, 432
301, 432
321, 432
312, 432
335, 432
337, 432
306, 432
305, 432
311, 432
316, 432
312, 432
372, 432
317, 432
347, 432
322, 432
305, 432
345, 432
359, 432
329, 432
308, 432
306, 432
315, 432
307, 432
307, 432
330, 432
305, 432
318, 432
346, 432
307, 432
303, 432
371, 432
300, 432
300, 432
307, 432
319, 432
304, 432
305, 432
315, 432
311, 432
323, 432
306, 432
319, 432
336, 432
308, 432
306, 432
359, 432
334, 432
300, 432
322, 432
319, 432
308, 432
300, 432
325, 432
347, 432
330, 432
328, 432
302, 432
301, 432
306, 432
310, 432
318, 432
308, 432
308, 432
307, 432
338, 432
307, 432
309, 432
324, 432
334, 432
390, 432
396, 432
308, 432
312, 432
308, 432
333, 432
361, 432
306, 432
304, 432
314, 432
342, 432
308, 432
358, 432
311, 432
335, 432
301, 432
318, 432
304, 432
337, 432
306, 432
400, 432
352, 432
356, 432
379, 432
358, 432
328, 432
311, 432
303, 432
303, 432
350, 432
319, 432
315, 432
312, 432
310, 432
312, 432
348, 432
303, 432
310, 432
313, 432
307, 432
385, 432
302, 432
306, 432
312, 432
312, 432
333, 432
328, 432
360, 432
308, 432
311, 432
356, 432
353, 432
313, 432
346, 432
322, 432
309, 432
339, 432
300, 432
304, 432
307, 432
383, 432
303, 432
315, 432
315, 432
323, 432
301, 432
343, 432
307, 432
302, 432
367, 432
311, 432
338, 432
304, 432
333, 432
308, 432
325, 432
309, 432
307, 432
342, 432
311, 432
319, 432
340, 432
325, 432
343, 432
358, 432
300, 432
323, 432
338, 432
318, 432
360, 432
305, 432
311, 432
304, 432
311, 432
309, 432
308, 432
377, 432
335, 432
319, 432
344, 432
303, 432
301, 432
301, 432
309, 432
310, 432
320, 432
344, 432
300, 432
313, 432
333, 432
308, 432
309, 432
321, 432
304, 432
306, 432
315, 432
306, 432
319, 432
302, 432
355, 432
338, 432
365, 432
308, 432
314, 432
305, 432
306, 432
300, 432
321, 432
311, 432
305, 432
311, 432
302, 432
374, 432
311, 432
307, 432
366, 432
301, 432
370, 432
379, 432
385, 432
317, 432
365, 432
306, 432
355, 432
309, 432
347, 432
307, 432
305, 432
313, 432
305, 432
301, 432
340, 432
304, 432
335, 432
300, 432
318, 432
310, 432
328, 432
330, 432
308, 432
307, 432
332, 432
315, 432
319, 432
318, 432
343, 432
316, 432
359, 432
320, 432
304, 432
304, 432
308, 432
324, 432
324, 432
318, 432
302, 432
302, 432
321, 432
316, 432
336, 432
308, 432
312, 432
384, 432
338, 432
375, 432
319, 432
305, 432
374, 432
324, 432
321, 432
304, 432
357, 432
335, 432
314, 432
307, 432
302, 432
360, 432
347, 432
307, 432
379, 432
390, 432
307, 432
306, 432
310, 432
303, 432
305, 432
309, 432
306, 432
309, 432
300, 432
322, 432
395, 432
303, 432
327, 432
379, 432
335, 432
335, 432
300, 432
361, 432
401, 432
313, 432
343, 432
338, 432
335, 432
310, 432
324, 432
313, 432
363, 432
323, 432
300, 432
317, 432
364, 432
304, 432
302, 432
308, 432
333, 432
310, 432
310, 432
305, 432
303, 432
301, 432
301, 432
323, 432
317, 432
308, 432
305, 432
339, 432
308, 432
323, 432
324, 432
327, 432
316, 432
321, 432
300, 432
340, 432
304, 432
317, 432
357, 432
339, 432
329, 432
301, 432
317, 432
302, 432
330, 432
339, 432
300, 432
302, 432
321, 432
342, 432
301, 432
302, 432
335, 432
312, 432
313, 432
334, 432
320, 432
316, 432
350, 432
318, 432
314, 432
306, 432
314, 432
303, 432
314, 432
309, 432
316, 432
305, 432
376, 432
304, 432
319, 432
354, 432
303, 432
323, 432
306, 432
348, 432
303, 432
320, 432
325, 432
330, 432
300, 432
378, 432
337, 432
322, 432
332, 432
302, 432
304, 432
309, 432
344, 432
322, 432
335, 432
333, 432
358, 432
320, 432
306, 432
304, 432
307, 432
308, 432
306, 432
304, 432
302, 432
312, 432
300, 432
326, 432
310, 432
335, 432
370, 432
305, 432
330, 432
321, 432
308, 432
311, 432
312, 432
317, 432
314, 432
355, 432
341, 432
300, 432
314, 432
319, 432
331, 432
303, 432
331, 432
315, 432
308, 432
304, 432
301, 432
308, 432
348, 432
303, 432
304, 432
304, 432
329, 432
318, 432
302, 432
318, 432
324, 432
377, 432
300, 432
346, 432
322, 432
339, 432
314, 432
304, 432
330, 432
309, 432
342, 432
327, 432
336, 432
325, 432
303, 432
374, 432
358, 432
396, 432
323, 432
300, 432
322, 432
306, 432
343, 432
334, 432
315, 432
315, 432
313, 432
310, 432
345, 432
313, 432
318, 432
304, 432
319, 432
312, 432
305, 432
321, 432
317, 432
345, 432
399, 432
304, 432
328, 432
348, 432
300, 432
302, 432
369, 432
305, 432
319, 432
329, 432
310, 432
320, 432
321, 432
306, 432
305, 432
346, 432
308, 432
378, 432
315, 432
305, 432
400, 432
312, 432
338, 432
343, 432
336, 432
304, 432
320, 432
335, 432
304, 432
350, 432
313, 432
322, 432
309, 432
304, 432
308, 432
305, 432
318, 432
335, 432
312, 432
300, 432
315, 432
323, 432
336, 432
332, 432
352, 432
303, 432
308, 432
343, 432
310, 432
306, 432
319, 432
342, 432
303, 432
311, 432
324, 432
316, 432
336, 432
331, 432
331, 432
320, 432
304, 432
310, 432
353, 432
310, 432
308, 432
322, 432
302, 432
332, 432
336, 432
324, 432
325, 432
310, 432
317, 432
301, 432
312, 432
320, 432
308, 432
317, 432
303, 432
308, 432
319, 432
325, 432
301, 432
311, 432
328, 432
365, 432
355, 432
301, 432
305, 432
347, 432
319, 432
309, 432
324, 432
314, 432
306, 432
306, 432
306, 432
317, 432
334, 432
327, 432
317, 432
318, 432
366, 432
314, 432
383, 432
308, 432
313, 432
301, 432
301, 432
312, 432
328, 432
321, 432
327, 432
306, 432
339, 432
332, 432
311, 432
353, 432
311, 432
337, 432
413, 432
300, 432
312, 432
339, 432
304, 432
352, 432
304, 432
309, 432
316, 432
310, 432
320, 432
305, 432
307, 432
338, 432
343, 432
323, 432
322, 432
413, 432
326, 432
322, 432
402, 432
308, 432
313, 432
374, 432
373, 432
300, 432
305, 432
316, 432
312, 432
386, 432
340, 432
313, 432
335, 432
316, 432
317, 432
312, 432
326, 432
302, 432
307, 432
302, 432
339, 432
335, 432
396, 432
300, 432
329, 432
302, 432
330, 432
320, 432
333, 432
310, 432
303, 432
347, 432
325, 432
305, 432
313, 432
332, 432
329, 432
325, 432
300, 432
319, 432
334, 432
311, 432
346, 432
329, 432
361, 432
303, 432
324, 432
357, 432
320, 432
307, 432
305, 432
313, 432
300, 432
325, 432
320, 432
326, 432
312, 432
338, 432
312, 432
357, 432
322, 432
338, 432
310, 432
304, 432
301, 432
328, 432
300, 432
323, 432
332, 432
310, 432
314, 432
315, 432
324, 432
333, 432
398, 432
352, 432
303, 432
351, 432
328, 432
310, 432
339, 432
308, 432
325, 432
316, 432
300, 432
332, 432
345, 432
300, 432
331, 432
322, 432
325, 432
305, 432
322, 432
306, 432
325, 432
303, 432
326, 432
322, 432
303, 432
303, 432
332, 432
315, 432
322, 432
307, 432
311, 432
313, 432
310, 432
320, 432
312, 432
306, 432
338, 432
323, 432
310, 432
318, 432
322, 432
328, 432
348, 432
340, 432
389, 432
321, 432
316, 432
364, 432
317, 432
324, 432
313, 432
319, 432
304, 432
302, 432
307, 432
302, 432
311, 432
331, 432
322, 432
313, 432
319, 432
304, 432
341, 432
313, 432
331, 432
317, 432
309, 432
402, 432
303, 432
390, 432
302, 432
362, 432
344, 432
354, 432
331, 432
313, 432
300, 432
354, 432
302, 432
316, 432
340, 432
330, 432
306, 432
303, 432
300, 432
302, 432
328, 432
300, 432
320, 432
324, 432
315, 432
331, 432
301, 432
304, 432
369, 432
308, 432
300, 432
315, 432
307, 432
318, 432
341, 432
338, 432
319, 432
302, 432
321, 432
325, 432
379, 432
327, 432
313, 432
304, 432
309, 432
373, 432
315, 432
305, 432
306, 432
386, 432
310, 432
317, 432
300, 432
377, 432
314, 432
327, 432
324, 432
320, 432
322, 432
341, 432
310, 432
316, 432
301, 432
315, 432
308, 432
336, 432
304, 432
305, 432
312, 432
303, 432
328, 432
309, 432
306, 432
351, 432
305, 432
311, 432
309, 432
341, 432
382, 432
304, 432
339, 432
309, 432
322, 432
329, 432
339, 432
393, 432
321, 432
309, 432
300, 432
365, 432
318, 432
311, 432
302, 432
313, 432
304, 432
300, 432
320, 432
312, 432
338, 432
387, 432
385, 432
359, 432
313, 432
346, 432
307, 432
304, 432
318, 432
307, 432
315, 432
349, 432
327, 432
389, 432
316, 432
327, 432
393, 432
323, 432
312, 432
325, 432
388, 432
300, 432
333, 432
301, 432
327, 432
359, 432
319, 432
344, 432
306, 432
339, 432
305, 432
309, 432
313, 432
300, 432
301, 432
303, 432
401, 432
315, 432
328, 432
301, 432
300, 432
334, 432
349, 432
353, 432
306, 432
304, 432
300, 432
307, 432
306, 432
300, 432
305, 432
321, 432
331, 432
313, 432
380, 432
307, 432
302, 432
313, 432
302, 432
337, 432
382, 432
384, 432
300, 432
303, 432
312, 432
312, 432
314, 432
308, 432
319, 432
318, 432
315, 432
400, 432
312, 432
361, 432
343, 432
325, 432
370, 432
333, 432
384, 432
320, 432
336, 432
336, 432
328, 432
310, 432
314, 432
317, 432
306, 432
385, 432
402, 432
343, 432
311, 432
317, 432
314, 432
313, 432
333, 432
326, 432
302, 432
379, 432
304, 432
304, 432
310, 432
330, 432
300, 432
333, 432
305, 432
343, 432
350, 432
314, 432
300, 432
304, 432
309, 432
335, 432
329, 432
310, 432
307, 432
302, 432
301, 432
310, 432
305, 432
318, 432
356, 432
369, 432
310, 432
326, 432
307, 432
343, 432
332, 432
312, 432
303, 432
346, 432
306, 432
312, 432
315, 432
322, 432
300, 432
315, 432
344, 432
300, 432
315, 432
340, 432
302, 432
364, 432
355, 432
337, 432
306, 432
315, 432
301, 432
303, 432
384, 432
304, 432
362, 432
308, 432
321, 432
333, 432
332, 432
322, 432
334, 432
316, 432
331, 432
335, 432
343, 432
323, 432
312, 432
328, 432
314, 432
320, 432
300, 432
322, 432
314, 432
318, 432
327, 432
354, 432
373, 432
308, 432
341, 432
319, 432
353, 432
300, 432
324, 432
314, 432
308, 432
350, 432
303, 432
302, 432
300, 432
305, 432
306, 432
319, 432
325, 432
310, 432
336, 432
342, 432
302, 432
335, 432
304, 432
343, 432
324, 432
324, 432
318, 432
359, 432
316, 432
313, 432
309, 432
301, 432
307, 432
310, 432
300, 432
305, 432
337, 432
361, 432
323, 432
326, 432
311, 432
338, 432
324, 432
341, 432
302, 432
306, 432
304, 432
312, 432
317, 432
301, 432
316, 432
306, 432
301, 432
301, 432
