#Algorithm: ExpectedSARSA, Speed: 1, Boost: 5, PM: True, Env size: (20, 20), Car size: (6, 5),
#Counter: 10000000, Nsteps: 10000000, Gamma: 1, LearnRate: 0.01, Eps: 0.5, Epsdecay: 0.9
0, 0
4, 4
6, 6
1, 6
11, 11
4, 11
2, 11
2, 11
0, 11
3, 11
3, 11
44, 44
7, 44
1, 44
1, 44
11, 44
4, 44
4, 44
6, 44
14, 44
0, 44
3, 44
2, 44
43, 44
3, 44
18, 44
1, 44
15, 44
13, 44
3, 44
2, 44
64, 64
17, 64
0, 64
0, 64
52, 64
5, 64
9, 64
5, 64
87, 87
4, 87
10, 87
38, 87
13, 87
4, 87
23, 87
31, 87
2001, 2001
2001, 2001
2001, 2001
2001, 2001
2001, 2001
2001, 2001
2001, 2001
2001, 2001
2001, 2001
2001, 2001
2001, 2001
2001, 2001
2001, 2001
2001, 2001
2001, 2001
2001, 2001
2001, 2001
2001, 2001
2001, 2001
2001, 2001
2001, 2001
2001, 2001
2001, 2001
2001, 2001
2001, 2001
2001, 2001
2001, 2001
2001, 2001
2001, 2001
2001, 2001
2001, 2001
2001, 2001
2001, 2001
2001, 2001
2001, 2001
2001, 2001
2001, 2001
2001, 2001
2001, 2001
2001, 2001
2001, 2001
2001, 2001
2001, 2001
2001, 2001
2001, 2001
2001, 2001
2001, 2001
2001, 2001
2001, 2001
2001, 2001
2001, 2001
2001, 2001
2001, 2001
#Algorithm: ExpectedSARSA, Speed: 1, Boost: 5, PM: True, Env size: (20, 20), Car size: (6, 5),
#Counter: 10000000, Nsteps: 10000000, Gamma: 1, LearnRate: 0.01, Eps: 0.5, Epsdecay: 0.9
0, 0
1, 1
7, 7
0, 7
0, 7
2, 7
0, 7
5, 7
2, 7
3, 7
0, 7
0, 7
16, 16
25, 25
7, 25
1, 25
0, 25
5, 25
2, 25
0, 25
5, 25
50, 50
3, 50
1, 50
14, 50
2, 50
0, 50
10, 50
8, 50
44, 50
14, 50
6, 50
6, 50
5, 50
0, 50
17, 50
2, 50
70, 70
9, 70
0, 70
43, 70
187, 187
10, 187
2001, 2001
2001, 2001
2001, 2001
2001, 2001
2001, 2001
2001, 2001
2001, 2001
2001, 2001
2001, 2001
2001, 2001
2001, 2001
2001, 2001
2001, 2001
2001, 2001
2001, 2001
2001, 2001
2001, 2001
2001, 2001
2001, 2001
2001, 2001
2001, 2001
2001, 2001
2001, 2001
2001, 2001
2001, 2001
2001, 2001
2001, 2001
2001, 2001
2001, 2001
2001, 2001
2001, 2001
2001, 2001
2001, 2001
2001, 2001
2001, 2001
2001, 2001
2001, 2001
2001, 2001
2001, 2001
2001, 2001
2001, 2001
2001, 2001
2001, 2001
2001, 2001
2001, 2001
2001, 2001
2001, 2001
2001, 2001
2001, 2001
2001, 2001
2001, 2001
2001, 2001
2001, 2001
2001, 2001
2001, 2001
2001, 2001
2001, 2001
#Algorithm: ExpectedSARSA, Speed: 1, Boost: 5, PM: True, Env size: (20, 20), Car size: (6, 5),
#Counter: 10000000, Nsteps: 10000000, Gamma: 1, LearnRate: 0.01, Eps: 0.5, Epsdecay: 0.9
0, 0
1, 1
0, 1
5, 5
0, 5
1, 5
0, 5
0, 5
2, 5
7, 7
0, 7
1, 7
37, 37
1, 37
5, 37
1, 37
2, 37
6, 37
4, 37
1, 37
6, 37
44, 44
3, 44
0, 44
11, 44
1, 44
2, 44
2, 44
5, 44
46, 46
3, 46
21, 46
4, 46
79, 79
2, 79
22, 79
13, 79
47, 79
12, 79
0, 79
2, 79
36, 79
3, 79
5, 79
10, 79
70, 79
4, 79
0, 79
2, 79
107, 107
10, 107
14, 107
107, 107
2001, 2001
2001, 2001
2001, 2001
2001, 2001
2001, 2001
2001, 2001
2001, 2001
2001, 2001
2001, 2001
2001, 2001
2001, 2001
2001, 2001
2001, 2001
2001, 2001
2001, 2001
2001, 2001
2001, 2001
2001, 2001
2001, 2001
2001, 2001
2001, 2001
2001, 2001
2001, 2001
2001, 2001
2001, 2001
2001, 2001
2001, 2001
2001, 2001
2001, 2001
2001, 2001
2001, 2001
2001, 2001
2001, 2001
2001, 2001
2001, 2001
2001, 2001
2001, 2001
2001, 2001
2001, 2001
2001, 2001
2001, 2001
2001, 2001
2001, 2001
2001, 2001
2001, 2001
2001, 2001
2001, 2001
#Algorithm: ExpectedSARSA, Speed: 1, Boost: 5, PM: True, Env size: (20, 20), Car size: (6, 5),
#Counter: 10000000, Nsteps: 10000000, Gamma: 1, LearnRate: 0.01, Eps: 0.5, Epsdecay: 0.9
0, 0
0, 0
1, 1
4, 4
1, 4
9, 9
0, 9
9, 9
0, 9
15, 15
1, 15
12, 15
3, 15
4, 15
0, 15
7, 15
3, 15
2, 15
1, 15
21, 21
1, 21
0, 21
5, 21
30, 30
0, 30
2, 30
8, 30
42, 42
1, 42
3, 42
12, 42
124, 124
4, 124
0, 124
0, 124
3, 124
13, 124
3, 124
10, 124
247, 247
46, 247
36, 247
0, 247
75, 247
68, 247
2001, 2001
2001, 2001
2001, 2001
2001, 2001
2001, 2001
2001, 2001
2001, 2001
2001, 2001
2001, 2001
2001, 2001
2001, 2001
2001, 2001
2001, 2001
2001, 2001
2001, 2001
2001, 2001
2001, 2001
2001, 2001
2001, 2001
2001, 2001
2001, 2001
2001, 2001
2001, 2001
2001, 2001
2001, 2001
2001, 2001
2001, 2001
2001, 2001
2001, 2001
2001, 2001
2001, 2001
2001, 2001
2001, 2001
2001, 2001
2001, 2001
2001, 2001
2001, 2001
2001, 2001
2001, 2001
2001, 2001
2001, 2001
2001, 2001
2001, 2001
2001, 2001
2001, 2001
2001, 2001
2001, 2001
2001, 2001
2001, 2001
2001, 2001
2001, 2001
2001, 2001
2001, 2001
2001, 2001
2001, 2001
#Algorithm: ExpectedSARSA, Speed: 1, Boost: 5, PM: True, Env size: (20, 20), Car size: (6, 5),
#Counter: 10000000, Nsteps: 10000000, Gamma: 1, LearnRate: 0.01, Eps: 0.5, Epsdecay: 0.9
0, 0
5, 5
3, 5
2, 5
0, 5
0, 5
0, 5
2, 5
29, 29
2, 29
4, 29
4, 29
1, 29
11, 29
0, 29
1, 29
2, 29
43, 43
0, 43
1, 43
0, 43
16, 43
8, 43
5, 43
11, 43
11, 43
5, 43
14, 43
0, 43
23, 43
18, 43
4, 43
1, 43
54, 54
10, 54
26, 54
1, 54
13, 54
7, 54
1, 54
18, 54
117, 117
7, 117
11, 117
8, 117
38, 117
8, 117
1, 117
17, 117
2001, 2001
2001, 2001
2001, 2001
2001, 2001
2001, 2001
2001, 2001
2001, 2001
2001, 2001
2001, 2001
2001, 2001
2001, 2001
2001, 2001
2001, 2001
2001, 2001
2001, 2001
2001, 2001
2001, 2001
2001, 2001
2001, 2001
2001, 2001
2001, 2001
2001, 2001
2001, 2001
2001, 2001
2001, 2001
2001, 2001
2001, 2001
2001, 2001
2001, 2001
2001, 2001
2001, 2001
2001, 2001
2001, 2001
2001, 2001
2001, 2001
2001, 2001
2001, 2001
2001, 2001
2001, 2001
2001, 2001
2001, 2001
2001, 2001
2001, 2001
2001, 2001
2001, 2001
2001, 2001
2001, 2001
2001, 2001
2001, 2001
2001, 2001
2001, 2001
