#Algorithm: ExpectedSARSA, Speed: 1, Boost: 4, PM: True, Env size: (20, 20), Car size: (5, 4),
#Counter: 10000000, Nsteps: 10000000, Gamma: 1, LearnRate: 0.01, Eps: 0.5, Epsdecay: 0.9
4, 4
3, 4
14, 14
1, 14
3, 14
3, 14
7, 14
3, 14
1, 14
2, 14
11, 14
35, 35
3, 35
1, 35
12, 35
22, 35
5, 35
0, 35
20, 35
30, 35
6, 35
17, 35
18, 35
52, 52
1, 52
20, 52
6, 52
26, 52
0, 52
22, 52
7, 52
17, 52
2, 52
20, 52
26, 52
86, 86
0, 86
4, 86
11, 86
39, 86
17, 86
7, 86
32, 86
38, 86
26, 86
1, 86
74, 86
2001, 2001
2001, 2001
2001, 2001
2001, 2001
2001, 2001
2001, 2001
2001, 2001
2001, 2001
2001, 2001
2001, 2001
2001, 2001
2001, 2001
2001, 2001
2001, 2001
2001, 2001
2001, 2001
2001, 2001
2001, 2001
2001, 2001
2001, 2001
2001, 2001
2001, 2001
2001, 2001
2001, 2001
2001, 2001
2001, 2001
2001, 2001
2001, 2001
2001, 2001
2001, 2001
2001, 2001
2001, 2001
2001, 2001
2001, 2001
2001, 2001
2001, 2001
2001, 2001
2001, 2001
2001, 2001
2001, 2001
2001, 2001
2001, 2001
2001, 2001
2001, 2001
2001, 2001
2001, 2001
2001, 2001
2001, 2001
2001, 2001
2001, 2001
2001, 2001
2001, 2001
2001, 2001
#Algorithm: ExpectedSARSA, Speed: 1, Boost: 4, PM: True, Env size: (20, 20), Car size: (5, 4),
#Counter: 10000000, Nsteps: 10000000, Gamma: 1, LearnRate: 0.01, Eps: 0.5, Epsdecay: 0.9
1, 1
0, 1
0, 1
4, 4
0, 4
1, 4
0, 4
5, 5
9, 9
1, 9
5, 9
8, 9
59, 59
12, 59
0, 59
8, 59
0, 59
8, 59
2, 59
14, 59
23, 59
3, 59
8, 59
8, 59
13, 59
8, 59
45, 59
11, 59
3, 59
3, 59
5, 59
20, 59
214, 214
4, 214
10, 214
1, 214
5, 214
3, 214
2, 214
2, 214
197, 214
3, 214
29, 214
10, 214
8, 214
3, 214
2, 214
38, 214
2001, 2001
2001, 2001
2001, 2001
2001, 2001
2001, 2001
2001, 2001
2001, 2001
2001, 2001
2001, 2001
2001, 2001
2001, 2001
2001, 2001
2001, 2001
2001, 2001
2001, 2001
2001, 2001
2001, 2001
2001, 2001
2001, 2001
2001, 2001
2001, 2001
2001, 2001
2001, 2001
2001, 2001
2001, 2001
2001, 2001
2001, 2001
2001, 2001
2001, 2001
2001, 2001
2001, 2001
2001, 2001
2001, 2001
2001, 2001
2001, 2001
2001, 2001
2001, 2001
2001, 2001
2001, 2001
2001, 2001
2001, 2001
2001, 2001
2001, 2001
2001, 2001
2001, 2001
2001, 2001
2001, 2001
2001, 2001
2001, 2001
2001, 2001
2001, 2001
2001, 2001
#Algorithm: ExpectedSARSA, Speed: 1, Boost: 4, PM: True, Env size: (20, 20), Car size: (5, 4),
#Counter: 10000000, Nsteps: 10000000, Gamma: 1, LearnRate: 0.01, Eps: 0.5, Epsdecay: 0.9
8, 8
3, 8
9, 9
6, 9
4, 9
5, 9
0, 9
0, 9
9, 9
0, 9
5, 9
0, 9
45, 45
3, 45
7, 45
1, 45
8, 45
7, 45
4, 45
5, 45
54, 54
23, 54
2, 54
40, 54
1, 54
11, 54
19, 54
8, 54
23, 54
15, 54
11, 54
22, 54
38, 54
68, 68
4, 68
1, 68
1, 68
26, 68
29, 68
0, 68
152, 152
14, 152
5, 152
37, 152
2, 152
0, 152
11, 152
6, 152
2001, 2001
2001, 2001
2001, 2001
2001, 2001
2001, 2001
2001, 2001
2001, 2001
2001, 2001
2001, 2001
2001, 2001
2001, 2001
2001, 2001
2001, 2001
2001, 2001
2001, 2001
2001, 2001
2001, 2001
2001, 2001
2001, 2001
2001, 2001
2001, 2001
2001, 2001
2001, 2001
2001, 2001
2001, 2001
2001, 2001
2001, 2001
2001, 2001
2001, 2001
2001, 2001
2001, 2001
2001, 2001
2001, 2001
2001, 2001
2001, 2001
2001, 2001
2001, 2001
2001, 2001
2001, 2001
2001, 2001
2001, 2001
2001, 2001
2001, 2001
2001, 2001
2001, 2001
2001, 2001
2001, 2001
2001, 2001
2001, 2001
2001, 2001
2001, 2001
2001, 2001
#Algorithm: ExpectedSARSA, Speed: 1, Boost: 4, PM: True, Env size: (20, 20), Car size: (5, 4),
#Counter: 10000000, Nsteps: 10000000, Gamma: 1, LearnRate: 0.01, Eps: 0.5, Epsdecay: 0.9
0, 0
1, 1
1, 1
2, 2
3, 3
1, 3
3, 3
2, 3
4, 4
1, 4
6, 6
7, 7
49, 49
7, 49
2, 49
10, 49
5, 49
7, 49
0, 49
10, 49
49, 49
12, 49
1, 49
26, 49
11, 49
31, 49
21, 49
0, 49
5, 49
8, 49
2, 49
60, 60
49, 60
8, 60
0, 60
9, 60
27, 60
40, 60
50, 60
52, 60
118, 118
15, 118
15, 118
0, 118
10, 118
28, 118
2001, 2001
2001, 2001
2001, 2001
2001, 2001
2001, 2001
2001, 2001
2001, 2001
2001, 2001
2001, 2001
2001, 2001
2001, 2001
2001, 2001
2001, 2001
2001, 2001
2001, 2001
2001, 2001
2001, 2001
2001, 2001
2001, 2001
2001, 2001
2001, 2001
2001, 2001
2001, 2001
2001, 2001
2001, 2001
2001, 2001
2001, 2001
2001, 2001
2001, 2001
2001, 2001
2001, 2001
2001, 2001
2001, 2001
2001, 2001
2001, 2001
2001, 2001
2001, 2001
2001, 2001
2001, 2001
2001, 2001
2001, 2001
2001, 2001
2001, 2001
2001, 2001
2001, 2001
2001, 2001
2001, 2001
2001, 2001
2001, 2001
2001, 2001
2001, 2001
2001, 2001
2001, 2001
2001, 2001
#Algorithm: ExpectedSARSA, Speed: 1, Boost: 4, PM: True, Env size: (20, 20), Car size: (5, 4),
#Counter: 10000000, Nsteps: 10000000, Gamma: 1, LearnRate: 0.01, Eps: 0.5, Epsdecay: 0.9
8, 8
2, 8
6, 8
5, 8
30, 30
6, 30
2, 30
1, 30
12, 30
35, 35
3, 35
3, 35
2, 35
6, 35
3, 35
0, 35
11, 35
57, 57
16, 57
8, 57
2, 57
20, 57
1, 57
8, 57
3, 57
52, 57
25, 57
1, 57
16, 57
58, 58
15, 58
15, 58
3, 58
0, 58
2, 58
4, 58
64, 64
271, 271
0, 271
5, 271
4, 271
13, 271
26, 271
19, 271
2001, 2001
2001, 2001
2001, 2001
2001, 2001
2001, 2001
2001, 2001
2001, 2001
2001, 2001
2001, 2001
2001, 2001
2001, 2001
2001, 2001
2001, 2001
2001, 2001
2001, 2001
2001, 2001
2001, 2001
2001, 2001
2001, 2001
2001, 2001
2001, 2001
2001, 2001
2001, 2001
2001, 2001
2001, 2001
2001, 2001
2001, 2001
2001, 2001
2001, 2001
2001, 2001
2001, 2001
2001, 2001
2001, 2001
2001, 2001
2001, 2001
2001, 2001
2001, 2001
2001, 2001
2001, 2001
2001, 2001
2001, 2001
2001, 2001
2001, 2001
2001, 2001
2001, 2001
2001, 2001
2001, 2001
2001, 2001
2001, 2001
2001, 2001
2001, 2001
2001, 2001
2001, 2001
2001, 2001
2001, 2001
2001, 2001
