#Algorithm: ExpectedSARSA, Speed: 1, Boost: 1, PM: True, Env size: (20, 20), Car size: (5, 4),
#Counter: 100, Nsteps: 10000000, Gamma: 1, LearnRate: 0.01, Eps: 0.5, Epsdecay: 0.9
3, 3
2, 3
0, 3
1, 3
0, 3
1, 3
2, 3
1, 3
0, 3
1, 3
1, 3
0, 3
0, 3
2, 3
0, 3
0, 3
0, 3
0, 3
9, 9
0, 9
6, 9
0, 9
5, 9
3, 9
6, 9
0, 9
1, 9
0, 9
5, 9
3, 9
0, 9
1, 9
4, 9
0, 9
0, 9
5, 9
1, 9
1, 9
9, 9
1, 9
2, 9
13, 13
2, 13
18, 18
1, 18
8, 18
1, 18
4, 18
0, 18
0, 18
1, 18
4, 18
37, 37
5, 37
1, 37
0, 37
30, 37
3, 37
1, 37
7, 37
9, 37
6, 37
3, 37
6, 37
29, 37
0, 37
6, 37
1, 37
14, 37
2, 37
4, 37
3, 37
3, 37
9, 37
10, 37
2, 37
12, 37
15, 37
2, 37
9, 37
0, 37
7, 37
3, 37
1, 37
1, 37
2, 37
0, 37
0, 37
6, 37
3, 37
0, 37
23, 37
1, 37
0, 37
1, 37
1, 37
3, 37
9, 37
1, 37
1, 37
1, 37
5, 37
9, 37
19, 37
0, 37
6, 37
1, 37
0, 37
3, 37
7, 37
0, 37
5, 37
39, 39
5, 39
9, 39
4, 39
16, 39
7, 39
5, 39
8, 39
1, 39
0, 39
21, 39
0, 39
2, 39
131, 131
3, 131
5, 131
10, 131
4, 131
2, 131
0, 131
6, 131
3, 131
106, 131
5, 131
0, 131
14, 131
1, 131
0, 131
12, 131
18, 131
19, 131
3, 131
5, 131
2, 131
10, 131
4, 131
1, 131
9, 131
21, 131
1, 131
2, 131
4, 131
10, 131
17, 131
22, 131
3, 131
55, 131
114, 131
1, 131
122, 131
18, 131
8, 131
0, 131
23, 131
8, 131
1, 131
4, 131
3, 131
2, 131
3, 131
11, 131
11, 131
4, 131
1, 131
3, 131
6, 131
3, 131
61, 131
9, 131
101, 131
109, 131
108, 131
104, 131
128, 131
113, 131
110, 131
103, 131
101, 131
108, 131
110, 131
102, 131
106, 131
102, 131
101, 131
108, 131
101, 131
115, 131
114, 131
100, 131
100, 131
100, 131
106, 131
111, 131
110, 131
102, 131
128, 131
115, 131
102, 131
102, 131
110, 131
102, 131
119, 131
102, 131
100, 131
102, 131
107, 131
106, 131
117, 131
104, 131
102, 131
102, 131
121, 131
104, 131
104, 131
111, 131
102, 131
106, 131
116, 131
112, 131
112, 131
102, 131
120, 131
100, 131
119, 131
101, 131
154, 154
100, 154
107, 154
103, 154
109, 154
102, 154
100, 154
103, 154
102, 154
103, 154
117, 154
100, 154
125, 154
105, 154
101, 154
100, 154
114, 154
111, 154
100, 154
113, 154
109, 154
103, 154
106, 154
108, 154
101, 154
102, 154
104, 154
126, 154
120, 154
103, 154
102, 154
103, 154
101, 154
100, 154
108, 154
124, 154
100, 154
115, 154
107, 154
116, 154
104, 154
107, 154
100, 154
115, 154
130, 154
108, 154
100, 154
108, 154
100, 154
111, 154
101, 154
125, 154
121, 154
102, 154
111, 154
101, 154
103, 154
111, 154
113, 154
105, 154
103, 154
101, 154
103, 154
104, 154
108, 154
101, 154
108, 154
124, 154
118, 154
101, 154
102, 154
116, 154
104, 154
106, 154
121, 154
121, 154
101, 154
109, 154
102, 154
100, 154
120, 154
101, 154
161, 161
110, 161
104, 161
115, 161
101, 161
102, 161
103, 161
126, 161
106, 161
100, 161
120, 161
116, 161
101, 161
106, 161
100, 161
101, 161
102, 161
104, 161
112, 161
107, 161
100, 161
102, 161
114, 161
100, 161
109, 161
101, 161
139, 161
101, 161
116, 161
112, 161
134, 161
108, 161
101, 161
102, 161
104, 161
101, 161
101, 161
106, 161
101, 161
117, 161
101, 161
117, 161
121, 161
119, 161
100, 161
103, 161
103, 161
106, 161
104, 161
103, 161
110, 161
102, 161
100, 161
103, 161
111, 161
114, 161
104, 161
100, 161
102, 161
102, 161
101, 161
104, 161
104, 161
112, 161
100, 161
104, 161
100, 161
112, 161
101, 161
109, 161
101, 161
107, 161
106, 161
104, 161
107, 161
103, 161
100, 161
124, 161
114, 161
130, 161
151, 161
110, 161
111, 161
112, 161
108, 161
103, 161
103, 161
110, 161
110, 161
101, 161
100, 161
100, 161
104, 161
114, 161
102, 161
101, 161
104, 161
104, 161
104, 161
100, 161
101, 161
105, 161
103, 161
102, 161
106, 161
100, 161
102, 161
110, 161
110, 161
101, 161
101, 161
107, 161
128, 161
107, 161
110, 161
100, 161
103, 161
100, 161
105, 161
101, 161
103, 161
101, 161
113, 161
108, 161
112, 161
115, 161
105, 161
117, 161
105, 161
105, 161
103, 161
106, 161
106, 161
129, 161
101, 161
100, 161
101, 161
100, 161
106, 161
106, 161
108, 161
109, 161
106, 161
101, 161
110, 161
111, 161
124, 161
113, 161
111, 161
126, 161
109, 161
111, 161
108, 161
110, 161
120, 161
129, 161
104, 161
105, 161
115, 161
100, 161
102, 161
106, 161
108, 161
100, 161
100, 161
100, 161
103, 161
102, 161
117, 161
102, 161
107, 161
116, 161
121, 161
104, 161
135, 161
119, 161
103, 161
107, 161
125, 161
117, 161
105, 161
101, 161
107, 161
112, 161
102, 161
104, 161
104, 161
102, 161
100, 161
108, 161
104, 161
124, 161
105, 161
101, 161
109, 161
152, 161
104, 161
106, 161
103, 161
103, 161
107, 161
104, 161
109, 161
105, 161
127, 161
102, 161
125, 161
152, 161
158, 161
108, 161
206, 206
125, 206
103, 206
156, 206
102, 206
100, 206
108, 206
101, 206
100, 206
101, 206
100, 206
153, 206
101, 206
103, 206
147, 206
101, 206
100, 206
109, 206
112, 206
123, 206
104, 206
102, 206
100, 206
103, 206
113, 206
106, 206
100, 206
104, 206
101, 206
109, 206
104, 206
131, 206
100, 206
101, 206
102, 206
113, 206
129, 206
136, 206
105, 206
106, 206
101, 206
100, 206
111, 206
100, 206
100, 206
126, 206
110, 206
102, 206
106, 206
105, 206
101, 206
106, 206
149, 206
101, 206
116, 206
109, 206
100, 206
110, 206
106, 206
105, 206
143, 206
106, 206
105, 206
111, 206
106, 206
110, 206
105, 206
122, 206
106, 206
105, 206
105, 206
112, 206
129, 206
112, 206
107, 206
106, 206
102, 206
105, 206
107, 206
131, 206
130, 206
116, 206
119, 206
114, 206
106, 206
113, 206
101, 206
109, 206
113, 206
100, 206
122, 206
101, 206
102, 206
110, 206
102, 206
159, 206
101, 206
113, 206
101, 206
109, 206
121, 206
119, 206
101, 206
144, 206
105, 206
100, 206
101, 206
101, 206
103, 206
104, 206
109, 206
151, 206
111, 206
112, 206
110, 206
102, 206
101, 206
118, 206
102, 206
101, 206
101, 206
102, 206
105, 206
102, 206
111, 206
106, 206
106, 206
100, 206
116, 206
115, 206
114, 206
103, 206
100, 206
102, 206
101, 206
119, 206
100, 206
110, 206
105, 206
124, 206
100, 206
124, 206
105, 206
111, 206
163, 206
104, 206
102, 206
116, 206
108, 206
105, 206
122, 206
122, 206
100, 206
100, 206
110, 206
100, 206
101, 206
103, 206
116, 206
111, 206
100, 206
125, 206
101, 206
116, 206
100, 206
115, 206
115, 206
100, 206
101, 206
115, 206
100, 206
113, 206
102, 206
105, 206
133, 206
108, 206
100, 206
111, 206
103, 206
111, 206
106, 206
104, 206
167, 206
108, 206
111, 206
106, 206
136, 206
106, 206
129, 206
108, 206
113, 206
111, 206
153, 206
119, 206
142, 206
119, 206
10, 206
2, 206
6, 206
2, 206
3, 206
2, 206
16, 206
104, 206
114, 206
103, 206
106, 206
115, 206
101, 206
107, 206
107, 206
100, 206
102, 206
117, 206
105, 206
103, 206
156, 206
106, 206
103, 206
100, 206
108, 206
100, 206
102, 206
122, 206
101, 206
113, 206
106, 206
114, 206
102, 206
101, 206
101, 206
124, 206
109, 206
115, 206
101, 206
110, 206
106, 206
101, 206
102, 206
107, 206
101, 206
105, 206
100, 206
102, 206
103, 206
100, 206
111, 206
101, 206
102, 206
105, 206
100, 206
102, 206
121, 206
108, 206
105, 206
100, 206
106, 206
101, 206
150, 206
105, 206
109, 206
104, 206
104, 206
102, 206
104, 206
105, 206
110, 206
100, 206
102, 206
140, 206
101, 206
110, 206
100, 206
115, 206
109, 206
104, 206
104, 206
106, 206
110, 206
102, 206
110, 206
107, 206
113, 206
107, 206
100, 206
104, 206
116, 206
112, 206
103, 206
109, 206
126, 206
111, 206
100, 206
101, 206
106, 206
129, 206
100, 206
103, 206
101, 206
102, 206
104, 206
101, 206
104, 206
102, 206
103, 206
116, 206
105, 206
130, 206
126, 206
148, 206
113, 206
105, 206
103, 206
100, 206
144, 206
105, 206
127, 206
100, 206
107, 206
103, 206
122, 206
104, 206
106, 206
116, 206
104, 206
102, 206
104, 206
103, 206
112, 206
100, 206
111, 206
122, 206
100, 206
104, 206
102, 206
101, 206
105, 206
109, 206
118, 206
104, 206
118, 206
107, 206
104, 206
100, 206
108, 206
103, 206
101, 206
112, 206
102, 206
102, 206
135, 206
101, 206
108, 206
103, 206
106, 206
107, 206
103, 206
101, 206
104, 206
101, 206
116, 206
116, 206
124, 206
116, 206
103, 206
100, 206
100, 206
105, 206
121, 206
100, 206
105, 206
103, 206
103, 206
110, 206
100, 206
102, 206
107, 206
123, 206
112, 206
110, 206
120, 206
100, 206
102, 206
102, 206
100, 206
104, 206
105, 206
104, 206
100, 206
104, 206
104, 206
122, 206
111, 206
102, 206
105, 206
108, 206
121, 206
151, 206
109, 206
127, 206
126, 206
102, 206
120, 206
104, 206
114, 206
102, 206
106, 206
109, 206
102, 206
104, 206
105, 206
144, 206
102, 206
102, 206
145, 206
106, 206
112, 206
125, 206
100, 206
114, 206
101, 206
115, 206
105, 206
120, 206
117, 206
146, 206
108, 206
111, 206
102, 206
107, 206
107, 206
103, 206
100, 206
105, 206
120, 206
115, 206
108, 206
101, 206
112, 206
104, 206
112, 206
112, 206
100, 206
102, 206
100, 206
131, 206
110, 206
116, 206
104, 206
109, 206
112, 206
121, 206
109, 206
115, 206
120, 206
101, 206
104, 206
103, 206
126, 206
119, 206
105, 206
101, 206
106, 206
101, 206
106, 206
102, 206
104, 206
101, 206
110, 206
106, 206
144, 206
#Algorithm: ExpectedSARSA, Speed: 1, Boost: 1, PM: True, Env size: (20, 20), Car size: (5, 4),
#Counter: 100, Nsteps: 10000000, Gamma: 1, LearnRate: 0.01, Eps: 0.5, Epsdecay: 0.9
8, 8
11, 11
1, 11
2, 11
3, 11
7, 11
2, 11
2, 11
1, 11
0, 11
2, 11
1, 11
0, 11
4, 11
5, 11
1, 11
0, 11
2, 11
9, 11
0, 11
0, 11
0, 11
3, 11
1, 11
0, 11
0, 11
12, 12
0, 12
0, 12
0, 12
3, 12
4, 12
1, 12
2, 12
1, 12
1, 12
1, 12
3, 12
4, 12
1, 12
4, 12
3, 12
9, 12
0, 12
15, 15
1, 15
1, 15
4, 15
6, 15
3, 15
7, 15
7, 15
10, 15
4, 15
21, 21
0, 21
8, 21
7, 21
0, 21
2, 21
11, 21
1, 21
9, 21
4, 21
0, 21
9, 21
0, 21
1, 21
0, 21
6, 21
3, 21
1, 21
1, 21
1, 21
6, 21
19, 21
4, 21
4, 21
0, 21
20, 21
1, 21
1, 21
0, 21
4, 21
0, 21
0, 21
15, 21
0, 21
6, 21
2, 21
2, 21
0, 21
0, 21
19, 21
1, 21
16, 21
2, 21
2, 21
1, 21
8, 21
9, 21
4, 21
0, 21
29, 29
0, 29
6, 29
30, 30
0, 30
1, 30
8, 30
2, 30
1, 30
3, 30
0, 30
1, 30
1, 30
5, 30
0, 30
0, 30
11, 30
15, 30
0, 30
0, 30
0, 30
1, 30
0, 30
1, 30
11, 30
11, 30
2, 30
135, 135
3, 135
6, 135
9, 135
17, 135
4, 135
3, 135
8, 135
6, 135
0, 135
9, 135
7, 135
38, 135
0, 135
6, 135
12, 135
15, 135
2, 135
7, 135
6, 135
52, 135
7, 135
81, 135
14, 135
4, 135
6, 135
26, 135
9, 135
139, 139
5, 139
4, 139
4, 139
1, 139
13, 139
0, 139
30, 139
4, 139
8, 139
6, 139
2, 139
106, 139
2, 139
1, 139
9, 139
11, 139
3, 139
1, 139
3, 139
0, 139
229, 229
307, 307
317, 317
301, 317
306, 317
300, 317
311, 317
306, 317
305, 317
323, 323
301, 323
300, 323
313, 323
332, 332
314, 332
305, 332
300, 332
313, 332
330, 332
300, 332
307, 332
303, 332
331, 332
354, 354
301, 354
306, 354
302, 354
310, 354
380, 380
326, 380
311, 380
300, 380
319, 380
335, 380
307, 380
312, 380
300, 380
303, 380
339, 380
323, 380
303, 380
315, 380
303, 380
301, 380
318, 380
305, 380
300, 380
339, 380
327, 380
310, 380
308, 380
301, 380
305, 380
391, 391
315, 391
334, 391
323, 391
309, 391
304, 391
303, 391
300, 391
308, 391
306, 391
310, 391
305, 391
303, 391
302, 391
311, 391
300, 391
321, 391
332, 391
300, 391
314, 391
300, 391
314, 391
408, 408
300, 408
321, 408
302, 408
303, 408
304, 408
328, 408
319, 408
316, 408
325, 408
315, 408
305, 408
313, 408
321, 408
303, 408
300, 408
304, 408
306, 408
325, 408
310, 408
348, 408
301, 408
304, 408
346, 408
309, 408
305, 408
313, 408
305, 408
302, 408
411, 411
305, 411
370, 411
303, 411
308, 411
302, 411
304, 411
304, 411
359, 411
312, 411
311, 411
302, 411
309, 411
307, 411
361, 411
310, 411
301, 411
308, 411
307, 411
327, 411
333, 411
347, 411
310, 411
306, 411
300, 411
306, 411
305, 411
308, 411
310, 411
300, 411
302, 411
302, 411
301, 411
304, 411
313, 411
310, 411
306, 411
309, 411
309, 411
301, 411
311, 411
317, 411
325, 411
314, 411
336, 411
301, 411
315, 411
401, 411
300, 411
309, 411
310, 411
313, 411
303, 411
317, 411
302, 411
305, 411
313, 411
300, 411
302, 411
308, 411
321, 411
309, 411
300, 411
300, 411
317, 411
300, 411
325, 411
353, 411
309, 411
307, 411
303, 411
411, 411
302, 411
305, 411
353, 411
333, 411
307, 411
300, 411
324, 411
330, 411
320, 411
390, 411
318, 411
337, 411
304, 411
304, 411
311, 411
303, 411
300, 411
303, 411
300, 411
307, 411
308, 411
305, 411
303, 411
301, 411
336, 411
300, 411
306, 411
314, 411
320, 411
321, 411
317, 411
310, 411
307, 411
312, 411
312, 411
327, 411
318, 411
355, 411
306, 411
326, 411
309, 411
308, 411
309, 411
313, 411
304, 411
300, 411
318, 411
304, 411
302, 411
305, 411
325, 411
319, 411
313, 411
346, 411
301, 411
311, 411
317, 411
305, 411
306, 411
304, 411
314, 411
307, 411
306, 411
357, 411
301, 411
345, 411
307, 411
345, 411
308, 411
305, 411
336, 411
322, 411
313, 411
309, 411
302, 411
307, 411
398, 411
313, 411
304, 411
313, 411
309, 411
308, 411
310, 411
312, 411
312, 411
306, 411
300, 411
305, 411
307, 411
308, 411
347, 411
301, 411
306, 411
301, 411
305, 411
330, 411
308, 411
309, 411
310, 411
307, 411
300, 411
326, 411
305, 411
307, 411
305, 411
315, 411
316, 411
313, 411
310, 411
342, 411
321, 411
329, 411
326, 411
310, 411
306, 411
326, 411
310, 411
327, 411
300, 411
304, 411
302, 411
310, 411
302, 411
309, 411
304, 411
301, 411
312, 411
325, 411
354, 411
314, 411
319, 411
310, 411
319, 411
311, 411
308, 411
300, 411
305, 411
320, 411
332, 411
300, 411
301, 411
300, 411
309, 411
336, 411
357, 411
325, 411
347, 411
321, 411
306, 411
332, 411
305, 411
317, 411
307, 411
301, 411
305, 411
326, 411
302, 411
325, 411
303, 411
307, 411
391, 411
330, 411
300, 411
318, 411
307, 411
300, 411
316, 411
315, 411
305, 411
304, 411
311, 411
304, 411
300, 411
307, 411
311, 411
314, 411
309, 411
329, 411
311, 411
313, 411
308, 411
301, 411
312, 411
312, 411
303, 411
314, 411
311, 411
304, 411
333, 411
304, 411
336, 411
301, 411
313, 411
328, 411
342, 411
303, 411
303, 411
330, 411
320, 411
319, 411
318, 411
311, 411
345, 411
311, 411
325, 411
312, 411
307, 411
310, 411
301, 411
319, 411
310, 411
300, 411
314, 411
304, 411
327, 411
302, 411
315, 411
307, 411
300, 411
300, 411
318, 411
325, 411
313, 411
305, 411
306, 411
301, 411
350, 411
326, 411
306, 411
321, 411
306, 411
335, 411
342, 411
316, 411
352, 411
333, 411
302, 411
375, 411
358, 411
301, 411
323, 411
310, 411
309, 411
360, 411
304, 411
316, 411
305, 411
316, 411
310, 411
320, 411
306, 411
308, 411
312, 411
334, 411
313, 411
357, 411
317, 411
349, 411
313, 411
304, 411
316, 411
314, 411
300, 411
309, 411
301, 411
315, 411
311, 411
329, 411
308, 411
305, 411
303, 411
300, 411
302, 411
305, 411
302, 411
398, 411
329, 411
315, 411
384, 411
312, 411
308, 411
318, 411
393, 411
312, 411
333, 411
333, 411
309, 411
303, 411
331, 411
301, 411
309, 411
316, 411
321, 411
308, 411
362, 411
319, 411
327, 411
304, 411
300, 411
305, 411
309, 411
300, 411
305, 411
301, 411
315, 411
349, 411
309, 411
304, 411
333, 411
319, 411
310, 411
325, 411
309, 411
302, 411
305, 411
315, 411
315, 411
303, 411
329, 411
315, 411
316, 411
357, 411
310, 411
321, 411
338, 411
305, 411
308, 411
307, 411
366, 411
317, 411
316, 411
310, 411
312, 411
314, 411
306, 411
306, 411
313, 411
313, 411
338, 411
340, 411
303, 411
301, 411
300, 411
319, 411
315, 411
319, 411
303, 411
308, 411
314, 411
313, 411
303, 411
303, 411
303, 411
341, 411
301, 411
305, 411
346, 411
313, 411
307, 411
315, 411
301, 411
305, 411
303, 411
322, 411
357, 411
313, 411
324, 411
301, 411
302, 411
311, 411
314, 411
329, 411
323, 411
350, 411
335, 411
318, 411
358, 411
319, 411
329, 411
307, 411
308, 411
334, 411
331, 411
322, 411
328, 411
319, 411
315, 411
312, 411
302, 411
300, 411
339, 411
309, 411
306, 411
354, 411
342, 411
322, 411
365, 411
311, 411
306, 411
334, 411
370, 411
413, 413
353, 413
301, 413
311, 413
309, 413
302, 413
331, 413
304, 413
320, 413
308, 413
314, 413
327, 413
324, 413
303, 413
302, 413
301, 413
320, 413
323, 413
335, 413
304, 413
312, 413
320, 413
306, 413
350, 413
301, 413
322, 413
329, 413
301, 413
306, 413
300, 413
301, 413
327, 413
343, 413
320, 413
304, 413
317, 413
320, 413
303, 413
314, 413
302, 413
340, 413
393, 413
313, 413
307, 413
306, 413
316, 413
314, 413
302, 413
301, 413
308, 413
301, 413
331, 413
337, 413
314, 413
340, 413
321, 413
309, 413
363, 413
324, 413
317, 413
333, 413
308, 413
326, 413
307, 413
339, 413
319, 413
343, 413
300, 413
316, 413
301, 413
306, 413
304, 413
331, 413
311, 413
400, 413
338, 413
320, 413
301, 413
301, 413
308, 413
302, 413
305, 413
311, 413
304, 413
307, 413
307, 413
300, 413
315, 413
306, 413
360, 413
309, 413
336, 413
303, 413
328, 413
303, 413
300, 413
306, 413
316, 413
388, 413
300, 413
306, 413
342, 413
321, 413
305, 413
340, 413
320, 413
312, 413
346, 413
347, 413
308, 413
318, 413
402, 413
317, 413
353, 413
307, 413
351, 413
331, 413
306, 413
341, 413
301, 413
323, 413
306, 413
323, 413
300, 413
390, 413
313, 413
304, 413
315, 413
304, 413
325, 413
314, 413
330, 413
323, 413
305, 413
306, 413
305, 413
330, 413
324, 413
321, 413
304, 413
364, 413
323, 413
304, 413
306, 413
319, 413
304, 413
304, 413
320, 413
334, 413
308, 413
374, 413
319, 413
326, 413
314, 413
314, 413
318, 413
308, 413
308, 413
302, 413
319, 413
352, 413
316, 413
344, 413
319, 413
317, 413
335, 413
311, 413
343, 413
339, 413
304, 413
302, 413
308, 413
311, 413
319, 413
318, 413
350, 413
312, 413
339, 413
307, 413
306, 413
301, 413
301, 413
337, 413
337, 413
375, 413
301, 413
341, 413
342, 413
325, 413
142, 413
108, 413
117, 413
106, 413
114, 413
164, 413
131, 413
103, 413
117, 413
106, 413
113, 413
138, 413
102, 413
124, 413
104, 413
101, 413
107, 413
115, 413
112, 413
140, 413
106, 413
101, 413
128, 413
114, 413
123, 413
105, 413
100, 413
113, 413
115, 413
111, 413
126, 413
101, 413
103, 413
120, 413
103, 413
104, 413
104, 413
107, 413
100, 413
102, 413
101, 413
114, 413
106, 413
120, 413
104, 413
100, 413
100, 413
100, 413
112, 413
108, 413
112, 413
104, 413
103, 413
108, 413
101, 413
#Algorithm: ExpectedSARSA, Speed: 1, Boost: 1, PM: True, Env size: (20, 20), Car size: (5, 4),
#Counter: 100, Nsteps: 10000000, Gamma: 1, LearnRate: 0.01, Eps: 0.5, Epsdecay: 0.9
0, 0
1, 1
0, 1
3, 3
2, 3
2, 3
2, 3
0, 3
8, 8
4, 8
1, 8
2, 8
1, 8
2, 8
2, 8
1, 8
0, 8
7, 8
1, 8
2, 8
2, 8
1, 8
12, 12
1, 12
3, 12
0, 12
11, 12
3, 12
11, 12
1, 12
3, 12
4, 12
4, 12
1, 12
5, 12
1, 12
0, 12
0, 12
1, 12
3, 12
0, 12
2, 12
12, 12
5, 12
1, 12
5, 12
19, 19
8, 19
14, 19
0, 19
0, 19
6, 19
4, 19
1, 19
14, 19
2, 19
0, 19
1, 19
6, 19
3, 19
1, 19
4, 19
5, 19
2, 19
3, 19
1, 19
0, 19
1, 19
1, 19
0, 19
0, 19
4, 19
1, 19
0, 19
2, 19
1, 19
5, 19
33, 33
2, 33
6, 33
2, 33
0, 33
3, 33
0, 33
4, 33
0, 33
2, 33
0, 33
0, 33
0, 33
16, 33
9, 33
18, 33
12, 33
10, 33
6, 33
1, 33
2, 33
4, 33
0, 33
1, 33
1, 33
6, 33
3, 33
1, 33
0, 33
1, 33
10, 33
8, 33
8, 33
2, 33
1, 33
34, 34
3, 34
6, 34
6, 34
8, 34
8, 34
0, 34
11, 34
3, 34
32, 34
1, 34
4, 34
2, 34
0, 34
14, 34
12, 34
4, 34
0, 34
9, 34
57, 57
105, 105
4, 105
3, 105
5, 105
5, 105
10, 105
2, 105
0, 105
27, 105
15, 105
3, 105
5, 105
9, 105
11, 105
5, 105
3, 105
5, 105
0, 105
10, 105
12, 105
0, 105
23, 105
109, 109
8, 109
0, 109
7, 109
1, 109
2, 109
13, 109
0, 109
21, 109
8, 109
4, 109
3, 109
9, 109
302, 302
301, 302
302, 302
312, 312
300, 312
300, 312
309, 312
304, 312
311, 312
398, 398
338, 398
311, 398
301, 398
313, 398
305, 398
333, 398
313, 398
316, 398
303, 398
308, 398
306, 398
337, 398
349, 398
375, 398
300, 398
304, 398
321, 398
302, 398
302, 398
305, 398
316, 398
310, 398
309, 398
300, 398
313, 398
300, 398
317, 398
311, 398
307, 398
321, 398
302, 398
338, 398
366, 398
312, 398
300, 398
314, 398
311, 398
318, 398
300, 398
307, 398
300, 398
320, 398
300, 398
302, 398
301, 398
322, 398
313, 398
317, 398
357, 398
311, 398
315, 398
309, 398
331, 398
369, 398
377, 398
314, 398
314, 398
310, 398
332, 398
336, 398
385, 398
300, 398
310, 398
307, 398
357, 398
325, 398
300, 398
306, 398
303, 398
302, 398
396, 398
311, 398
329, 398
328, 398
338, 398
304, 398
321, 398
311, 398
338, 398
323, 398
334, 398
305, 398
305, 398
304, 398
305, 398
306, 398
314, 398
303, 398
300, 398
315, 398
303, 398
376, 398
388, 398
314, 398
308, 398
324, 398
305, 398
312, 398
303, 398
304, 398
304, 398
309, 398
305, 398
304, 398
305, 398
306, 398
308, 398
309, 398
310, 398
309, 398
302, 398
305, 398
300, 398
344, 398
309, 398
338, 398
310, 398
306, 398
300, 398
308, 398
334, 398
315, 398
308, 398
303, 398
309, 398
313, 398
300, 398
316, 398
300, 398
301, 398
320, 398
303, 398
312, 398
307, 398
303, 398
305, 398
301, 398
303, 398
321, 398
321, 398
302, 398
311, 398
300, 398
324, 398
308, 398
316, 398
311, 398
304, 398
310, 398
308, 398
305, 398
328, 398
301, 398
342, 398
303, 398
303, 398
309, 398
307, 398
302, 398
312, 398
312, 398
309, 398
324, 398
306, 398
304, 398
305, 398
303, 398
331, 398
341, 398
347, 398
319, 398
322, 398
316, 398
317, 398
310, 398
318, 398
327, 398
303, 398
309, 398
303, 398
338, 398
337, 398
333, 398
305, 398
321, 398
304, 398
303, 398
301, 398
322, 398
341, 398
342, 398
303, 398
303, 398
310, 398
302, 398
310, 398
300, 398
309, 398
302, 398
325, 398
310, 398
349, 398
302, 398
324, 398
314, 398
316, 398
317, 398
322, 398
311, 398
303, 398
314, 398
300, 398
303, 398
342, 398
305, 398
333, 398
301, 398
300, 398
338, 398
308, 398
329, 398
352, 398
301, 398
301, 398
340, 398
308, 398
300, 398
325, 398
315, 398
309, 398
336, 398
302, 398
301, 398
320, 398
308, 398
303, 398
305, 398
310, 398
310, 398
306, 398
350, 398
333, 398
313, 398
302, 398
303, 398
304, 398
314, 398
372, 398
301, 398
304, 398
305, 398
303, 398
309, 398
303, 398
313, 398
311, 398
300, 398
309, 398
326, 398
325, 398
339, 398
339, 398
306, 398
302, 398
329, 398
303, 398
319, 398
321, 398
313, 398
300, 398
331, 398
305, 398
306, 398
303, 398
316, 398
359, 398
348, 398
301, 398
307, 398
316, 398
316, 398
328, 398
308, 398
301, 398
332, 398
328, 398
301, 398
303, 398
328, 398
300, 398
310, 398
314, 398
304, 398
324, 398
302, 398
301, 398
301, 398
302, 398
310, 398
302, 398
310, 398
300, 398
347, 398
318, 398
301, 398
322, 398
305, 398
312, 398
365, 398
349, 398
328, 398
305, 398
333, 398
354, 398
304, 398
313, 398
303, 398
327, 398
305, 398
315, 398
335, 398
301, 398
312, 398
311, 398
313, 398
326, 398
301, 398
301, 398
304, 398
304, 398
368, 398
300, 398
300, 398
319, 398
303, 398
300, 398
302, 398
302, 398
303, 398
318, 398
325, 398
309, 398
300, 398
316, 398
307, 398
303, 398
300, 398
402, 402
314, 402
310, 402
301, 402
301, 402
341, 402
302, 402
315, 402
310, 402
305, 402
306, 402
300, 402
304, 402
303, 402
301, 402
307, 402
303, 402
313, 402
309, 402
313, 402
318, 402
302, 402
300, 402
301, 402
315, 402
302, 402
326, 402
305, 402
326, 402
304, 402
300, 402
332, 402
307, 402
313, 402
303, 402
311, 402
319, 402
307, 402
304, 402
308, 402
324, 402
307, 402
314, 402
300, 402
327, 402
308, 402
307, 402
300, 402
311, 402
300, 402
336, 402
301, 402
348, 402
363, 402
310, 402
313, 402
302, 402
313, 402
312, 402
307, 402
300, 402
300, 402
302, 402
306, 402
312, 402
300, 402
305, 402
306, 402
302, 402
330, 402
326, 402
313, 402
320, 402
310, 402
302, 402
310, 402
312, 402
322, 402
338, 402
301, 402
304, 402
326, 402
309, 402
311, 402
337, 402
309, 402
303, 402
302, 402
321, 402
303, 402
307, 402
306, 402
338, 402
320, 402
320, 402
305, 402
301, 402
308, 402
301, 402
352, 402
308, 402
318, 402
302, 402
318, 402
321, 402
359, 402
311, 402
309, 402
339, 402
338, 402
302, 402
306, 402
300, 402
310, 402
311, 402
313, 402
320, 402
319, 402
303, 402
308, 402
305, 402
337, 402
312, 402
302, 402
301, 402
310, 402
319, 402
307, 402
300, 402
340, 402
309, 402
305, 402
309, 402
313, 402
347, 402
304, 402
305, 402
366, 402
308, 402
301, 402
324, 402
350, 402
310, 402
341, 402
349, 402
347, 402
328, 402
327, 402
315, 402
317, 402
345, 402
324, 402
315, 402
300, 402
312, 402
301, 402
303, 402
314, 402
324, 402
332, 402
302, 402
344, 402
315, 402
330, 402
326, 402
322, 402
345, 402
310, 402
304, 402
305, 402
352, 402
319, 402
339, 402
306, 402
310, 402
322, 402
302, 402
300, 402
300, 402
328, 402
314, 402
301, 402
329, 402
334, 402
327, 402
319, 402
353, 402
307, 402
329, 402
303, 402
325, 402
301, 402
311, 402
303, 402
337, 402
300, 402
303, 402
304, 402
303, 402
306, 402
304, 402
311, 402
349, 402
317, 402
313, 402
305, 402
325, 402
303, 402
318, 402
308, 402
330, 402
303, 402
317, 402
309, 402
309, 402
309, 402
342, 402
335, 402
327, 402
304, 402
338, 402
307, 402
302, 402
343, 402
341, 402
302, 402
303, 402
309, 402
327, 402
312, 402
321, 402
302, 402
313, 402
300, 402
307, 402
301, 402
340, 402
317, 402
312, 402
330, 402
304, 402
319, 402
341, 402
311, 402
310, 402
323, 402
339, 402
324, 402
311, 402
358, 402
311, 402
311, 402
306, 402
312, 402
304, 402
356, 402
314, 402
313, 402
323, 402
362, 402
328, 402
308, 402
348, 402
304, 402
344, 402
316, 402
382, 402
324, 402
306, 402
321, 402
347, 402
328, 402
322, 402
316, 402
311, 402
300, 402
344, 402
378, 402
334, 402
305, 402
315, 402
312, 402
307, 402
321, 402
302, 402
333, 402
347, 402
310, 402
304, 402
304, 402
313, 402
307, 402
305, 402
309, 402
429, 429
307, 429
335, 429
309, 429
305, 429
351, 429
338, 429
302, 429
303, 429
306, 429
300, 429
312, 429
304, 429
303, 429
302, 429
313, 429
331, 429
303, 429
308, 429
312, 429
301, 429
364, 429
325, 429
314, 429
305, 429
312, 429
360, 429
318, 429
302, 429
303, 429
346, 429
304, 429
304, 429
378, 429
303, 429
301, 429
302, 429
316, 429
312, 429
365, 429
331, 429
305, 429
302, 429
319, 429
307, 429
332, 429
304, 429
317, 429
337, 429
311, 429
318, 429
308, 429
309, 429
304, 429
303, 429
318, 429
307, 429
355, 429
301, 429
321, 429
309, 429
301, 429
303, 429
330, 429
324, 429
308, 429
305, 429
340, 429
308, 429
304, 429
309, 429
314, 429
301, 429
300, 429
309, 429
318, 429
371, 429
308, 429
101, 429
102, 429
151, 429
112, 429
108, 429
108, 429
122, 429
107, 429
122, 429
100, 429
100, 429
109, 429
127, 429
103, 429
126, 429
104, 429
104, 429
127, 429
123, 429
120, 429
114, 429
156, 429
107, 429
112, 429
116, 429
119, 429
111, 429
101, 429
118, 429
124, 429
100, 429
112, 429
121, 429
102, 429
108, 429
115, 429
110, 429
103, 429
105, 429
121, 429
141, 429
114, 429
103, 429
103, 429
102, 429
103, 429
116, 429
122, 429
120, 429
115, 429
100, 429
104, 429
116, 429
101, 429
117, 429
102, 429
112, 429
103, 429
111, 429
101, 429
105, 429
111, 429
112, 429
104, 429
101, 429
101, 429
102, 429
106, 429
100, 429
105, 429
101, 429
101, 429
109, 429
102, 429
100, 429
109, 429
101, 429
109, 429
104, 429
105, 429
100, 429
107, 429
103, 429
106, 429
110, 429
101, 429
104, 429
117, 429
101, 429
101, 429
108, 429
122, 429
112, 429
116, 429
104, 429
103, 429
120, 429
105, 429
112, 429
101, 429
104, 429
106, 429
105, 429
101, 429
#Algorithm: ExpectedSARSA, Speed: 1, Boost: 1, PM: True, Env size: (20, 20), Car size: (5, 4),
#Counter: 100, Nsteps: 10000000, Gamma: 1, LearnRate: 0.01, Eps: 0.5, Epsdecay: 0.9
2, 2
3, 3
4, 4
1, 4
1, 4
0, 4
0, 4
0, 4
3, 4
4, 4
0, 4
0, 4
2, 4
1, 4
0, 4
1, 4
1, 4
0, 4
8, 8
7, 8
3, 8
1, 8
11, 11
6, 11
1, 11
3, 11
3, 11
6, 11
2, 11
6, 11
8, 11
3, 11
7, 11
4, 11
0, 11
7, 11
0, 11
1, 11
0, 11
0, 11
0, 11
0, 11
2, 11
0, 11
14, 14
0, 14
1, 14
8, 14
28, 28
0, 28
0, 28
15, 28
4, 28
1, 28
1, 28
7, 28
4, 28
10, 28
2, 28
4, 28
12, 28
3, 28
1, 28
1, 28
3, 28
7, 28
7, 28
14, 28
6, 28
4, 28
26, 28
0, 28
0, 28
28, 28
0, 28
3, 28
0, 28
2, 28
1, 28
13, 28
0, 28
0, 28
11, 28
0, 28
1, 28
12, 28
16, 28
10, 28
0, 28
17, 28
12, 28
0, 28
10, 28
8, 28
5, 28
1, 28
2, 28
12, 28
21, 28
13, 28
1, 28
13, 28
5, 28
1, 28
1, 28
0, 28
2, 28
17, 28
11, 28
0, 28
1, 28
5, 28
7, 28
48, 48
5, 48
17, 48
5, 48
1, 48
11, 48
4, 48
4, 48
2, 48
13, 48
4, 48
1, 48
0, 48
4, 48
5, 48
5, 48
0, 48
124, 124
3, 124
107, 124
3, 124
32, 124
119, 124
105, 124
3, 124
9, 124
11, 124
18, 124
3, 124
4, 124
15, 124
1, 124
4, 124
4, 124
0, 124
2, 124
106, 124
2, 124
0, 124
0, 124
1, 124
110, 124
106, 124
312, 312
304, 312
310, 312
311, 312
303, 312
306, 312
326, 326
322, 326
312, 326
322, 326
310, 326
358, 358
324, 358
325, 358
316, 358
301, 358
308, 358
305, 358
311, 358
307, 358
337, 358
306, 358
300, 358
303, 358
321, 358
308, 358
308, 358
324, 358
300, 358
317, 358
375, 375
306, 375
322, 375
315, 375
336, 375
300, 375
314, 375
314, 375
303, 375
312, 375
302, 375
301, 375
305, 375
323, 375
311, 375
300, 375
316, 375
303, 375
301, 375
324, 375
300, 375
302, 375
302, 375
300, 375
301, 375
300, 375
333, 375
304, 375
319, 375
311, 375
311, 375
300, 375
319, 375
302, 375
306, 375
307, 375
302, 375
307, 375
314, 375
301, 375
311, 375
301, 375
312, 375
306, 375
301, 375
309, 375
307, 375
305, 375
345, 375
325, 375
331, 375
337, 375
312, 375
301, 375
309, 375
304, 375
325, 375
330, 375
316, 375
305, 375
328, 375
300, 375
370, 375
303, 375
308, 375
307, 375
302, 375
300, 375
314, 375
310, 375
302, 375
308, 375
319, 375
336, 375
301, 375
349, 375
307, 375
304, 375
311, 375
300, 375
301, 375
311, 375
317, 375
306, 375
302, 375
397, 397
302, 397
328, 397
303, 397
303, 397
309, 397
309, 397
307, 397
305, 397
309, 397
303, 397
318, 397
317, 397
333, 397
326, 397
313, 397
324, 397
304, 397
304, 397
301, 397
302, 397
309, 397
368, 397
301, 397
306, 397
308, 397
333, 397
303, 397
320, 397
350, 397
304, 397
300, 397
332, 397
314, 397
309, 397
319, 397
303, 397
320, 397
301, 397
303, 397
314, 397
325, 397
303, 397
309, 397
330, 397
373, 397
306, 397
304, 397
315, 397
317, 397
300, 397
308, 397
308, 397
320, 397
312, 397
309, 397
305, 397
303, 397
300, 397
385, 397
308, 397
310, 397
369, 397
305, 397
311, 397
302, 397
301, 397
327, 397
301, 397
325, 397
324, 397
304, 397
307, 397
310, 397
304, 397
316, 397
322, 397
310, 397
329, 397
301, 397
309, 397
375, 397
370, 397
307, 397
302, 397
321, 397
334, 397
327, 397
304, 397
307, 397
358, 397
312, 397
306, 397
306, 397
339, 397
321, 397
303, 397
306, 397
306, 397
310, 397
332, 397
309, 397
306, 397
303, 397
328, 397
320, 397
304, 397
308, 397
315, 397
305, 397
319, 397
302, 397
307, 397
353, 397
361, 397
300, 397
301, 397
347, 397
336, 397
328, 397
323, 397
301, 397
350, 397
303, 397
333, 397
301, 397
307, 397
384, 397
300, 397
321, 397
310, 397
304, 397
310, 397
311, 397
326, 397
306, 397
340, 397
318, 397
344, 397
315, 397
310, 397
305, 397
324, 397
302, 397
313, 397
300, 397
301, 397
321, 397
343, 397
328, 397
307, 397
312, 397
300, 397
303, 397
342, 397
301, 397
305, 397
306, 397
306, 397
307, 397
322, 397
369, 397
302, 397
302, 397
313, 397
302, 397
302, 397
301, 397
303, 397
301, 397
301, 397
312, 397
342, 397
353, 397
302, 397
306, 397
305, 397
318, 397
306, 397
313, 397
308, 397
304, 397
300, 397
308, 397
302, 397
303, 397
302, 397
308, 397
301, 397
301, 397
334, 397
306, 397
359, 397
308, 397
300, 397
305, 397
306, 397
305, 397
306, 397
378, 397
314, 397
370, 397
300, 397
329, 397
310, 397
305, 397
302, 397
355, 397
302, 397
317, 397
332, 397
397, 397
327, 397
321, 397
325, 397
323, 397
332, 397
303, 397
301, 397
304, 397
301, 397
307, 397
312, 397
342, 397
314, 397
314, 397
310, 397
312, 397
301, 397
328, 397
303, 397
300, 397
311, 397
301, 397
319, 397
335, 397
316, 397
306, 397
319, 397
304, 397
302, 397
301, 397
363, 397
334, 397
316, 397
307, 397
307, 397
359, 397
309, 397
321, 397
328, 397
351, 397
359, 397
319, 397
317, 397
302, 397
331, 397
339, 397
322, 397
312, 397
322, 397
318, 397
333, 397
307, 397
304, 397
314, 397
301, 397
302, 397
306, 397
306, 397
307, 397
305, 397
304, 397
319, 397
365, 397
317, 397
308, 397
305, 397
316, 397
348, 397
300, 397
314, 397
302, 397
300, 397
313, 397
306, 397
302, 397
316, 397
305, 397
321, 397
304, 397
315, 397
352, 397
319, 397
306, 397
326, 397
306, 397
302, 397
300, 397
303, 397
307, 397
313, 397
304, 397
302, 397
306, 397
307, 397
313, 397
308, 397
316, 397
310, 397
324, 397
307, 397
304, 397
305, 397
305, 397
301, 397
314, 397
305, 397
308, 397
300, 397
301, 397
328, 397
347, 397
313, 397
307, 397
309, 397
300, 397
323, 397
331, 397
313, 397
305, 397
312, 397
317, 397
301, 397
325, 397
303, 397
309, 397
307, 397
326, 397
312, 397
300, 397
301, 397
310, 397
302, 397
335, 397
303, 397
306, 397
301, 397
321, 397
335, 397
307, 397
313, 397
319, 397
304, 397
312, 397
306, 397
328, 397
309, 397
302, 397
316, 397
307, 397
300, 397
315, 397
304, 397
344, 397
303, 397
330, 397
329, 397
305, 397
325, 397
300, 397
304, 397
309, 397
330, 397
311, 397
303, 397
300, 397
304, 397
325, 397
334, 397
323, 397
303, 397
302, 397
300, 397
304, 397
304, 397
309, 397
304, 397
304, 397
305, 397
306, 397
304, 397
365, 397
323, 397
303, 397
314, 397
305, 397
314, 397
308, 397
345, 397
300, 397
309, 397
306, 397
309, 397
315, 397
304, 397
321, 397
372, 397
309, 397
304, 397
326, 397
388, 397
318, 397
304, 397
302, 397
334, 397
312, 397
306, 397
302, 397
302, 397
314, 397
319, 397
302, 397
307, 397
301, 397
304, 397
319, 397
310, 397
306, 397
302, 397
313, 397
303, 397
318, 397
300, 397
325, 397
332, 397
303, 397
319, 397
353, 397
342, 397
304, 397
307, 397
315, 397
309, 397
300, 397
302, 397
309, 397
311, 397
354, 397
305, 397
317, 397
306, 397
324, 397
330, 397
300, 397
308, 397
338, 397
307, 397
318, 397
321, 397
337, 397
304, 397
321, 397
350, 397
325, 397
347, 397
303, 397
301, 397
303, 397
334, 397
322, 397
300, 397
316, 397
334, 397
344, 397
319, 397
318, 397
324, 397
303, 397
306, 397
306, 397
304, 397
321, 397
306, 397
317, 397
302, 397
317, 397
309, 397
305, 397
307, 397
301, 397
300, 397
300, 397
377, 397
352, 397
378, 397
317, 397
326, 397
306, 397
329, 397
315, 397
310, 397
335, 397
321, 397
303, 397
352, 397
303, 397
300, 397
304, 397
323, 397
328, 397
301, 397
303, 397
304, 397
303, 397
311, 397
346, 397
306, 397
300, 397
375, 397
319, 397
349, 397
302, 397
310, 397
300, 397
307, 397
308, 397
331, 397
308, 397
305, 397
304, 397
324, 397
305, 397
307, 397
300, 397
316, 397
319, 397
323, 397
317, 397
336, 397
308, 397
307, 397
317, 397
301, 397
353, 397
309, 397
343, 397
362, 397
300, 397
305, 397
308, 397
352, 397
312, 397
315, 397
305, 397
317, 397
304, 397
307, 397
377, 397
301, 397
341, 397
305, 397
329, 397
315, 397
414, 414
120, 414
102, 414
102, 414
105, 414
104, 414
100, 414
100, 414
106, 414
101, 414
106, 414
109, 414
104, 414
112, 414
100, 414
143, 414
150, 414
101, 414
110, 414
108, 414
132, 414
125, 414
148, 414
111, 414
105, 414
109, 414
118, 414
149, 414
103, 414
111, 414
115, 414
102, 414
127, 414
100, 414
103, 414
103, 414
100, 414
104, 414
103, 414
106, 414
105, 414
110, 414
101, 414
106, 414
104, 414
113, 414
101, 414
104, 414
114, 414
104, 414
103, 414
117, 414
104, 414
107, 414
105, 414
109, 414
130, 414
109, 414
108, 414
116, 414
107, 414
133, 414
156, 414
113, 414
103, 414
123, 414
102, 414
100, 414
110, 414
106, 414
103, 414
110, 414
100, 414
102, 414
133, 414
110, 414
111, 414
109, 414
102, 414
141, 414
104, 414
110, 414
112, 414
106, 414
100, 414
106, 414
102, 414
102, 414
111, 414
102, 414
122, 414
103, 414
104, 414
101, 414
101, 414
101, 414
133, 414
101, 414
120, 414
101, 414
106, 414
112, 414
113, 414
101, 414
106, 414
105, 414
102, 414
116, 414
105, 414
107, 414
107, 414
101, 414
101, 414
101, 414
110, 414
112, 414
100, 414
102, 414
102, 414
104, 414
105, 414
122, 414
119, 414
100, 414
102, 414
126, 414
100, 414
100, 414
105, 414
101, 414
101, 414
146, 414
108, 414
109, 414
102, 414
112, 414
102, 414
111, 414
103, 414
108, 414
105, 414
106, 414
101, 414
103, 414
105, 414
101, 414
102, 414
104, 414
116, 414
100, 414
133, 414
100, 414
104, 414
117, 414
103, 414
101, 414
102, 414
106, 414
110, 414
100, 414
100, 414
108, 414
105, 414
103, 414
102, 414
#Algorithm: ExpectedSARSA, Speed: 1, Boost: 1, PM: True, Env size: (20, 20), Car size: (5, 4),
#Counter: 100, Nsteps: 10000000, Gamma: 1, LearnRate: 0.01, Eps: 0.5, Epsdecay: 0.9
1, 1
1, 1
3, 3
1, 3
3, 3
3, 3
0, 3
0, 3
0, 3
1, 3
1, 3
4, 4
1, 4
2, 4
0, 4
2, 4
7, 7
0, 7
6, 7
0, 7
2, 7
2, 7
2, 7
1, 7
0, 7
3, 7
2, 7
2, 7
1, 7
4, 7
0, 7
2, 7
5, 7
1, 7
4, 7
0, 7
0, 7
4, 7
0, 7
1, 7
6, 7
4, 7
0, 7
5, 7
0, 7
6, 7
2, 7
4, 7
1, 7
3, 7
2, 7
6, 7
1, 7
0, 7
28, 28
4, 28
2, 28
0, 28
1, 28
5, 28
7, 28
4, 28
3, 28
0, 28
2, 28
2, 28
1, 28
5, 28
1, 28
6, 28
2, 28
2, 28
6, 28
0, 28
4, 28
10, 28
0, 28
5, 28
3, 28
0, 28
3, 28
1, 28
0, 28
0, 28
4, 28
0, 28
5, 28
1, 28
1, 28
0, 28
3, 28
29, 29
2, 29
13, 29
9, 29
6, 29
8, 29
39, 39
31, 39
0, 39
6, 39
0, 39
7, 39
5, 39
6, 39
1, 39
1, 39
26, 39
0, 39
11, 39
4, 39
0, 39
3, 39
0, 39
2, 39
9, 39
1, 39
11, 39
13, 39
14, 39
2, 39
7, 39
7, 39
1, 39
3, 39
31, 39
110, 110
13, 110
11, 110
4, 110
14, 110
15, 110
0, 110
7, 110
7, 110
1, 110
7, 110
9, 110
5, 110
31, 110
109, 110
124, 124
103, 124
125, 125
4, 125
1, 125
34, 125
8, 125
8, 125
1, 125
1, 125
3, 125
102, 125
1, 125
5, 125
5, 125
15, 125
1, 125
4, 125
6, 125
202, 202
250, 250
309, 309
304, 309
302, 309
324, 324
300, 324
305, 324
332, 332
312, 332
304, 332
313, 332
304, 332
302, 332
301, 332
317, 332
300, 332
308, 332
316, 332
302, 332
308, 332
303, 332
300, 332
357, 357
324, 357
314, 357
307, 357
305, 357
323, 357
334, 357
304, 357
307, 357
315, 357
311, 357
338, 357
309, 357
306, 357
308, 357
311, 357
303, 357
310, 357
307, 357
302, 357
309, 357
300, 357
303, 357
308, 357
301, 357
325, 357
342, 357
304, 357
301, 357
306, 357
308, 357
305, 357
306, 357
302, 357
362, 362
308, 362
305, 362
403, 403
320, 403
300, 403
312, 403
302, 403
303, 403
306, 403
341, 403
319, 403
310, 403
308, 403
310, 403
317, 403
304, 403
305, 403
306, 403
300, 403
300, 403
339, 403
303, 403
325, 403
313, 403
327, 403
302, 403
300, 403
314, 403
312, 403
302, 403
324, 403
354, 403
307, 403
302, 403
303, 403
320, 403
304, 403
353, 403
300, 403
338, 403
304, 403
339, 403
311, 403
322, 403
315, 403
300, 403
313, 403
308, 403
331, 403
310, 403
307, 403
315, 403
310, 403
330, 403
342, 403
305, 403
344, 403
315, 403
300, 403
329, 403
302, 403
307, 403
310, 403
300, 403
304, 403
303, 403
307, 403
307, 403
326, 403
401, 403
322, 403
310, 403
312, 403
341, 403
319, 403
341, 403
308, 403
310, 403
323, 403
302, 403
347, 403
303, 403
300, 403
324, 403
301, 403
307, 403
313, 403
308, 403
306, 403
306, 403
304, 403
304, 403
315, 403
313, 403
352, 403
332, 403
384, 403
312, 403
301, 403
350, 403
342, 403
307, 403
332, 403
313, 403
303, 403
302, 403
312, 403
342, 403
301, 403
311, 403
305, 403
308, 403
324, 403
303, 403
308, 403
349, 403
300, 403
334, 403
315, 403
310, 403
302, 403
318, 403
312, 403
305, 403
315, 403
302, 403
312, 403
312, 403
302, 403
302, 403
307, 403
310, 403
335, 403
304, 403
304, 403
315, 403
322, 403
340, 403
319, 403
318, 403
303, 403
310, 403
313, 403
328, 403
304, 403
300, 403
310, 403
301, 403
311, 403
319, 403
307, 403
300, 403
331, 403
347, 403
308, 403
300, 403
324, 403
311, 403
309, 403
304, 403
322, 403
311, 403
313, 403
310, 403
368, 403
326, 403
301, 403
315, 403
303, 403
328, 403
300, 403
310, 403
308, 403
304, 403
311, 403
307, 403
314, 403
380, 403
303, 403
303, 403
300, 403
302, 403
308, 403
302, 403
315, 403
307, 403
312, 403
310, 403
306, 403
301, 403
329, 403
334, 403
300, 403
310, 403
304, 403
300, 403
305, 403
306, 403
304, 403
308, 403
301, 403
308, 403
313, 403
374, 403
341, 403
347, 403
302, 403
301, 403
319, 403
318, 403
309, 403
315, 403
309, 403
310, 403
306, 403
302, 403
306, 403
321, 403
325, 403
319, 403
330, 403
320, 403
334, 403
383, 403
320, 403
304, 403
307, 403
317, 403
331, 403
306, 403
347, 403
340, 403
315, 403
314, 403
306, 403
327, 403
341, 403
308, 403
320, 403
315, 403
300, 403
304, 403
309, 403
301, 403
307, 403
329, 403
307, 403
303, 403
312, 403
305, 403
309, 403
313, 403
303, 403
300, 403
320, 403
309, 403
328, 403
305, 403
300, 403
301, 403
308, 403
312, 403
305, 403
320, 403
307, 403
352, 403
309, 403
350, 403
317, 403
327, 403
311, 403
318, 403
305, 403
353, 403
306, 403
306, 403
309, 403
344, 403
315, 403
315, 403
337, 403
304, 403
344, 403
307, 403
309, 403
325, 403
311, 403
309, 403
305, 403
310, 403
314, 403
300, 403
304, 403
309, 403
326, 403
308, 403
331, 403
301, 403
309, 403
301, 403
309, 403
303, 403
305, 403
323, 403
301, 403
309, 403
319, 403
339, 403
303, 403
316, 403
309, 403
312, 403
330, 403
305, 403
311, 403
302, 403
303, 403
308, 403
305, 403
302, 403
303, 403
307, 403
315, 403
300, 403
328, 403
317, 403
311, 403
316, 403
313, 403
330, 403
364, 403
315, 403
304, 403
308, 403
300, 403
338, 403
300, 403
333, 403
324, 403
374, 403
301, 403
301, 403
301, 403
321, 403
304, 403
377, 403
326, 403
301, 403
316, 403
307, 403
321, 403
313, 403
323, 403
300, 403
323, 403
302, 403
306, 403
306, 403
303, 403
301, 403
323, 403
302, 403
354, 403
332, 403
306, 403
311, 403
314, 403
321, 403
318, 403
313, 403
314, 403
314, 403
307, 403
308, 403
304, 403
303, 403
317, 403
377, 403
349, 403
305, 403
331, 403
318, 403
316, 403
310, 403
322, 403
313, 403
393, 403
356, 403
303, 403
324, 403
306, 403
323, 403
318, 403
381, 403
304, 403
301, 403
323, 403
319, 403
309, 403
323, 403
310, 403
306, 403
319, 403
309, 403
332, 403
316, 403
314, 403
305, 403
311, 403
319, 403
315, 403
310, 403
312, 403
304, 403
309, 403
313, 403
302, 403
303, 403
315, 403
304, 403
308, 403
301, 403
300, 403
302, 403
316, 403
302, 403
304, 403
304, 403
332, 403
369, 403
314, 403
304, 403
305, 403
311, 403
301, 403
302, 403
315, 403
373, 403
307, 403
317, 403
305, 403
307, 403
312, 403
309, 403
301, 403
309, 403
310, 403
316, 403
317, 403
333, 403
338, 403
317, 403
309, 403
323, 403
336, 403
300, 403
302, 403
304, 403
307, 403
324, 403
308, 403
304, 403
304, 403
313, 403
358, 403
356, 403
351, 403
307, 403
304, 403
326, 403
310, 403
347, 403
301, 403
307, 403
333, 403
306, 403
302, 403
301, 403
310, 403
323, 403
325, 403
306, 403
355, 403
300, 403
324, 403
317, 403
318, 403
364, 403
307, 403
329, 403
305, 403
314, 403
301, 403
315, 403
301, 403
332, 403
304, 403
334, 403
329, 403
309, 403
312, 403
308, 403
312, 403
311, 403
318, 403
334, 403
308, 403
361, 403
312, 403
300, 403
303, 403
300, 403
310, 403
320, 403
326, 403
335, 403
315, 403
337, 403
326, 403
311, 403
304, 403
321, 403
310, 403
356, 403
327, 403
302, 403
321, 403
332, 403
305, 403
344, 403
300, 403
326, 403
303, 403
301, 403
304, 403
361, 403
326, 403
367, 403
308, 403
379, 403
356, 403
335, 403
303, 403
309, 403
314, 403
349, 403
332, 403
308, 403
320, 403
308, 403
310, 403
350, 403
304, 403
360, 403
347, 403
300, 403
300, 403
313, 403
305, 403
348, 403
334, 403
317, 403
319, 403
314, 403
311, 403
300, 403
312, 403
307, 403
316, 403
346, 403
309, 403
303, 403
336, 403
313, 403
324, 403
313, 403
323, 403
303, 403
300, 403
309, 403
315, 403
332, 403
321, 403
317, 403
309, 403
300, 403
314, 403
303, 403
307, 403
323, 403
340, 403
324, 403
316, 403
316, 403
300, 403
307, 403
322, 403
305, 403
321, 403
300, 403
312, 403
304, 403
323, 403
349, 403
362, 403
305, 403
310, 403
306, 403
300, 403
310, 403
351, 403
302, 403
316, 403
318, 403
315, 403
300, 403
313, 403
322, 403
331, 403
319, 403
303, 403
318, 403
301, 403
318, 403
310, 403
307, 403
362, 403
307, 403
314, 403
324, 403
302, 403
336, 403
300, 403
347, 403
315, 403
345, 403
307, 403
328, 403
331, 403
328, 403
352, 403
311, 403
306, 403
301, 403
325, 403
303, 403
304, 403
314, 403
322, 403
315, 403
325, 403
310, 403
301, 403
308, 403
309, 403
303, 403
315, 403
305, 403
305, 403
301, 403
309, 403
337, 403
300, 403
316, 403
332, 403
313, 403
300, 403
313, 403
352, 403
304, 403
303, 403
308, 403
315, 403
376, 403
120, 403
120, 403
102, 403
105, 403
125, 403
104, 403
117, 403
130, 403
133, 403
112, 403
102, 403
110, 403
128, 403
101, 403
143, 403
106, 403
101, 403
114, 403
107, 403
123, 403
101, 403
117, 403
119, 403
108, 403
111, 403
124, 403
111, 403
101, 403
112, 403
110, 403
115, 403
100, 403
109, 403
100, 403
101, 403
127, 403
121, 403
105, 403
106, 403
112, 403
113, 403
110, 403
111, 403
103, 403
108, 403
100, 403
101, 403
102, 403
101, 403
104, 403
100, 403
106, 403
100, 403
100, 403
101, 403
100, 403
128, 403
140, 403
113, 403
109, 403
100, 403
109, 403
103, 403
101, 403
104, 403
109, 403
104, 403
113, 403
141, 403
115, 403
105, 403
100, 403
120, 403
110, 403
102, 403
115, 403
104, 403
106, 403
100, 403
101, 403
100, 403
127, 403
106, 403
111, 403
103, 403
102, 403
101, 403
104, 403
103, 403
129, 403
100, 403
100, 403
100, 403
119, 403
102, 403
115, 403
137, 403
106, 403
114, 403
104, 403
110, 403
103, 403
112, 403
103, 403
104, 403
104, 403
110, 403
113, 403
