#Algorithm: ExpectedSARSA, Speed: 1, Boost: 1, PM: True, Env size: (20, 20), Car size: (5, 4),
#Counter: 10000000, Nsteps: 10000000, Gamma: 1, LearnRate: 0.01, Eps: 0.5, Epsdecay: 0.9
7, 7
2, 7
0, 7
3, 7
0, 7
0, 7
0, 7
0, 7
3, 7
0, 7
1, 7
2, 7
1, 7
2, 7
3, 7
7, 7
4, 7
0, 7
0, 7
6, 7
6, 7
3, 7
2, 7
1, 7
6, 7
0, 7
3, 7
0, 7
2, 7
1, 7
2, 7
1, 7
3, 7
3, 7
1, 7
2, 7
0, 7
4, 7
4, 7
1, 7
18, 18
1, 18
1, 18
0, 18
1, 18
13, 18
2, 18
1, 18
1, 18
3, 18
10, 18
1, 18
0, 18
1, 18
0, 18
2, 18
8, 18
2, 18
0, 18
1, 18
2, 18
5, 18
6, 18
1, 18
6, 18
0, 18
0, 18
7, 18
1, 18
8, 18
2, 18
5, 18
0, 18
2, 18
1, 18
2, 18
2, 18
3, 18
3, 18
2, 18
5, 18
7, 18
15, 18
10, 18
4, 18
4, 18
1, 18
3, 18
1, 18
1, 18
0, 18
1, 18
5, 18
2, 18
0, 18
4, 18
0, 18
0, 18
5, 18
1, 18
3, 18
3, 18
1, 18
0, 18
29, 29
3, 29
0, 29
12, 29
12, 29
4, 29
7, 29
3, 29
8, 29
3, 29
3, 29
0, 29
4, 29
9, 29
6, 29
11, 29
7, 29
3, 29
0, 29
11, 29
28, 29
2, 29
16, 29
1, 29
14, 29
4, 29
8, 29
1, 29
2001, 2001
2001, 2001
2001, 2001
2001, 2001
2001, 2001
2001, 2001
2001, 2001
2001, 2001
2001, 2001
2001, 2001
2001, 2001
2001, 2001
2001, 2001
2001, 2001
2001, 2001
2001, 2001
2001, 2001
2001, 2001
2001, 2001
2001, 2001
2001, 2001
2001, 2001
2001, 2001
2001, 2001
2001, 2001
2001, 2001
2001, 2001
2001, 2001
2001, 2001
2001, 2001
2001, 2001
2001, 2001
2001, 2001
2001, 2001
2001, 2001
2001, 2001
2001, 2001
2001, 2001
2001, 2001
2001, 2001
2001, 2001
2001, 2001
2001, 2001
2001, 2001
2001, 2001
2001, 2001
2001, 2001
2001, 2001
2001, 2001
2001, 2001
2001, 2001
2001, 2001
2001, 2001
2001, 2001
2001, 2001
2001, 2001
2001, 2001
2001, 2001
2001, 2001
2001, 2001
2001, 2001
2001, 2001
2001, 2001
2001, 2001
2001, 2001
2001, 2001
2001, 2001
2001, 2001
#Algorithm: ExpectedSARSA, Speed: 1, Boost: 1, PM: True, Env size: (20, 20), Car size: (5, 4),
#Counter: 10000000, Nsteps: 10000000, Gamma: 1, LearnRate: 0.01, Eps: 0.5, Epsdecay: 0.9
3, 3
0, 3
4, 4
5, 5
2, 5
1, 5
8, 8
1, 8
0, 8
7, 8
5, 8
2, 8
4, 8
4, 8
0, 8
0, 8
4, 8
0, 8
4, 8
6, 8
1, 8
3, 8
7, 8
11, 11
4, 11
4, 11
6, 11
7, 11
4, 11
0, 11
3, 11
3, 11
2, 11
0, 11
5, 11
1, 11
4, 11
2, 11
4, 11
6, 11
2, 11
19, 19
21, 21
1, 21
2, 21
1, 21
3, 21
3, 21
3, 21
11, 21
1, 21
1, 21
12, 21
0, 21
15, 21
0, 21
3, 21
0, 21
4, 21
2, 21
24, 24
3, 24
2, 24
9, 24
20, 24
0, 24
11, 24
2, 24
1, 24
20, 24
70, 70
29, 70
8, 70
51, 70
2, 70
149, 149
7, 149
11, 149
69, 149
6, 149
2, 149
51, 149
37, 149
14, 149
11, 149
0, 149
17, 149
79, 149
10, 149
19, 149
1, 149
42, 149
33, 149
16, 149
24, 149
8, 149
33, 149
1, 149
26, 149
10, 149
94, 149
2, 149
0, 149
0, 149
14, 149
1, 149
2, 149
1, 149
15, 149
1, 149
0, 149
4, 149
3, 149
11, 149
1, 149
3, 149
19, 149
9, 149
16, 149
10, 149
36, 149
30, 149
10, 149
18, 149
6, 149
8, 149
5, 149
10, 149
5, 149
3, 149
7, 149
7, 149
4, 149
9, 149
4, 149
0, 149
4, 149
11, 149
26, 149
0, 149
31, 149
4, 149
8, 149
12, 149
3, 149
4, 149
1, 149
7, 149
4, 149
14, 149
3, 149
4, 149
6, 149
4, 149
23, 149
15, 149
2001, 2001
2001, 2001
2001, 2001
2001, 2001
2001, 2001
2001, 2001
2001, 2001
2001, 2001
2001, 2001
2001, 2001
2001, 2001
2001, 2001
2001, 2001
2001, 2001
2001, 2001
2001, 2001
2001, 2001
2001, 2001
2001, 2001
2001, 2001
2001, 2001
2001, 2001
2001, 2001
2001, 2001
2001, 2001
2001, 2001
2001, 2001
2001, 2001
2001, 2001
2001, 2001
2001, 2001
2001, 2001
2001, 2001
2001, 2001
2001, 2001
2001, 2001
2001, 2001
2001, 2001
2001, 2001
2001, 2001
2001, 2001
2001, 2001
2001, 2001
2001, 2001
#Algorithm: ExpectedSARSA, Speed: 1, Boost: 1, PM: True, Env size: (20, 20), Car size: (5, 4),
#Counter: 10000000, Nsteps: 10000000, Gamma: 1, LearnRate: 0.01, Eps: 0.5, Epsdecay: 0.9
10, 10
1, 10
1, 10
0, 10
0, 10
1, 10
1, 10
0, 10
5, 10
1, 10
2, 10
2, 10
0, 10
1, 10
0, 10
1, 10
0, 10
4, 10
6, 10
3, 10
0, 10
0, 10
3, 10
0, 10
2, 10
1, 10
1, 10
0, 10
3, 10
4, 10
6, 10
4, 10
20, 20
4, 20
4, 20
1, 20
7, 20
2, 20
1, 20
4, 20
2, 20
8, 20
2, 20
2, 20
2, 20
3, 20
22, 22
4, 22
0, 22
0, 22
3, 22
4, 22
1, 22
1, 22
4, 22
1, 22
0, 22
3, 22
8, 22
3, 22
1, 22
6, 22
6, 22
2, 22
0, 22
2, 22
26, 26
11, 26
6, 26
2, 26
0, 26
0, 26
0, 26
2, 26
10, 26
5, 26
0, 26
4, 26
1, 26
5, 26
0, 26
3, 26
20, 26
4, 26
25, 26
6, 26
10, 26
7, 26
4, 26
1, 26
50, 50
9, 50
35, 50
23, 50
19, 50
18, 50
9, 50
4, 50
7, 50
21, 50
9, 50
5, 50
6, 50
1, 50
12, 50
15, 50
0, 50
1, 50
2, 50
0, 50
27, 50
4, 50
11, 50
7, 50
6, 50
2, 50
5, 50
0, 50
9, 50
2, 50
0, 50
0, 50
2, 50
1, 50
17, 50
9, 50
21, 50
9, 50
6, 50
34, 50
1, 50
5, 50
2001, 2001
2001, 2001
2001, 2001
2001, 2001
2001, 2001
2001, 2001
2001, 2001
2001, 2001
2001, 2001
2001, 2001
2001, 2001
2001, 2001
2001, 2001
2001, 2001
2001, 2001
2001, 2001
2001, 2001
2001, 2001
2001, 2001
2001, 2001
2001, 2001
2001, 2001
2001, 2001
2001, 2001
2001, 2001
2001, 2001
2001, 2001
2001, 2001
2001, 2001
2001, 2001
2001, 2001
2001, 2001
2001, 2001
2001, 2001
2001, 2001
2001, 2001
2001, 2001
2001, 2001
2001, 2001
2001, 2001
2001, 2001
2001, 2001
2001, 2001
2001, 2001
2001, 2001
2001, 2001
2001, 2001
2001, 2001
2001, 2001
2001, 2001
2001, 2001
2001, 2001
2001, 2001
2001, 2001
2001, 2001
2001, 2001
2001, 2001
2001, 2001
2001, 2001
2001, 2001
2001, 2001
2001, 2001
2001, 2001
2001, 2001
2001, 2001
2001, 2001
2001, 2001
2001, 2001
#Algorithm: ExpectedSARSA, Speed: 1, Boost: 1, PM: True, Env size: (20, 20), Car size: (5, 4),
#Counter: 10000000, Nsteps: 10000000, Gamma: 1, LearnRate: 0.01, Eps: 0.5, Epsdecay: 0.9
1, 1
0, 1
0, 1
0, 1
1, 1
0, 1
1, 1
2, 2
7, 7
4, 7
2, 7
1, 7
1, 7
1, 7
3, 7
1, 7
7, 7
0, 7
9, 9
0, 9
0, 9
11, 11
0, 11
3, 11
0, 11
1, 11
2, 11
11, 11
9, 11
3, 11
3, 11
5, 11
0, 11
0, 11
0, 11
7, 11
20, 20
4, 20
10, 20
11, 20
3, 20
7, 20
1, 20
0, 20
17, 20
5, 20
2, 20
30, 30
21, 30
37, 37
5, 37
6, 37
4, 37
67, 67
22, 67
24, 67
1, 67
16, 67
44, 67
4, 67
6, 67
3, 67
0, 67
1, 67
21, 67
45, 67
10, 67
17, 67
57, 67
12, 67
6, 67
9, 67
0, 67
10, 67
22, 67
0, 67
25, 67
2, 67
7, 67
0, 67
8, 67
1, 67
0, 67
5, 67
6, 67
2, 67
1, 67
1, 67
4, 67
11, 67
11, 67
44, 67
2, 67
36, 67
3, 67
8, 67
120, 120
10, 120
3, 120
30, 120
13, 120
29, 120
38, 120
29, 120
12, 120
1, 120
8, 120
2, 120
7, 120
0, 120
13, 120
6, 120
0, 120
8, 120
10, 120
5, 120
2, 120
21, 120
4, 120
12, 120
2, 120
5, 120
5, 120
16, 120
3, 120
7, 120
1, 120
5, 120
1, 120
3, 120
0, 120
20, 120
25, 120
2, 120
0, 120
1, 120
17, 120
19, 120
8, 120
2, 120
0, 120
2, 120
1, 120
0, 120
5, 120
18, 120
1, 120
2, 120
3, 120
4, 120
2001, 2001
2001, 2001
2001, 2001
2001, 2001
2001, 2001
2001, 2001
2001, 2001
2001, 2001
2001, 2001
2001, 2001
2001, 2001
2001, 2001
2001, 2001
2001, 2001
2001, 2001
2001, 2001
2001, 2001
2001, 2001
2001, 2001
2001, 2001
2001, 2001
2001, 2001
2001, 2001
2001, 2001
2001, 2001
2001, 2001
2001, 2001
2001, 2001
2001, 2001
2001, 2001
2001, 2001
2001, 2001
2001, 2001
2001, 2001
2001, 2001
2001, 2001
2001, 2001
2001, 2001
2001, 2001
2001, 2001
2001, 2001
2001, 2001
2001, 2001
2001, 2001
2001, 2001
2001, 2001
2001, 2001
2001, 2001
2001, 2001
2001, 2001
#Algorithm: ExpectedSARSA, Speed: 1, Boost: 1, PM: True, Env size: (20, 20), Car size: (5, 4),
#Counter: 10000000, Nsteps: 10000000, Gamma: 1, LearnRate: 0.01, Eps: 0.5, Epsdecay: 0.9
1, 1
2, 2
5, 5
2, 5
5, 5
9, 9
3, 9
1, 9
1, 9
0, 9
2, 9
0, 9
1, 9
0, 9
3, 9
8, 9
1, 9
1, 9
0, 9
3, 9
7, 9
0, 9
1, 9
5, 9
3, 9
4, 9
0, 9
1, 9
0, 9
2, 9
0, 9
5, 9
0, 9
1, 9
3, 9
5, 9
1, 9
3, 9
1, 9
1, 9
1, 9
1, 9
0, 9
7, 9
3, 9
1, 9
1, 9
0, 9
1, 9
0, 9
3, 9
27, 27
1, 27
3, 27
9, 27
1, 27
2, 27
4, 27
1, 27
6, 27
12, 27
2, 27
3, 27
3, 27
0, 27
14, 27
28, 28
9, 28
0, 28
3, 28
10, 28
1, 28
9, 28
34, 34
68, 68
15, 68
65, 68
15, 68
4, 68
46, 68
7, 68
15, 68
14, 68
17, 68
49, 68
11, 68
2, 68
11, 68
11, 68
4, 68
2, 68
1, 68
2, 68
2, 68
0, 68
1, 68
3, 68
0, 68
3, 68
3, 68
0, 68
10, 68
8, 68
0, 68
12, 68
0, 68
2, 68
22, 68
3, 68
5, 68
1, 68
4, 68
19, 68
21, 68
8, 68
30, 68
19, 68
10, 68
1, 68
7, 68
2, 68
45, 68
21, 68
30, 68
2001, 2001
2001, 2001
2001, 2001
2001, 2001
2001, 2001
2001, 2001
2001, 2001
2001, 2001
2001, 2001
2001, 2001
2001, 2001
2001, 2001
2001, 2001
2001, 2001
2001, 2001
2001, 2001
2001, 2001
2001, 2001
2001, 2001
2001, 2001
2001, 2001
2001, 2001
2001, 2001
2001, 2001
2001, 2001
2001, 2001
2001, 2001
2001, 2001
2001, 2001
2001, 2001
2001, 2001
2001, 2001
2001, 2001
2001, 2001
2001, 2001
2001, 2001
2001, 2001
2001, 2001
2001, 2001
2001, 2001
2001, 2001
2001, 2001
2001, 2001
2001, 2001
2001, 2001
2001, 2001
2001, 2001
2001, 2001
2001, 2001
2001, 2001
2001, 2001
2001, 2001
2001, 2001
2001, 2001
2001, 2001
2001, 2001
2001, 2001
2001, 2001
2001, 2001
2001, 2001
2001, 2001
2001, 2001
2001, 2001
2001, 2001
2001, 2001
2001, 2001
2001, 2001
2001, 2001
2001, 2001
2001, 2001
2001, 2001
2001, 2001
2001, 2001
2001, 2001
2001, 2001
2001, 2001
