#Algorithm: ExpectedSARSA, Speed: 1, Boost: 3, PM: True, Env size: (20, 20), Car size: (3, 2),
#Counter: 100, Nsteps: 10000000, Gamma: 1, LearnRate: 0.01, Eps: 0.5, Epsdecay: 0.9
0, 0
15, 15
6, 15
2, 15
9, 15
5, 15
7, 15
16, 16
68, 68
46, 68
205, 205
1241, 1241
1412, 1412
708, 1412
45, 1412
21, 1412
102, 1412
216, 1412
1429, 1429
1412, 1429
1467, 1467
1418, 1467
1402, 1467
1447, 1467
1408, 1467
1409, 1467
1417, 1467
1402, 1467
1410, 1467
1435, 1467
1411, 1467
1407, 1467
1439, 1467
1407, 1467
1416, 1467
1403, 1467
1407, 1467
1416, 1467
1409, 1467
1432, 1467
1406, 1467
1417, 1467
1417, 1467
1402, 1467
1426, 1467
1409, 1467
1416, 1467
1417, 1467
1413, 1467
1425, 1467
1405, 1467
1403, 1467
1411, 1467
1413, 1467
1405, 1467
1405, 1467
1415, 1467
1428, 1467
1430, 1467
1401, 1467
1407, 1467
1401, 1467
1405, 1467
1409, 1467
1401, 1467
1430, 1467
1453, 1467
1447, 1467
1405, 1467
1400, 1467
1413, 1467
1422, 1467
1404, 1467
1421, 1467
1406, 1467
1412, 1467
1422, 1467
1401, 1467
1409, 1467
1418, 1467
1414, 1467
1417, 1467
1417, 1467
1408, 1467
1416, 1467
1418, 1467
1422, 1467
1428, 1467
1409, 1467
1402, 1467
1401, 1467
1451, 1467
1443, 1467
1403, 1467
1407, 1467
1407, 1467
1403, 1467
1403, 1467
1401, 1467
1442, 1467
1405, 1467
1413, 1467
1400, 1467
1420, 1467
1425, 1467
1403, 1467
1411, 1467
1407, 1467
1430, 1467
1424, 1467
1402, 1467
1456, 1467
1437, 1467
1408, 1467
1465, 1467
1404, 1467
1403, 1467
1417, 1467
1415, 1467
1406, 1467
1428, 1467
1413, 1467
1415, 1467
1403, 1467
1400, 1467
1402, 1467
1410, 1467
1455, 1467
1462, 1467
1426, 1467
1406, 1467
1427, 1467
1424, 1467
1407, 1467
1469, 1469
1404, 1469
1406, 1469
1434, 1469
1408, 1469
1406, 1469
1412, 1469
1406, 1469
1419, 1469
1448, 1469
1426, 1469
1444, 1469
1470, 1470
1417, 1470
1418, 1470
1412, 1470
1400, 1470
1401, 1470
1411, 1470
1412, 1470
1411, 1470
1420, 1470
1421, 1470
1452, 1470
1420, 1470
1426, 1470
1400, 1470
1423, 1470
1405, 1470
1476, 1476
1435, 1476
1400, 1476
1404, 1476
1404, 1476
1406, 1476
1404, 1476
1405, 1476
1418, 1476
1441, 1476
1452, 1476
1449, 1476
1429, 1476
1403, 1476
1412, 1476
1431, 1476
1411, 1476
1403, 1476
1409, 1476
1425, 1476
1407, 1476
1404, 1476
1483, 1483
1414, 1483
1413, 1483
1412, 1483
1421, 1483
1422, 1483
1400, 1483
1405, 1483
1405, 1483
1410, 1483
1424, 1483
1401, 1483
1412, 1483
1417, 1483
1426, 1483
#Algorithm: ExpectedSARSA, Speed: 1, Boost: 3, PM: True, Env size: (20, 20), Car size: (3, 2),
#Counter: 100, Nsteps: 10000000, Gamma: 1, LearnRate: 0.01, Eps: 0.5, Epsdecay: 0.9
1, 1
2, 2
20, 20
0, 20
8, 20
6, 20
34, 34
49, 49
208, 208
1426, 1426
701, 1426
31, 1426
17, 1426
7, 1426
218, 1426
1243, 1426
1220, 1426
1411, 1426
1407, 1426
1416, 1426
1414, 1426
1423, 1426
1417, 1426
1400, 1426
1408, 1426
1402, 1426
1408, 1426
1412, 1426
1403, 1426
1421, 1426
1403, 1426
1408, 1426
1420, 1426
1444, 1444
1413, 1444
1404, 1444
1435, 1444
1431, 1444
1400, 1444
1405, 1444
1459, 1459
1410, 1459
1403, 1459
1404, 1459
1423, 1459
1418, 1459
1429, 1459
1408, 1459
1401, 1459
1466, 1466
1419, 1466
1406, 1466
1403, 1466
1434, 1466
1422, 1466
1412, 1466
1404, 1466
1450, 1466
1400, 1466
1406, 1466
1418, 1466
1401, 1466
1410, 1466
1405, 1466
1407, 1466
1452, 1466
1422, 1466
1421, 1466
1412, 1466
1411, 1466
1432, 1466
1406, 1466
1400, 1466
1416, 1466
1423, 1466
1410, 1466
1420, 1466
1423, 1466
1400, 1466
1438, 1466
1402, 1466
1412, 1466
1405, 1466
1407, 1466
1402, 1466
1410, 1466
1420, 1466
1409, 1466
1404, 1466
1402, 1466
1402, 1466
1419, 1466
1420, 1466
1438, 1466
1417, 1466
1400, 1466
1414, 1466
1402, 1466
1405, 1466
1423, 1466
1401, 1466
1423, 1466
1402, 1466
1412, 1466
1431, 1466
1431, 1466
1449, 1466
1400, 1466
1426, 1466
1411, 1466
1403, 1466
1420, 1466
1414, 1466
1402, 1466
1405, 1466
1414, 1466
1440, 1466
1424, 1466
1438, 1466
1403, 1466
1421, 1466
1415, 1466
1433, 1466
1435, 1466
1422, 1466
1413, 1466
1403, 1466
1421, 1466
1411, 1466
1411, 1466
1414, 1466
1403, 1466
1401, 1466
1400, 1466
1434, 1466
1406, 1466
1434, 1466
1406, 1466
1441, 1466
1489, 1489
1435, 1489
1474, 1489
1425, 1489
1410, 1489
1405, 1489
1431, 1489
1422, 1489
1403, 1489
1429, 1489
1486, 1489
1444, 1489
1413, 1489
1438, 1489
1404, 1489
1419, 1489
1407, 1489
1401, 1489
1419, 1489
1416, 1489
1415, 1489
1466, 1489
1412, 1489
1421, 1489
1401, 1489
1407, 1489
1420, 1489
1407, 1489
1404, 1489
1405, 1489
1486, 1489
1402, 1489
1486, 1489
1404, 1489
1435, 1489
1404, 1489
1406, 1489
1422, 1489
1401, 1489
1442, 1489
1407, 1489
1431, 1489
1410, 1489
1416, 1489
1415, 1489
1452, 1489
1411, 1489
1412, 1489
1454, 1489
1416, 1489
1407, 1489
1432, 1489
1405, 1489
1412, 1489
1414, 1489
1415, 1489
1443, 1489
1402, 1489
1403, 1489
1407, 1489
1481, 1489
#Algorithm: ExpectedSARSA, Speed: 1, Boost: 3, PM: True, Env size: (20, 20), Car size: (3, 2),
#Counter: 100, Nsteps: 10000000, Gamma: 1, LearnRate: 0.01, Eps: 0.5, Epsdecay: 0.9
8, 8
0, 8
6, 8
25, 25
25, 25
7, 25
40, 40
19, 40
229, 229
1212, 1212
1400, 1400
709, 1400
0, 1400
20, 1400
25, 1400
225, 1400
1419, 1419
1402, 1419
1463, 1463
1402, 1463
1456, 1463
1419, 1463
1406, 1463
1444, 1463
1411, 1463
1411, 1463
1405, 1463
1410, 1463
1408, 1463
1408, 1463
1406, 1463
1415, 1463
1441, 1463
1400, 1463
1405, 1463
1400, 1463
1428, 1463
1400, 1463
1411, 1463
1443, 1463
1420, 1463
1416, 1463
1407, 1463
1403, 1463
1407, 1463
1410, 1463
1445, 1463
1443, 1463
1404, 1463
1422, 1463
1409, 1463
1469, 1469
1473, 1473
1413, 1473
1402, 1473
1401, 1473
1406, 1473
1414, 1473
1403, 1473
1435, 1473
1407, 1473
1424, 1473
1422, 1473
1417, 1473
1407, 1473
1423, 1473
1403, 1473
1420, 1473
1401, 1473
1401, 1473
1408, 1473
1423, 1473
1413, 1473
1430, 1473
1406, 1473
1403, 1473
1415, 1473
1441, 1473
1403, 1473
1436, 1473
1414, 1473
1416, 1473
1414, 1473
1418, 1473
1408, 1473
1422, 1473
1451, 1473
1402, 1473
1400, 1473
1404, 1473
1400, 1473
1405, 1473
1410, 1473
1451, 1473
1416, 1473
1415, 1473
1447, 1473
1415, 1473
1406, 1473
1467, 1473
1400, 1473
1434, 1473
1402, 1473
1466, 1473
1434, 1473
1403, 1473
1414, 1473
1433, 1473
1421, 1473
1402, 1473
1430, 1473
1443, 1473
1429, 1473
1407, 1473
1413, 1473
1423, 1473
1400, 1473
1403, 1473
1419, 1473
1500, 1500
1437, 1500
1413, 1500
1443, 1500
1410, 1500
1402, 1500
1417, 1500
1419, 1500
1431, 1500
1400, 1500
1406, 1500
1408, 1500
1417, 1500
1402, 1500
1431, 1500
1444, 1500
1405, 1500
1405, 1500
1400, 1500
1413, 1500
1426, 1500
1444, 1500
1410, 1500
1415, 1500
1417, 1500
1406, 1500
1418, 1500
1424, 1500
1417, 1500
1401, 1500
1442, 1500
1428, 1500
1411, 1500
1405, 1500
1410, 1500
1407, 1500
1408, 1500
1457, 1500
1425, 1500
1415, 1500
1434, 1500
1406, 1500
1406, 1500
1425, 1500
1431, 1500
1420, 1500
1404, 1500
1431, 1500
1402, 1500
1414, 1500
1407, 1500
1404, 1500
1405, 1500
1404, 1500
1401, 1500
1416, 1500
1443, 1500
1421, 1500
1429, 1500
1406, 1500
1425, 1500
1430, 1500
1402, 1500
1412, 1500
1408, 1500
1410, 1500
1410, 1500
1407, 1500
1401, 1500
1408, 1500
1405, 1500
1417, 1500
1449, 1500
1424, 1500
1407, 1500
1432, 1500
1410, 1500
1436, 1500
1405, 1500
1418, 1500
1422, 1500
#Algorithm: ExpectedSARSA, Speed: 1, Boost: 3, PM: True, Env size: (20, 20), Car size: (3, 2),
#Counter: 100, Nsteps: 10000000, Gamma: 1, LearnRate: 0.01, Eps: 0.5, Epsdecay: 0.9
1, 1
0, 1
0, 1
6, 6
3, 6
1, 6
58, 58
71, 71
1416, 1416
607, 1416
726, 1416
14, 1416
13, 1416
11, 1416
230, 1416
1453, 1453
1400, 1453
1460, 1460
1345, 1460
1312, 1460
1406, 1460
1407, 1460
1464, 1464
1405, 1464
1430, 1464
1408, 1464
1419, 1464
1401, 1464
1429, 1464
1419, 1464
1411, 1464
1422, 1464
1408, 1464
1412, 1464
1418, 1464
1451, 1464
1418, 1464
1404, 1464
1427, 1464
1402, 1464
1429, 1464
1412, 1464
1450, 1464
1415, 1464
1444, 1464
1411, 1464
1414, 1464
1402, 1464
1401, 1464
1416, 1464
1400, 1464
1409, 1464
1420, 1464
1436, 1464
1418, 1464
1406, 1464
1439, 1464
1436, 1464
1454, 1464
1400, 1464
1478, 1478
1452, 1478
1401, 1478
1435, 1478
1405, 1478
1401, 1478
1441, 1478
1405, 1478
1423, 1478
1435, 1478
1406, 1478
1401, 1478
1414, 1478
1416, 1478
1449, 1478
1403, 1478
1414, 1478
1405, 1478
1443, 1478
1402, 1478
1454, 1478
1429, 1478
1410, 1478
1401, 1478
1425, 1478
1404, 1478
1415, 1478
1402, 1478
1415, 1478
1406, 1478
1404, 1478
1411, 1478
1401, 1478
1418, 1478
1428, 1478
1407, 1478
1406, 1478
1400, 1478
1407, 1478
1403, 1478
1419, 1478
1421, 1478
1444, 1478
1404, 1478
1416, 1478
1435, 1478
1415, 1478
1410, 1478
1403, 1478
1411, 1478
1415, 1478
1418, 1478
1400, 1478
1425, 1478
1416, 1478
1424, 1478
1505, 1505
1436, 1505
1420, 1505
1413, 1505
1434, 1505
1401, 1505
1402, 1505
1425, 1505
1405, 1505
1402, 1505
1430, 1505
1425, 1505
1406, 1505
1431, 1505
1407, 1505
1400, 1505
1401, 1505
1416, 1505
1412, 1505
1405, 1505
1433, 1505
1411, 1505
1412, 1505
1442, 1505
1445, 1505
1424, 1505
1400, 1505
1416, 1505
1412, 1505
1418, 1505
1414, 1505
1404, 1505
1442, 1505
1418, 1505
1416, 1505
1406, 1505
1406, 1505
1407, 1505
1429, 1505
1443, 1505
1419, 1505
1446, 1505
1426, 1505
1404, 1505
1407, 1505
1455, 1505
1402, 1505
1431, 1505
1422, 1505
1407, 1505
1446, 1505
1432, 1505
1447, 1505
1432, 1505
1408, 1505
1407, 1505
1432, 1505
1440, 1505
1403, 1505
1403, 1505
1418, 1505
1405, 1505
1410, 1505
1404, 1505
1403, 1505
1408, 1505
1420, 1505
1406, 1505
1419, 1505
1417, 1505
1413, 1505
1403, 1505
1400, 1505
1412, 1505
1410, 1505
1430, 1505
1405, 1505
1461, 1505
1429, 1505
1454, 1505
1464, 1505
1439, 1505
1400, 1505
1400, 1505
#Algorithm: ExpectedSARSA, Speed: 1, Boost: 3, PM: True, Env size: (20, 20), Car size: (3, 2),
#Counter: 100, Nsteps: 10000000, Gamma: 1, LearnRate: 0.01, Eps: 0.5, Epsdecay: 0.9
6, 6
11, 11
0, 11
16, 16
13, 16
12, 16
4, 16
37, 37
46, 46
208, 208
1418, 1418
701, 1418
93, 1418
1, 1418
7, 1418
210, 1418
1405, 1418
740, 1418
1406, 1418
1406, 1418
1412, 1418
1405, 1418
1470, 1470
1403, 1470
1408, 1470
1409, 1470
1419, 1470
1429, 1470
1474, 1474
1410, 1474
1412, 1474
1419, 1474
1444, 1474
1408, 1474
1407, 1474
1409, 1474
1400, 1474
1453, 1474
1426, 1474
1417, 1474
1406, 1474
1409, 1474
1432, 1474
1421, 1474
1407, 1474
1404, 1474
1456, 1474
1411, 1474
1424, 1474
1401, 1474
1420, 1474
1400, 1474
1453, 1474
1409, 1474
1404, 1474
1405, 1474
1402, 1474
1415, 1474
1400, 1474
1403, 1474
1407, 1474
1435, 1474
1415, 1474
1456, 1474
1426, 1474
1441, 1474
1408, 1474
1402, 1474
1421, 1474
1402, 1474
1402, 1474
1442, 1474
1423, 1474
1406, 1474
1451, 1474
1413, 1474
1411, 1474
1436, 1474
1421, 1474
1417, 1474
1401, 1474
1407, 1474
1404, 1474
1419, 1474
1454, 1474
1421, 1474
1404, 1474
1413, 1474
1408, 1474
1406, 1474
1401, 1474
1406, 1474
1411, 1474
1402, 1474
1406, 1474
1409, 1474
1404, 1474
1400, 1474
1403, 1474
1412, 1474
1432, 1474
1405, 1474
1411, 1474
1416, 1474
1407, 1474
1439, 1474
1416, 1474
1406, 1474
1401, 1474
1438, 1474
1401, 1474
1406, 1474
1409, 1474
1440, 1474
1413, 1474
1426, 1474
1403, 1474
1404, 1474
1410, 1474
1430, 1474
1401, 1474
1413, 1474
1415, 1474
1424, 1474
1409, 1474
1410, 1474
1404, 1474
1418, 1474
1407, 1474
1458, 1474
1402, 1474
1425, 1474
1442, 1474
1414, 1474
1438, 1474
1412, 1474
1408, 1474
1411, 1474
1401, 1474
1408, 1474
1416, 1474
1412, 1474
1436, 1474
1436, 1474
1425, 1474
1444, 1474
1409, 1474
1416, 1474
1431, 1474
1400, 1474
1404, 1474
1401, 1474
1409, 1474
1413, 1474
1419, 1474
1426, 1474
1410, 1474
1420, 1474
1443, 1474
1437, 1474
1409, 1474
1410, 1474
1454, 1474
1428, 1474
1446, 1474
1419, 1474
1400, 1474
1401, 1474
1400, 1474
1432, 1474
1405, 1474
1491, 1491
1403, 1491
1409, 1491
1461, 1491
1408, 1491
1403, 1491
1405, 1491
1405, 1491
1405, 1491
1438, 1491
1403, 1491
1432, 1491
1447, 1491
1423, 1491
1415, 1491
1402, 1491
1405, 1491
1414, 1491
1413, 1491
1440, 1491
1416, 1491
1422, 1491
1402, 1491
1412, 1491
1416, 1491
1401, 1491
1413, 1491
1421, 1491
1414, 1491
