#Algorithm: Qlearning, Speed: 1, Boost: 3, PM: True, Env size: (20, 20), Car size: (3, 2),
#Counter: 100, Nsteps: 1000000, Gamma: 1, LearnRate: 0.01, Eps: 0.5, Epsdecay: 0.9
2, 2
2, 2
1, 2
2, 2
31, 31
1, 31
5, 31
4, 31
1423, 1423
602, 1423
620, 1423
715, 1423
158, 1423
0, 1423
55, 1423
246, 1423
732, 1423
1221, 1423
1403, 1423
1418, 1423
1414, 1423
1424, 1424
1418, 1424
1439, 1439
1454, 1454
1400, 1454
1424, 1454
1401, 1454
1414, 1454
1409, 1454
1400, 1454
1417, 1454
1420, 1454
1404, 1454
1437, 1454
1404, 1454
1440, 1454
1403, 1454
1403, 1454
1413, 1454
1417, 1454
1413, 1454
1406, 1454
1402, 1454
1421, 1454
1404, 1454
1418, 1454
1405, 1454
1418, 1454
1485, 1485
1404, 1485
1402, 1485
1427, 1485
1441, 1485
1402, 1485
1422, 1485
1420, 1485
1417, 1485
1400, 1485
1436, 1485
1446, 1485
1404, 1485
1423, 1485
1434, 1485
1414, 1485
1408, 1485
1424, 1485
1407, 1485
1411, 1485
1423, 1485
1410, 1485
1462, 1485
1439, 1485
1412, 1485
1411, 1485
1426, 1485
1418, 1485
1436, 1485
1439, 1485
1410, 1485
1425, 1485
1413, 1485
1405, 1485
1407, 1485
1402, 1485
1413, 1485
1406, 1485
1416, 1485
1412, 1485
1409, 1485
1445, 1485
1414, 1485
1405, 1485
1417, 1485
1429, 1485
1423, 1485
1405, 1485
1425, 1485
1416, 1485
1400, 1485
1432, 1485
1400, 1485
1433, 1485
1446, 1485
1406, 1485
1416, 1485
1415, 1485
1406, 1485
1415, 1485
1404, 1485
1424, 1485
1403, 1485
1409, 1485
1419, 1485
1428, 1485
1413, 1485
1431, 1485
1411, 1485
1407, 1485
1411, 1485
1410, 1485
1460, 1485
1413, 1485
1423, 1485
1432, 1485
1462, 1485
1403, 1485
1405, 1485
1436, 1485
1401, 1485
1414, 1485
1423, 1485
1423, 1485
1401, 1485
1418, 1485
1422, 1485
1430, 1485
1433, 1485
1426, 1485
1401, 1485
1400, 1485
1403, 1485
1419, 1485
1426, 1485
1414, 1485
1400, 1485
1458, 1485
1415, 1485
1405, 1485
1407, 1485
1416, 1485
1414, 1485
1411, 1485
1401, 1485
1435, 1485
1456, 1485
