#Algorithm: SARSA, Speed: 1, Boost: 4, PM: True, Env size: (20, 20), Car size: (5, 4),
#Counter: 100, Nsteps: 10000000, Gamma: 1, LearnRate: 0.01, Eps: 0.5, Epsdecay: 0.9
204, 204
200, 204
202, 204
202, 204
200, 204
208, 208
200, 208
201, 208
209, 209
203, 209
205, 209
205, 209
200, 209
201, 209
200, 209
206, 209
203, 209
200, 209
205, 209
201, 209
200, 209
200, 209
205, 209
202, 209
213, 213
201, 213
200, 213
205, 213
201, 213
200, 213
204, 213
204, 213
201, 213
203, 213
203, 213
201, 213
203, 213
211, 213
204, 213
203, 213
201, 213
203, 213
205, 213
202, 213
205, 213
204, 213
202, 213
203, 213
200, 213
201, 213
200, 213
200, 213
204, 213
204, 213
200, 213
200, 213
202, 213
200, 213
201, 213
201, 213
206, 213
203, 213
222, 222
200, 222
207, 222
200, 222
201, 222
215, 222
213, 222
201, 222
202, 222
201, 222
202, 222
201, 222
207, 222
208, 222
200, 222
203, 222
203, 222
204, 222
200, 222
201, 222
200, 222
206, 222
202, 222
200, 222
207, 222
200, 222
209, 222
204, 222
201, 222
202, 222
201, 222
202, 222
201, 222
203, 222
200, 222
201, 222
203, 222
212, 222
200, 222
200, 222
202, 222
204, 222
206, 222
201, 222
202, 222
206, 222
201, 222
202, 222
203, 222
200, 222
204, 222
201, 222
204, 222
200, 222
202, 222
208, 222
201, 222
222, 222
201, 222
200, 222
201, 222
200, 222
202, 222
205, 222
202, 222
205, 222
200, 222
204, 222
217, 222
205, 222
202, 222
204, 222
201, 222
201, 222
205, 222
202, 222
200, 222
206, 222
204, 222
200, 222
200, 222
207, 222
208, 222
205, 222
202, 222
201, 222
200, 222
201, 222
204, 222
211, 222
201, 222
200, 222
200, 222
200, 222
206, 222
204, 222
201, 222
200, 222
203, 222
204, 222
202, 222
203, 222
201, 222
207, 222
202, 222
201, 222
200, 222
213, 222
203, 222
203, 222
200, 222
200, 222
202, 222
202, 222
200, 222
200, 222
202, 222
201, 222
204, 222
205, 222
206, 222
202, 222
206, 222
203, 222
200, 222
210, 222
204, 222
200, 222
201, 222
200, 222
203, 222
210, 222
206, 222
204, 222
214, 222
206, 222
202, 222
207, 222
200, 222
210, 222
201, 222
200, 222
201, 222
203, 222
202, 222
201, 222
213, 222
201, 222
204, 222
200, 222
201, 222
200, 222
201, 222
201, 222
202, 222
201, 222
201, 222
209, 222
200, 222
203, 222
207, 222
205, 222
201, 222
203, 222
201, 222
202, 222
200, 222
201, 222
200, 222
203, 222
212, 222
204, 222
200, 222
201, 222
204, 222
202, 222
203, 222
202, 222
201, 222
203, 222
204, 222
203, 222
202, 222
210, 222
201, 222
200, 222
200, 222
201, 222
205, 222
200, 222
209, 222
202, 222
202, 222
204, 222
207, 222
204, 222
206, 222
200, 222
201, 222
201, 222
212, 222
201, 222
203, 222
200, 222
202, 222
200, 222
202, 222
201, 222
200, 222
203, 222
200, 222
202, 222
202, 222
204, 222
200, 222
200, 222
202, 222
203, 222
202, 222
201, 222
205, 222
206, 222
202, 222
200, 222
202, 222
201, 222
202, 222
203, 222
201, 222
201, 222
203, 222
210, 222
204, 222
204, 222
208, 222
202, 222
200, 222
201, 222
200, 222
207, 222
201, 222
206, 222
200, 222
201, 222
203, 222
208, 222
200, 222
202, 222
200, 222
201, 222
201, 222
206, 222
203, 222
201, 222
201, 222
205, 222
201, 222
203, 222
203, 222
201, 222
205, 222
201, 222
202, 222
200, 222
205, 222
200, 222
201, 222
206, 222
203, 222
200, 222
202, 222
204, 222
204, 222
209, 222
204, 222
207, 222
211, 222
212, 222
210, 222
203, 222
204, 222
202, 222
202, 222
202, 222
201, 222
201, 222
200, 222
200, 222
203, 222
209, 222
200, 222
200, 222
201, 222
212, 222
202, 222
203, 222
203, 222
201, 222
200, 222
200, 222
202, 222
200, 222
201, 222
200, 222
201, 222
207, 222
204, 222
204, 222
209, 222
201, 222
206, 222
203, 222
203, 222
206, 222
201, 222
200, 222
203, 222
202, 222
203, 222
200, 222
200, 222
200, 222
204, 222
200, 222
201, 222
201, 222
219, 222
206, 222
202, 222
203, 222
210, 222
200, 222
200, 222
201, 222
202, 222
203, 222
207, 222
202, 222
201, 222
200, 222
207, 222
204, 222
200, 222
203, 222
214, 222
201, 222
211, 222
202, 222
200, 222
200, 222
206, 222
203, 222
200, 222
209, 222
205, 222
200, 222
201, 222
202, 222
200, 222
203, 222
201, 222
204, 222
200, 222
200, 222
212, 222
203, 222
213, 222
211, 222
204, 222
204, 222
203, 222
201, 222
210, 222
202, 222
229, 229
304, 304
253, 304
210, 304
213, 304
214, 304
304, 304
275, 304
209, 304
213, 304
225, 304
304, 304
304, 304
244, 304
240, 304
211, 304
224, 304
223, 304
304, 304
319, 319
300, 319
304, 319
304, 319
500, 500
202, 500
272, 500
210, 500
245, 500
218, 500
231, 500
225, 500
235, 500
217, 500
261, 500
249, 500
282, 500
284, 500
279, 500
207, 500
246, 500
205, 500
208, 500
295, 500
306, 500
214, 500
513, 513
317, 513
320, 513
341, 513
394, 513
501, 513
201, 513
302, 513
207, 513
216, 513
200, 513
249, 513
189, 513
171, 513
108, 513
100, 513
269, 513
343, 513
239, 513
254, 513
214, 513
206, 513
288, 513
234, 513
316, 513
310, 513
324, 513
505, 513
307, 513
223, 513
283, 513
186, 513
336, 513
501, 513
225, 513
94, 513
301, 513
124, 513
301, 513
224, 513
304, 513
313, 513
326, 513
331, 513
336, 513
393, 513
504, 513
202, 513
207, 513
250, 513
306, 513
323, 513
342, 513
374, 513
500, 513
398, 513
345, 513
501, 513
206, 513
298, 513
314, 513
320, 513
366, 513
501, 513
314, 513
504, 513
120, 513
204, 513
114, 513
101, 513
114, 513
153, 513
220, 513
207, 513
205, 513
244, 513
220, 513
216, 513
138, 513
8, 513
230, 513
51, 513
229, 513
240, 513
39, 513
151, 513
3, 513
167, 513
153, 513
107, 513
113, 513
226, 513
156, 513
207, 513
247, 513
308, 513
318, 513
300, 513
512, 513
209, 513
217, 513
208, 513
302, 513
240, 513
228, 513
238, 513
260, 513
286, 513
280, 513
174, 513
128, 513
86, 513
5, 513
0, 513
100, 513
118, 513
247, 513
236, 513
17, 513
243, 513
3, 513
24, 513
331, 513
320, 513
353, 513
359, 513
384, 513
393, 513
61, 513
502, 513
501, 513
210, 513
209, 513
230, 513
207, 513
247, 513
214, 513
161, 513
211, 513
199, 513
173, 513
103, 513
106, 513
221, 513
283, 513
247, 513
111, 513
12, 513
3, 513
346, 513
206, 513
303, 513
323, 513
18, 513
4, 513
4, 513
365, 513
287, 513
340, 513
501, 513
215, 513
217, 513
54, 513
229, 513
233, 513
231, 513
280, 513
313, 513
261, 513
364, 513
512, 513
218, 513
301, 513
305, 513
213, 513
306, 513
346, 513
356, 513
382, 513
273, 513
505, 513
99, 513
2, 513
8, 513
3, 513
147, 513
52, 513
500, 513
216, 513
209, 513
317, 513
502, 513
153, 513
44, 513
206, 513
207, 513
223, 513
298, 513
301, 513
228, 513
307, 513
255, 513
380, 513
307, 513
415, 513
413, 513
421, 513
346, 513
286, 513
389, 513
504, 513
222, 513
171, 513
208, 513
227, 513
248, 513
218, 513
122, 513
67, 513
1, 513
53, 513
120, 513
102, 513
287, 513
231, 513
143, 513
330, 513
202, 513
9, 513
3, 513
36, 513
107, 513
225, 513
218, 513
231, 513
318, 513
336, 513
302, 513
338, 513
305, 513
456, 513
501, 513
513, 513
208, 513
321, 513
212, 513
245, 513
319, 513
502, 513
117, 513
61, 513
10, 513
100, 513
66, 513
108, 513
233, 513
66, 513
0, 513
122, 513
279, 513
116, 513
339, 513
240, 513
281, 513
101, 513
136, 513
212, 513
164, 513
235, 513
277, 513
289, 513
316, 513
302, 513
316, 513
344, 513
315, 513
501, 513
171, 513
104, 513
103, 513
210, 513
204, 513
209, 513
214, 513
304, 513
218, 513
220, 513
104, 513
20, 513
8, 513
2, 513
245, 513
223, 513
267, 513
4, 513
88, 513
225, 513
96, 513
226, 513
279, 513
188, 513
117, 513
100, 513
152, 513
298, 513
208, 513
317, 513
264, 513
301, 513
307, 513
226, 513
320, 513
339, 513
502, 513
182, 513
200, 513
200, 513
125, 513
3, 513
235, 513
142, 513
205, 513
314, 513
7, 513
1, 513
13, 513
180, 513
106, 513
113, 513
201, 513
237, 513
349, 513
186, 513
225, 513
301, 513
505, 513
195, 513
206, 513
169, 513
223, 513
293, 513
222, 513
215, 513
211, 513
306, 513
305, 513
373, 513
503, 513
238, 513
235, 513
32, 513
0, 513
76, 513
247, 513
105, 513
1, 513
304, 513
11, 513
376, 513
321, 513
275, 513
318, 513
301, 513
383, 513
507, 513
320, 513
502, 513
256, 513
209, 513
62, 513
222, 513
254, 513
146, 513
110, 513
105, 513
231, 513
231, 513
201, 513
314, 513
290, 513
270, 513
288, 513
302, 513
334, 513
503, 513
114, 513
227, 513
276, 513
176, 513
71, 513
0, 513
279, 513
22, 513
4, 513
44, 513
182, 513
132, 513
103, 513
205, 513
304, 513
229, 513
227, 513
286, 513
151, 513
272, 513
309, 513
308, 513
304, 513
302, 513
343, 513
507, 513
161, 513
219, 513
187, 513
212, 513
218, 513
234, 513
307, 513
376, 513
224, 513
211, 513
172, 513
107, 513
109, 513
102, 513
0, 513
204, 513
15, 513
249, 513
230, 513
58, 513
307, 513
323, 513
2, 513
2, 513
503, 513
231, 513
269, 513
275, 513
208, 513
117, 513
246, 513
106, 513
256, 513
241, 513
106, 513
288, 513
328, 513
212, 513
501, 513
300, 513
272, 513
59, 513
1, 513
58, 513
166, 513
111, 513
108, 513
244, 513
145, 513
228, 513
137, 513
5, 513
280, 513
221, 513
106, 513
218, 513
321, 513
280, 513
216, 513
226, 513
302, 513
330, 513
504, 513
321, 513
500, 513
186, 513
146, 513
290, 513
239, 513
303, 513
309, 513
270, 513
397, 513
225, 513
501, 513
145, 513
0, 513
246, 513
59, 513
123, 513
107, 513
101, 513
300, 513
242, 513
213, 513
45, 513
0, 513
260, 513
10, 513
301, 513
328, 513
265, 513
421, 513
247, 513
394, 513
433, 513
319, 513
337, 513
327, 513
395, 513
412, 513
366, 513
413, 513
336, 513
505, 513
138, 513
228, 513
200, 513
208, 513
205, 513
223, 513
199, 513
114, 513
105, 513
167, 513
252, 513
252, 513
282, 513
209, 513
162, 513
1, 513
19, 513
227, 513
174, 513
248, 513
4, 513
4, 513
218, 513
87, 513
302, 513
320, 513
350, 513
264, 513
500, 513
267, 513
41, 513
215, 513
199, 513
119, 513
101, 513
230, 513
154, 513
277, 513
203, 513
250, 513
228, 513
239, 513
78, 513
102, 513
179, 513
28, 513
3, 513
174, 513
189, 513
136, 513
300, 513
304, 513
251, 513
0, 513
86, 513
301, 513
323, 513
223, 513
317, 513
336, 513
511, 513
209, 513
244, 513
120, 513
100, 513
106, 513
232, 513
207, 513
103, 513
213, 513
238, 513
233, 513
223, 513
179, 513
303, 513
193, 513
206, 513
37, 513
2, 513
140, 513
131, 513
221, 513
142, 513
172, 513
139, 513
150, 513
108, 513
102, 513
107, 513
321, 513
173, 513
1, 513
32, 513
211, 513
244, 513
302, 513
300, 513
210, 513
306, 513
309, 513
390, 513
504, 513
240, 513
232, 513
174, 513
148, 513
211, 513
175, 513
262, 513
222, 513
304, 513
484, 513
331, 513
131, 513
3, 513
348, 513
7, 513
290, 513
401, 513
348, 513
322, 513
401, 513
369, 513
331, 513
502, 513
263, 513
1, 513
3, 513
37, 513
201, 513
216, 513
173, 513
104, 513
141, 513
219, 513
225, 513
274, 513
283, 513
196, 513
190, 513
254, 513
290, 513
210, 513
222, 513
314, 513
218, 513
332, 513
392, 513
481, 513
260, 513
230, 513
289, 513
387, 513
469, 513
313, 513
271, 513
403, 513
388, 513
323, 513
45, 513
365, 513
15, 513
0, 513
427, 513
490, 513
1, 513
145, 513
351, 513
509, 513
202, 513
138, 513
101, 513
110, 513
208, 513
237, 513
209, 513
220, 513
170, 513
232, 513
200, 513
328, 513
289, 513
161, 513
222, 513
167, 513
265, 513
102, 513
110, 513
209, 513
219, 513
152, 513
109, 513
113, 513
280, 513
312, 513
187, 513
1, 513
19, 513
185, 513
307, 513
303, 513
283, 513
328, 513
315, 513
340, 513
316, 513
415, 513
255, 513
504, 513
209, 513
115, 513
208, 513
1, 513
3, 513
33, 513
117, 513
9, 513
244, 513
233, 513
307, 513
500, 513
269, 513
217, 513
217, 513
257, 513
186, 513
106, 513
100, 513
189, 513
296, 513
219, 513
91, 513
6, 513
78, 513
368, 513
264, 513
52, 513
0, 513
228, 513
239, 513
292, 513
320, 513
312, 513
301, 513
313, 513
306, 513
349, 513
430, 513
315, 513
404, 513
408, 513
513, 513
122, 513
256, 513
243, 513
219, 513
209, 513
202, 513
117, 513
54, 513
169, 513
223, 513
169, 513
146, 513
103, 513
103, 513
203, 513
204, 513
181, 513
203, 513
314, 513
314, 513
18, 513
10, 513
255, 513
300, 513
330, 513
238, 513
330, 513
419, 513
513, 513
301, 513
200, 513
234, 513
9, 513
61, 513
203, 513
409, 513
208, 513
342, 513
363, 513
304, 513
405, 513
417, 513
374, 513
395, 513
208, 513
507, 513
259, 513
173, 513
105, 513
105, 513
229, 513
54, 513
122, 513
206, 513
211, 513
171, 513
205, 513
215, 513
219, 513
316, 513
151, 513
6, 513
281, 513
354, 513
334, 513
240, 513
344, 513
314, 513
335, 513
315, 513
466, 513
430, 513
3, 513
180, 513
377, 513
437, 513
377, 513
403, 513
400, 513
399, 513
201, 513
234, 513
212, 513
201, 513
216, 513
234, 513
202, 513
344, 513
310, 513
474, 513
269, 513
411, 513
356, 513
347, 513
337, 513
402, 513
456, 513
353, 513
379, 513
498, 513
403, 513
330, 513
30, 513
0, 513
12, 513
26, 513
13, 513
324, 513
22, 513
408, 513
511, 513
158, 513
201, 513
208, 513
208, 513
203, 513
201, 513
194, 513
112, 513
101, 513
211, 513
208, 513
101, 513
204, 513
202, 513
220, 513
250, 513
225, 513
219, 513
108, 513
210, 513
16, 513
223, 513
338, 513
295, 513
336, 513
254, 513
459, 513
387, 513
139, 513
1, 513
311, 513
79, 513
185, 513
1, 513
446, 513
400, 513
350, 513
1, 513
374, 513
373, 513
320, 513
405, 513
372, 513
498, 513
500, 513
125, 513
108, 513
102, 513
235, 513
171, 513
220, 513
219, 513
213, 513
211, 513
218, 513
206, 513
123, 513
200, 513
221, 513
217, 513
154, 513
111, 513
156, 513
213, 513
160, 513
107, 513
89, 513
0, 513
123, 513
295, 513
50, 513
93, 513
203, 513
226, 513
134, 513
217, 513
144, 513
142, 513
280, 513
273, 513
15, 513
5, 513
5, 513
209, 513
311, 513
233, 513
355, 513
361, 513
499, 513
402, 513
333, 513
310, 513
345, 513
416, 513
473, 513
160, 513
211, 513
203, 513
202, 513
203, 513
161, 513
110, 513
101, 513
224, 513
219, 513
40, 513
157, 513
210, 513
259, 513
15, 513
1, 513
1, 513
229, 513
353, 513
277, 513
2, 513
234, 513
299, 513
500, 513
115, 513
302, 513
345, 513
132, 513
116, 513
195, 513
205, 513
201, 513
257, 513
223, 513
307, 513
234, 513
271, 513
354, 513
301, 513
300, 513
454, 513
354, 513
229, 513
464, 513
206, 513
391, 513
421, 513
369, 513
141, 513
170, 513
156, 513
100, 513
112, 513
189, 513
204, 513
93, 513
0, 513
143, 513
209, 513
207, 513
139, 513
212, 513
431, 513
75, 513
112, 513
0, 513
340, 513
376, 513
307, 513
501, 513
200, 513
213, 513
213, 513
203, 513
272, 513
233, 513
223, 513
255, 513
246, 513
257, 513
461, 513
303, 513
327, 513
6, 513
427, 513
306, 513
412, 513
371, 513
309, 513
463, 513
415, 513
416, 513
12, 513
445, 513
27, 513
1, 513
105, 513
228, 513
177, 513
3, 513
42, 513
34, 513
219, 513
209, 513
206, 513
212, 513
250, 513
304, 513
224, 513
320, 513
368, 513
215, 513
315, 513
333, 513
303, 513
491, 513
346, 513
402, 513
305, 513
327, 513
416, 513
452, 513
232, 513
503, 513
51, 513
19, 513
4, 513
192, 513
205, 513
202, 513
203, 513
225, 513
203, 513
105, 513
3, 513
130, 513
204, 513
15, 513
200, 513
233, 513
1, 513
9, 513
206, 513
330, 513
309, 513
337, 513
368, 513
431, 513
407, 513
332, 513
402, 513
344, 513
339, 513
448, 513
373, 513
501, 513
327, 513
359, 513
169, 513
244, 513
494, 513
103, 513
357, 513
420, 513
410, 513
401, 513
417, 513
444, 513
131, 513
339, 513
333, 513
500, 513
119, 513
200, 513
183, 513
0, 513
94, 513
7, 513
159, 513
209, 513
239, 513
50, 513
223, 513
129, 513
205, 513
209, 513
231, 513
206, 513
192, 513
126, 513
116, 513
224, 513
210, 513
209, 513
189, 513
202, 513
262, 513
136, 513
168, 513
164, 513
125, 513
160, 513
136, 513
230, 513
212, 513
210, 513
309, 513
294, 513
318, 513
502, 513
204, 513
63, 513
3, 513
40, 513
169, 513
101, 513
107, 513
205, 513
205, 513
211, 513
220, 513
1, 513
58, 513
0, 513
201, 513
268, 513
220, 513
221, 513
70, 513
211, 513
212, 513
159, 513
118, 513
125, 513
195, 513
216, 513
170, 513
241, 513
200, 513
202, 513
74, 513
193, 513
101, 513
132, 513
304, 513
278, 513
248, 513
201, 513
219, 513
305, 513
309, 513
368, 513
501, 513
332, 513
300, 513
500, 513
135, 513
6, 513
150, 513
3, 513
206, 513
165, 513
204, 513
2, 513
207, 513
222, 513
8, 513
213, 513
208, 513
219, 513
209, 513
214, 513
93, 513
315, 513
233, 513
249, 513
305, 513
224, 513
406, 513
412, 513
326, 513
306, 513
460, 513
352, 513
413, 513
170, 513
316, 513
333, 513
504, 513
221, 513
212, 513
79, 513
0, 513
24, 513
208, 513
188, 513
10, 513
5, 513
135, 513
305, 513
406, 513
362, 513
484, 513
405, 513
240, 513
381, 513
314, 513
411, 513
404, 513
405, 513
392, 513
431, 513
415, 513
360, 513
186, 513
204, 513
200, 513
204, 513
234, 513
220, 513
204, 513
211, 513
200, 513
101, 513
103, 513
117, 513
164, 513
204, 513
206, 513
232, 513
127, 513
315, 513
206, 513
21, 513
0, 513
224, 513
197, 513
250, 513
252, 513
490, 513
269, 513
9, 513
321, 513
366, 513
353, 513
338, 513
499, 513
426, 513
433, 513
323, 513
8, 513
324, 513
502, 513
200, 513
204, 513
201, 513
112, 513
101, 513
108, 513
193, 513
201, 513
208, 513
233, 513
201, 513
208, 513
230, 513
231, 513
157, 513
250, 513
213, 513
162, 513
2, 513
190, 513
244, 513
176, 513
120, 513
140, 513
156, 513
189, 513
201, 513
192, 513
109, 513
6, 513
9, 513
100, 513
26, 513
211, 513
236, 513
266, 513
228, 513
310, 513
317, 513
305, 513
306, 513
500, 513
53, 513
278, 513
216, 513
215, 513
176, 513
210, 513
200, 513
242, 513
150, 513
213, 513
103, 513
178, 513
0, 513
112, 513
247, 513
151, 513
173, 513
122, 513
148, 513
210, 513
184, 513
37, 513
2, 513
208, 513
211, 513
102, 513
115, 513
201, 513
249, 513
200, 513
273, 513
135, 513
250, 513
218, 513
306, 513
219, 513
412, 513
336, 513
387, 513
335, 513
370, 513
484, 513
201, 513
167, 513
122, 513
229, 513
153, 513
247, 513
336, 513
205, 513
265, 513
287, 513
507, 513
203, 513
29, 513
6, 513
202, 513
3, 513
185, 513
100, 513
111, 513
213, 513
237, 513
242, 513
179, 513
148, 513
230, 513
17, 513
26, 513
16, 513
200, 513
241, 513
116, 513
283, 513
136, 513
223, 513
234, 513
264, 513
256, 513
218, 513
267, 513
301, 513
205, 513
379, 513
382, 513
488, 513
322, 513
503, 513
206, 513
86, 513
222, 513
200, 513
237, 513
109, 513
1, 513
113, 513
107, 513
117, 513
276, 513
18, 513
253, 513
230, 513
14, 513
202, 513
12, 513
254, 513
211, 513
102, 513
167, 513
209, 513
140, 513
211, 513
254, 513
206, 513
57, 513
300, 513
409, 513
346, 513
379, 513
391, 513
359, 513
307, 513
505, 513
198, 513
114, 513
112, 513
236, 513
210, 513
69, 513
2, 513
215, 513
5, 513
170, 513
46, 513
213, 513
215, 513
324, 513
177, 513
9, 513
28, 513
108, 513
202, 513
238, 513
5, 513
183, 513
220, 513
205, 513
220, 513
249, 513
285, 513
322, 513
402, 513
304, 513
358, 513
512, 513
140, 513
211, 513
7, 513
129, 513
102, 513
156, 513
198, 513
317, 513
241, 513
290, 513
311, 513
346, 513
310, 513
328, 513
502, 513
102, 513
100, 513
103, 513
213, 513
201, 513
228, 513
165, 513
103, 513
1, 513
9, 513
152, 513
236, 513
147, 513
128, 513
227, 513
165, 513
64, 513
206, 513
264, 513
79, 513
237, 513
203, 513
250, 513
170, 513
102, 513
103, 513
242, 513
312, 513
122, 513
301, 513
190, 513
297, 513
333, 513
251, 513
260, 513
359, 513
323, 513
338, 513
301, 513
331, 513
494, 513
202, 513
215, 513
203, 513
201, 513
313, 513
90, 513
1, 513
295, 513
364, 513
306, 513
1, 513
17, 513
63, 513
342, 513
372, 513
56, 513
312, 513
352, 513
483, 513
370, 513
349, 513
397, 513
320, 513
412, 513
375, 513
373, 513
376, 513
496, 513
385, 513
337, 513
348, 513
374, 513
465, 513
510, 513
196, 513
111, 513
124, 513
208, 513
135, 513
106, 513
0, 513
218, 513
200, 513
9, 513
221, 513
159, 513
207, 513
208, 513
201, 513
189, 513
30, 513
77, 513
3, 513
114, 513
105, 513
200, 513
213, 513
221, 513
125, 513
209, 513
174, 513
15, 513
210, 513
55, 513
166, 513
202, 513
180, 513
303, 513
281, 513
264, 513
343, 513
446, 513
314, 513
345, 513
500, 513
309, 513
150, 513
363, 513
296, 513
7, 513
387, 513
116, 513
5, 513
66, 513
381, 513
503, 513
207, 513
179, 513
309, 513
422, 513
367, 513
403, 513
450, 513
298, 513
331, 513
449, 513
501, 513
137, 513
107, 513
107, 513
209, 513
194, 513
204, 513
206, 513
200, 513
200, 513
306, 513
417, 513
299, 513
304, 513
402, 513
371, 513
485, 513
391, 513
276, 513
337, 513
440, 513
335, 513
351, 513
343, 513
7, 513
149, 513
502, 513
70, 513
22, 513
205, 513
140, 513
100, 513
106, 513
4, 513
156, 513
278, 513
212, 513
201, 513
211, 513
206, 513
187, 513
205, 513
202, 513
209, 513
200, 513
135, 513
213, 513
190, 513
104, 513
110, 513
200, 513
202, 513
215, 513
222, 513
110, 513
174, 513
229, 513
317, 513
225, 513
321, 513
317, 513
476, 513
391, 513
463, 513
23, 513
0, 513
60, 513
16, 513
19, 513
202, 513
229, 513
61, 513
188, 513
215, 513
231, 513
215, 513
315, 513
235, 513
229, 513
380, 513
501, 513
8, 513
345, 513
465, 513
106, 513
408, 513
342, 513
368, 513
208, 513
119, 513
104, 513
222, 513
133, 513
138, 513
109, 513
204, 513
226, 513
206, 513
201, 513
151, 513
234, 513
496, 513
389, 513
80, 513
37, 513
0, 513
34, 513
1, 513
270, 513
339, 513
446, 513
302, 513
312, 513
502, 513
458, 513
373, 513
149, 513
401, 513
402, 513
447, 513
352, 513
339, 513
480, 513
38, 513
344, 513
500, 513
201, 513
206, 513
192, 513
3, 513
142, 513
303, 513
349, 513
379, 513
399, 513
202, 513
23, 513
0, 513
13, 513
165, 513
100, 513
101, 513
204, 513
160, 513
209, 513
200, 513
202, 513
228, 513
200, 513
121, 513
142, 513
215, 513
167, 513
213, 513
219, 513
264, 513
262, 513
380, 513
377, 513
11, 513
288, 513
361, 513
484, 513
377, 513
101, 513
115, 513
105, 513
200, 513
208, 513
146, 513
217, 513
201, 513
159, 513
301, 513
307, 513
359, 513
215, 513
307, 513
471, 513
154, 513
56, 513
2, 513
368, 513
406, 513
284, 513
15, 513
439, 513
163, 513
448, 513
501, 513
327, 513
314, 513
411, 513
308, 513
354, 513
393, 513
408, 513
387, 513
467, 513
330, 513
380, 513
452, 513
194, 513
433, 513
418, 513
407, 513
480, 513
351, 513
501, 513
83, 513
35, 513
200, 513
212, 513
144, 513
0, 513
174, 513
203, 513
217, 513
6, 513
26, 513
1, 513
208, 513
203, 513
177, 513
217, 513
196, 513
105, 513
104, 513
209, 513
146, 513
155, 513
224, 513
200, 513
208, 513
237, 513
229, 513
313, 513
109, 513
311, 513
494, 513
411, 513
323, 513
223, 513
320, 513
346, 513
372, 513
509, 513
210, 513
179, 513
207, 513
210, 513
15, 513
209, 513
219, 513
199, 513
101, 513
162, 513
201, 513
230, 513
205, 513
171, 513
181, 513
231, 513
216, 513
6, 513
164, 513
216, 513
202, 513
212, 513
221, 513
94, 513
7, 513
220, 513
57, 513
196, 513
215, 513
60, 513
161, 513
41, 513
102, 513
103, 513
100, 513
184, 513
262, 513
206, 513
211, 513
210, 513
210, 513
133, 513
296, 513
218, 513
212, 513
452, 513
365, 513
338, 513
383, 513
363, 513
355, 513
171, 513
2, 513
216, 513
137, 513
202, 513
204, 513
149, 513
30, 513
2, 513
407, 513
500, 513
221, 513
327, 513
398, 513
482, 513
318, 513
377, 513
337, 513
450, 513
424, 513
305, 513
471, 513
474, 513
305, 513
277, 513
476, 513
327, 513
436, 513
405, 513
308, 513
380, 513
404, 513
404, 513
305, 513
420, 513
428, 513
206, 513
2, 513
507, 513
176, 513
97, 513
0, 513
0, 513
216, 513
204, 513
91, 513
206, 513
217, 513
203, 513
201, 513
206, 513
107, 513
102, 513
102, 513
205, 513
218, 513
211, 513
206, 513
172, 513
240, 513
70, 513
214, 513
66, 513
207, 513
209, 513
216, 513
216, 513
318, 513
224, 513
215, 513
346, 513
435, 513
388, 513
359, 513
332, 513
468, 513
423, 513
303, 513
411, 513
284, 513
1, 513
453, 513
129, 513
0, 513
34, 513
397, 513
191, 513
200, 513
202, 513
129, 513
117, 513
124, 513
213, 513
123, 513
217, 513
205, 513
217, 513
346, 513
370, 513
205, 513
339, 513
365, 513
371, 513
384, 513
218, 513
68, 513
219, 513
160, 513
300, 513
350, 513
381, 513
182, 513
90, 513
7, 513
174, 513
108, 513
102, 513
198, 513
108, 513
200, 513
200, 513
176, 513
232, 513
3, 513
179, 513
311, 513
355, 513
433, 513
352, 513
137, 513
211, 513
333, 513
317, 513
214, 513
502, 513
360, 513
300, 513
440, 513
308, 513
421, 513
204, 513
342, 513
283, 513
450, 513
403, 513
279, 513
414, 513
354, 513
385, 513
503, 513
47, 513
6, 513
57, 513
67, 513
6, 513
193, 513
68, 513
119, 513
181, 513
77, 513
104, 513
202, 513
153, 513
122, 513
134, 513
116, 513
63, 513
188, 513
5, 513
291, 513
303, 513
303, 513
388, 513
356, 513
502, 513
163, 513
203, 513
299, 513
313, 513
452, 513
375, 513
472, 513
209, 513
200, 513
144, 513
2, 513
178, 513
141, 513
100, 513
128, 513
195, 513
189, 513
222, 513
203, 513
201, 513
215, 513
179, 513
22, 513
223, 513
60, 513
152, 513
5, 513
186, 513
207, 513
224, 513
200, 513
219, 513
312, 513
333, 513
339, 513
391, 513
360, 513
511, 513
170, 513
69, 513
315, 513
348, 513
357, 513
399, 513
506, 513
171, 513
110, 513
104, 513
206, 513
211, 513
212, 513
174, 513
224, 513
217, 513
229, 513
202, 513
223, 513
38, 513
2, 513
30, 513
247, 513
222, 513
167, 513
11, 513
0, 513
33, 513
208, 513
201, 513
102, 513
111, 513
115, 513
263, 513
171, 513
214, 513
215, 513
205, 513
212, 513
237, 513
238, 513
79, 513
159, 513
211, 513
202, 513
205, 513
179, 513
327, 513
311, 513
371, 513
510, 513
374, 513
407, 513
6, 513
202, 513
231, 513
10, 513
0, 513
63, 513
235, 513
127, 513
0, 513
236, 513
435, 513
100, 513
105, 513
114, 513
212, 513
149, 513
122, 513
206, 513
203, 513
212, 513
120, 513
204, 513
220, 513
216, 513
321, 513
360, 513
395, 513
451, 513
258, 513
430, 513
382, 513
346, 513
481, 513
261, 513
244, 513
400, 513
354, 513
215, 513
204, 513
202, 513
189, 513
243, 513
162, 513
102, 513
110, 513
232, 513
203, 513
164, 513
171, 513
5, 513
188, 513
172, 513
225, 513
220, 513
286, 513
304, 513
371, 513
439, 513
402, 513
214, 513
205, 513
235, 513
237, 513
200, 513
258, 513
288, 513
214, 513
434, 513
359, 513
502, 513
71, 513
1, 513
202, 513
203, 513
217, 513
224, 513
236, 513
203, 513
433, 513
345, 513
324, 513
342, 513
336, 513
413, 513
376, 513
338, 513
413, 513
437, 513
396, 513
238, 513
200, 513
151, 513
100, 513
112, 513
204, 513
206, 513
202, 513
65, 513
139, 513
232, 513
224, 513
218, 513
21, 513
0, 513
7, 513
286, 513
223, 513
228, 513
312, 513
339, 513
472, 513
502, 513
70, 513
0, 513
31, 513
347, 513
336, 513
418, 513
312, 513
337, 513
478, 513
369, 513
381, 513
374, 513
365, 513
432, 513
433, 513
327, 513
240, 513
505, 513
302, 513
273, 513
330, 513
356, 513
471, 513
183, 513
0, 513
31, 513
1, 513
439, 513
371, 513
418, 513
402, 513
3, 513
347, 513
408, 513
355, 513
490, 513
412, 513
200, 513
111, 513
208, 513
205, 513
208, 513
225, 513
208, 513
159, 513
109, 513
116, 513
208, 513
200, 513
225, 513
101, 513
214, 513
200, 513
225, 513
186, 513
305, 513
312, 513
312, 513
309, 513
407, 513
497, 513
309, 513
308, 513
485, 513
305, 513
400, 513
309, 513
505, 513
16, 513
0, 513
55, 513
203, 513
198, 513
107, 513
103, 513
203, 513
207, 513
200, 513
217, 513
115, 513
167, 513
23, 513
4, 513
210, 513
226, 513
223, 513
181, 513
212, 513
281, 513
202, 513
406, 513
482, 513
290, 513
466, 513
405, 513
240, 513
200, 513
208, 513
39, 513
253, 513
115, 513
1, 513
208, 513
264, 513
303, 513
319, 513
328, 513
344, 513
411, 513
308, 513
400, 513
299, 513
353, 513
417, 513
438, 513
267, 513
4, 513
505, 513
40, 513
112, 513
200, 513
216, 513
364, 513
201, 513
126, 513
211, 513
203, 513
218, 513
208, 513
200, 513
10, 513
318, 513
159, 513
214, 513
242, 513
201, 513
200, 513
304, 513
317, 513
362, 513
483, 513
413, 513
109, 513
117, 513
101, 513
112, 513
215, 513
202, 513
76, 513
0, 513
103, 513
145, 513
210, 513
135, 513
200, 513
171, 513
140, 513
247, 513
3, 513
39, 513
339, 513
250, 513
241, 513
258, 513
203, 513
458, 513
208, 513
213, 513
308, 513
302, 513
500, 513
355, 513
15, 513
349, 513
360, 513
402, 513
288, 513
510, 513
400, 513
310, 513
404, 513
500, 513
19, 513
146, 513
5, 513
270, 513
51, 513
2, 513
497, 513
32, 513
197, 513
346, 513
351, 513
508, 513
115, 513
117, 513
108, 513
201, 513
208, 513
205, 513
161, 513
210, 513
207, 513
205, 513
202, 513
7, 513
221, 513
12, 513
204, 513
219, 513
207, 513
130, 513
138, 513
102, 513
126, 513
203, 513
230, 513
255, 513
204, 513
237, 513
190, 513
186, 513
203, 513
245, 513
215, 513
221, 513
300, 513
341, 513
296, 513
330, 513
477, 513
149, 513
0, 513
296, 513
5, 513
379, 513
427, 513
355, 513
191, 513
363, 513
322, 513
328, 513
475, 513
211, 513
207, 513
211, 513
117, 513
103, 513
103, 513
217, 513
217, 513
200, 513
194, 513
215, 513
214, 513
153, 513
174, 513
283, 513
400, 513
380, 513
200, 513
231, 513
124, 513
494, 513
360, 513
369, 513
346, 513
340, 513
6, 513
206, 513
0, 513
312, 513
444, 513
200, 513
8, 513
179, 513
100, 513
16, 513
105, 513
210, 513
202, 513
207, 513
190, 513
63, 513
175, 513
162, 513
207, 513
200, 513
202, 513
241, 513
260, 513
294, 513
232, 513
333, 513
311, 513
335, 513
500, 513
187, 513
189, 513
300, 513
384, 513
488, 513
270, 513
356, 513
362, 513
393, 513
326, 513
404, 513
475, 513
204, 513
222, 513
170, 513
2, 513
91, 513
102, 513
105, 513
108, 513
212, 513
220, 513
207, 513
155, 513
295, 513
1, 513
0, 513
80, 513
272, 513
501, 513
436, 513
184, 513
205, 513
215, 513
245, 513
125, 513
107, 513
102, 513
165, 513
218, 513
207, 513
203, 513
201, 513
222, 513
25, 513
2, 513
190, 513
199, 513
182, 513
273, 513
200, 513
281, 513
311, 513
304, 513
308, 513
317, 513
365, 513
374, 513
423, 513
409, 513
171, 513
0, 513
382, 513
497, 513
221, 513
162, 513
203, 513
223, 513
152, 513
100, 513
103, 513
204, 513
214, 513
200, 513
76, 513
206, 513
171, 513
183, 513
251, 513
237, 513
279, 513
485, 513
317, 513
343, 513
339, 513
385, 513
467, 513
391, 513
227, 513
200, 513
227, 513
209, 513
19, 513
0, 513
42, 513
197, 513
153, 513
203, 513
272, 513
331, 513
327, 513
459, 513
100, 513
110, 513
19, 513
12, 513
54, 513
202, 513
145, 513
214, 513
200, 513
359, 513
212, 513
250, 513
310, 513
316, 513
495, 513
303, 513
441, 513
298, 513
413, 513
407, 513
211, 513
404, 513
103, 513
221, 513
210, 513
232, 513
214, 513
181, 513
202, 513
49, 513
1, 513
156, 513
128, 513
101, 513
105, 513
214, 513
205, 513
149, 513
235, 513
211, 513
143, 513
2, 513
13, 513
285, 513
212, 513
341, 513
323, 513
309, 513
313, 513
349, 513
304, 513
348, 513
501, 513
208, 513
206, 513
227, 513
208, 513
225, 513
200, 513
232, 513
232, 513
191, 513
216, 513
201, 513
300, 513
381, 513
406, 513
227, 513
139, 513
116, 513
112, 513
222, 513
221, 513
30, 513
1, 513
118, 513
209, 513
207, 513
310, 513
21, 513
222, 513
235, 513
220, 513
375, 513
316, 513
310, 513
448, 513
382, 513
411, 513
185, 513
0, 513
139, 513
420, 513
515, 515
274, 515
240, 515
434, 515
440, 515
304, 515
302, 515
335, 515
445, 515
408, 515
503, 515
205, 515
201, 515
201, 515
204, 515
315, 515
331, 515
326, 515
306, 515
443, 515
425, 515
363, 515
205, 515
120, 515
116, 515
112, 515
