#Algorithm: Qlearning, Speed: 1, Boost: 5, PM: True, Env size: (20, 20), Car size: (6, 5),
#Counter: 100, Nsteps: 10000000, Gamma: 1, LearnRate: 0.01, Eps: 0.5, Epsdecay: 0.9
0, 0
0, 0
0, 0
0, 0
0, 0
0, 0
8, 8
0, 8
1, 8
0, 8
3, 8
4, 8
26, 26
0, 26
1, 26
0, 26
50, 50
0, 50
0, 50
1, 50
1, 50
8, 50
26, 50
0, 50
50, 50
6, 50
4, 50
4, 50
2, 50
4, 50
5, 50
3, 50
86, 86
6, 86
12, 86
2, 86
1, 86
1, 86
20, 86
6, 86
60, 86
2, 86
3, 86
0, 86
48, 86
4, 86
0, 86
12, 86
129, 129
7, 129
11, 129
23, 129
28, 129
0, 129
32, 129
164, 164
204, 204
202, 204
139, 204
130, 204
118, 204
1, 204
37, 204
110, 204
38, 204
120, 204
206, 206
124, 206
201, 206
11, 206
9, 206
37, 206
220, 220
106, 220
75, 220
7, 220
6, 220
204, 220
207, 220
112, 220
206, 220
189, 220
25, 220
83, 220
117, 220
179, 220
103, 220
117, 220
203, 220
202, 220
203, 220
206, 220
201, 220
159, 220
200, 220
200, 220
101, 220
72, 220
98, 220
200, 220
116, 220
204, 220
205, 220
45, 220
135, 220
38, 220
17, 220
17, 220
106, 220
202, 220
142, 220
200, 220
200, 220
200, 220
160, 220
125, 220
202, 220
123, 220
202, 220
200, 220
202, 220
113, 220
201, 220
11, 220
203, 220
30, 220
33, 220
17, 220
56, 220
201, 220
6, 220
0, 220
5, 220
85, 220
40, 220
2, 220
37, 220
66, 220
25, 220
76, 220
204, 220
208, 220
208, 220
201, 220
200, 220
131, 220
200, 220
112, 220
200, 220
107, 220
205, 220
9, 220
203, 220
104, 220
102, 220
34, 220
127, 220
13, 220
112, 220
201, 220
209, 220
213, 220
32, 220
27, 220
0, 220
190, 220
7, 220
76, 220
12, 220
50, 220
153, 220
203, 220
201, 220
204, 220
207, 220
20, 220
37, 220
129, 220
197, 220
205, 220
111, 220
183, 220
200, 220
200, 220
49, 220
41, 220
166, 220
121, 220
7, 220
37, 220
108, 220
208, 220
34, 220
1, 220
152, 220
207, 220
158, 220
212, 220
201, 220
207, 220
206, 220
115, 220
137, 220
207, 220
208, 220
103, 220
204, 220
201, 220
201, 220
205, 220
196, 220
201, 220
211, 220
139, 220
190, 220
118, 220
158, 220
201, 220
203, 220
172, 220
43, 220
233, 233
137, 233
0, 233
41, 233
2, 233
187, 233
161, 233
202, 233
138, 233
120, 233
165, 233
196, 233
18, 233
202, 233
185, 233
200, 233
200, 233
214, 233
200, 233
184, 233
201, 233
201, 233
150, 233
201, 233
204, 233
143, 233
146, 233
17, 233
165, 233
201, 233
200, 233
175, 233
203, 233
201, 233
202, 233
136, 233
127, 233
47, 233
9, 233
168, 233
23, 233
158, 233
205, 233
152, 233
5, 233
128, 233
201, 233
200, 233
201, 233
196, 233
182, 233
165, 233
200, 233
109, 233
212, 233
214, 233
201, 233
217, 233
128, 233
27, 233
2, 233
181, 233
3, 233
196, 233
179, 233
202, 233
223, 233
122, 233
211, 233
200, 233
200, 233
210, 233
206, 233
121, 233
205, 233
116, 233
210, 233
121, 233
0, 233
13, 233
192, 233
1, 233
56, 233
136, 233
2, 233
15, 233
130, 233
200, 233
129, 233
201, 233
55, 233
13, 233
117, 233
97, 233
201, 233
140, 233
207, 233
200, 233
137, 233
203, 233
200, 233
90, 233
97, 233
109, 233
14, 233
206, 233
176, 233
203, 233
24, 233
1, 233
19, 233
70, 233
29, 233
7, 233
2, 233
201, 233
202, 233
165, 233
111, 233
202, 233
149, 233
178, 233
127, 233
151, 233
205, 233
203, 233
201, 233
202, 233
200, 233
208, 233
210, 233
202, 233
117, 233
156, 233
200, 233
203, 233
206, 233
203, 233
16, 233
165, 233
59, 233
1, 233
123, 233
1, 233
42, 233
172, 233
200, 233
109, 233
105, 233
204, 233
215, 233
203, 233
169, 233
101, 233
186, 233
175, 233
201, 233
122, 233
205, 233
167, 233
152, 233
200, 233
200, 233
201, 233
207, 233
193, 233
14, 233
41, 233
202, 233
200, 233
1, 233
216, 233
177, 233
15, 233
29, 233
30, 233
1, 233
50, 233
2, 233
24, 233
9, 233
169, 233
184, 233
203, 233
51, 233
154, 233
208, 233
201, 233
200, 233
208, 233
200, 233
193, 233
118, 233
111, 233
200, 233
161, 233
204, 233
202, 233
203, 233
203, 233
214, 233
201, 233
143, 233
201, 233
147, 233
102, 233
187, 233
200, 233
214, 233
20, 233
1, 233
200, 233
18, 233
23, 233
204, 233
46, 233
5, 233
6, 233
107, 233
204, 233
200, 233
177, 233
131, 233
209, 233
201, 233
200, 233
200, 233
152, 233
204, 233
191, 233
201, 233
203, 233
148, 233
212, 233
124, 233
125, 233
208, 233
134, 233
38, 233
177, 233
207, 233
17, 233
211, 233
192, 233
155, 233
16, 233
0, 233
8, 233
39, 233
116, 233
205, 233
113, 233
200, 233
201, 233
5, 233
3, 233
28, 233
200, 233
201, 233
89, 233
200, 233
127, 233
93, 233
220, 233
204, 233
206, 233
171, 233
15, 233
171, 233
172, 233
142, 233
7, 233
152, 233
222, 233
108, 233
202, 233
205, 233
201, 233
141, 233
200, 233
194, 233
71, 233
0, 233
46, 233
39, 233
31, 233
8, 233
4, 233
202, 233
201, 233
219, 233
203, 233
41, 233
200, 233
194, 233
3, 233
40, 233
200, 233
167, 233
191, 233
201, 233
201, 233
202, 233
101, 233
109, 233
133, 233
203, 233
115, 233
202, 233
202, 233
201, 233
200, 233
178, 233
58, 233
4, 233
162, 233
4, 233
75, 233
3, 233
201, 233
206, 233
0, 233
201, 233
179, 233
205, 233
105, 233
177, 233
0, 233
122, 233
200, 233
209, 233
68, 233
192, 233
162, 233
138, 233
156, 233
203, 233
207, 233
202, 233
203, 233
23, 233
203, 233
145, 233
5, 233
8, 233
172, 233
21, 233
207, 233
91, 233
0, 233
16, 233
45, 233
6, 233
39, 233
123, 233
202, 233
196, 233
202, 233
200, 233
207, 233
201, 233
83, 233
200, 233
144, 233
116, 233
201, 233
149, 233
214, 233
204, 233
203, 233
212, 233
219, 233
207, 233
200, 233
201, 233
141, 233
203, 233
18, 233
209, 233
24, 233
3, 233
1, 233
0, 233
9, 233
18, 233
212, 233
202, 233
201, 233
202, 233
135, 233
78, 233
183, 233
201, 233
181, 233
32, 233
120, 233
200, 233
200, 233
40, 233
201, 233
184, 233
41, 233
118, 233
106, 233
175, 233
204, 233
219, 233
200, 233
202, 233
209, 233
135, 233
167, 233
1, 233
27, 233
178, 233
211, 233
16, 233
69, 233
1, 233
23, 233
2, 233
0, 233
124, 233
32, 233
115, 233
209, 233
202, 233
204, 233
161, 233
159, 233
134, 233
204, 233
202, 233
174, 233
210, 233
124, 233
207, 233
186, 233
40, 233
211, 233
200, 233
28, 233
39, 233
0, 233
69, 233
27, 233
1, 233
49, 233
203, 233
3, 233
1, 233
35, 233
14, 233
200, 233
208, 233
202, 233
171, 233
132, 233
200, 233
102, 233
215, 233
206, 233
200, 233
190, 233
117, 233
101, 233
133, 233
200, 233
201, 233
8, 233
8, 233
128, 233
201, 233
46, 233
204, 233
18, 233
50, 233
1, 233
57, 233
202, 233
200, 233
4, 233
24, 233
3, 233
209, 233
136, 233
187, 233
194, 233
114, 233
207, 233
200, 233
205, 233
203, 233
182, 233
208, 233
181, 233
200, 233
201, 233
130, 233
208, 233
211, 233
200, 233
69, 233
152, 233
134, 233
149, 233
136, 233
130, 233
168, 233
200, 233
177, 233
5, 233
2, 233
4, 233
46, 233
203, 233
151, 233
29, 233
209, 233
161, 233
173, 233
207, 233
200, 233
166, 233
143, 233
178, 233
15, 233
65, 233
173, 233
115, 233
201, 233
58, 233
13, 233
29, 233
204, 233
202, 233
208, 233
207, 233
0, 233
202, 233
150, 233
201, 233
200, 233
27, 233
204, 233
115, 233
198, 233
113, 233
200, 233
156, 233
158, 233
217, 233
204, 233
209, 233
59, 233
190, 233
200, 233
201, 233
6, 233
17, 233
1, 233
2, 233
25, 233
4, 233
3, 233
66, 233
169, 233
202, 233
227, 233
203, 233
204, 233
200, 233
184, 233
204, 233
185, 233
120, 233
200, 233
108, 233
136, 233
162, 233
210, 233
190, 233
165, 233
215, 233
208, 233
176, 233
201, 233
201, 233
204, 233
103, 233
201, 233
18, 233
0, 233
33, 233
4, 233
0, 233
100, 233
174, 233
10, 233
3, 233
209, 233
200, 233
205, 233
200, 233
208, 233
200, 233
202, 233
201, 233
103, 233
103, 233
186, 233
205, 233
210, 233
126, 233
202, 233
200, 233
79, 233
106, 233
108, 233
200, 233
138, 233
201, 233
203, 233
205, 233
202, 233
202, 233
176, 233
19, 233
9, 233
1, 233
0, 233
2, 233
37, 233
0, 233
40, 233
4, 233
19, 233
200, 233
202, 233
201, 233
86, 233
7, 233
108, 233
189, 233
202, 233
114, 233
131, 233
200, 233
44, 233
200, 233
200, 233
200, 233
136, 233
124, 233
143, 233
200, 233
152, 233
47, 233
0, 233
173, 233
165, 233
5, 233
6, 233
210, 233
201, 233
202, 233
66, 233
0, 233
37, 233
68, 233
200, 233
201, 233
56, 233
73, 233
105, 233
210, 233
210, 233
200, 233
185, 233
154, 233
211, 233
201, 233
209, 233
41, 233
205, 233
215, 233
133, 233
132, 233
173, 233
0, 233
9, 233
155, 233
155, 233
7, 233
201, 233
13, 233
71, 233
204, 233
227, 233
204, 233
148, 233
109, 233
131, 233
203, 233
201, 233
64, 233
38, 233
0, 233
200, 233
170, 233
160, 233
201, 233
200, 233
204, 233
201, 233
207, 233
28, 233
103, 233
3, 233
105, 233
200, 233
211, 233
73, 233
138, 233
105, 233
135, 233
115, 233
201, 233
206, 233
203, 233
16, 233
16, 233
2, 233
69, 233
0, 233
78, 233
200, 233
15, 233
203, 233
202, 233
5, 233
92, 233
15, 233
2, 233
200, 233
201, 233
201, 233
202, 233
202, 233
8, 233
204, 233
139, 233
48, 233
100, 233
131, 233
100, 233
180, 233
55, 233
18, 233
152, 233
59, 233
0, 233
36, 233
44, 233
7, 233
0, 233
200, 233
207, 233
200, 233
106, 233
156, 233
103, 233
203, 233
7, 233
98, 233
142, 233
20, 233
213, 233
54, 233
200, 233
203, 233
115, 233
203, 233
102, 233
202, 233
55, 233
3, 233
55, 233
0, 233
140, 233
148, 233
25, 233
200, 233
200, 233
194, 233
112, 233
141, 233
205, 233
204, 233
202, 233
200, 233
210, 233
155, 233
200, 233
209, 233
132, 233
33, 233
120, 233
180, 233
116, 233
204, 233
200, 233
203, 233
207, 233
203, 233
168, 233
171, 233
0, 233
180, 233
33, 233
0, 233
39, 233
1, 233
204, 233
3, 233
164, 233
203, 233
203, 233
224, 233
202, 233
202, 233
200, 233
203, 233
204, 233
18, 233
1, 233
53, 233
201, 233
215, 233
201, 233
40, 233
8, 233
201, 233
125, 233
208, 233
97, 233
197, 233
58, 233
206, 233
158, 233
209, 233
170, 233
203, 233
28, 233
203, 233
11, 233
1, 233
9, 233
23, 233
0, 233
82, 233
191, 233
177, 233
101, 233
207, 233
136, 233
202, 233
203, 233
200, 233
200, 233
205, 233
200, 233
203, 233
8, 233
100, 233
105, 233
187, 233
216, 233
205, 233
201, 233
17, 233
197, 233
192, 233
200, 233
84, 233
201, 233
162, 233
1, 233
29, 233
172, 233
139, 233
66, 233
0, 233
71, 233
191, 233
131, 233
202, 233
164, 233
205, 233
217, 233
200, 233
202, 233
200, 233
210, 233
201, 233
125, 233
211, 233
200, 233
165, 233
66, 233
206, 233
163, 233
149, 233
210, 233
206, 233
142, 233
200, 233
202, 233
204, 233
200, 233
107, 233
58, 233
3, 233
5, 233
108, 233
116, 233
174, 233
109, 233
168, 233
75, 233
0, 233
47, 233
200, 233
185, 233
203, 233
129, 233
202, 233
211, 233
190, 233
159, 233
205, 233
207, 233
216, 233
154, 233
6, 233
133, 233
200, 233
218, 233
201, 233
201, 233
204, 233
142, 233
44, 233
208, 233
207, 233
153, 233
204, 233
23, 233
89, 233
3, 233
125, 233
108, 233
28, 233
1, 233
183, 233
210, 233
196, 233
202, 233
210, 233
192, 233
36, 233
12, 233
212, 233
202, 233
189, 233
154, 233
3, 233
155, 233
165, 233
201, 233
213, 233
201, 233
203, 233
6, 233
202, 233
201, 233
57, 233
6, 233
99, 233
111, 233
33, 233
100, 233
203, 233
207, 233
200, 233
204, 233
188, 233
183, 233
117, 233
206, 233
207, 233
116, 233
1, 233
126, 233
1, 233
202, 233
28, 233
203, 233
69, 233
141, 233
203, 233
179, 233
180, 233
180, 233
154, 233
209, 233
158, 233
149, 233
202, 233
201, 233
166, 233
214, 233
200, 233
200, 233
208, 233
194, 233
200, 233
122, 233
120, 233
103, 233
148, 233
179, 233
149, 233
202, 233
205, 233
212, 233
201, 233
34, 233
201, 233
162, 233
86, 233
0, 233
211, 233
49, 233
0, 233
2, 233
12, 233
197, 233
203, 233
139, 233
203, 233
134, 233
201, 233
198, 233
16, 233
87, 233
88, 233
21, 233
14, 233
38, 233
185, 233
7, 233
204, 233
200, 233
215, 233
201, 233
157, 233
195, 233
59, 233
9, 233
173, 233
3, 233
13, 233
98, 233
206, 233
214, 233
202, 233
100, 233
111, 233
27, 233
201, 233
99, 233
10, 233
102, 233
70, 233
202, 233
204, 233
205, 233
203, 233
115, 233
203, 233
200, 233
200, 233
140, 233
138, 233
210, 233
201, 233
77, 233
1, 233
95, 233
1, 233
210, 233
0, 233
116, 233
141, 233
159, 233
111, 233
119, 233
202, 233
206, 233
122, 233
138, 233
203, 233
116, 233
195, 233
202, 233
219, 233
201, 233
205, 233
23, 233
180, 233
200, 233
201, 233
200, 233
132, 233
35, 233
5, 233
5, 233
200, 233
210, 233
202, 233
178, 233
138, 233
125, 233
133, 233
5, 233
17, 233
3, 233
1, 233
30, 233
178, 233
136, 233
202, 233
213, 233
202, 233
209, 233
214, 233
174, 233
167, 233
31, 233
212, 233
194, 233
200, 233
212, 233
202, 233
201, 233
3, 233
203, 233
201, 233
200, 233
200, 233
131, 233
140, 233
209, 233
201, 233
202, 233
202, 233
102, 233
114, 233
108, 233
104, 233
102, 233
121, 233
106, 233
106, 233
203, 233
213, 233
204, 233
157, 233
120, 233
22, 233
126, 233
22, 233
204, 233
131, 233
204, 233
60, 233
102, 233
213, 233
25, 233
92, 233
112, 233
3, 233
125, 233
6, 233
26, 233
59, 233
4, 233
202, 233
199, 233
200, 233
202, 233
159, 233
109, 233
202, 233
205, 233
209, 233
208, 233
200, 233
200, 233
4, 233
129, 233
158, 233
115, 233
123, 233
107, 233
98, 233
105, 233
172, 233
207, 233
200, 233
201, 233
148, 233
124, 233
203, 233
6, 233
15, 233
25, 233
2, 233
60, 233
1, 233
111, 233
13, 233
5, 233
207, 233
94, 233
202, 233
155, 233
200, 233
209, 233
149, 233
170, 233
1, 233
203, 233
103, 233
101, 233
194, 233
128, 233
200, 233
206, 233
201, 233
114, 233
207, 233
202, 233
204, 233
112, 233
1, 233
141, 233
204, 233
2, 233
208, 233
38, 233
0, 233
210, 233
85, 233
206, 233
207, 233
144, 233
117, 233
117, 233
200, 233
162, 233
201, 233
200, 233
209, 233
179, 233
138, 233
194, 233
202, 233
202, 233
170, 233
203, 233
13, 233
144, 233
202, 233
139, 233
190, 233
198, 233
114, 233
5, 233
76, 233
9, 233
7, 233
1, 233
202, 233
201, 233
200, 233
200, 233
200, 233
201, 233
200, 233
208, 233
4, 233
43, 233
136, 233
41, 233
159, 233
23, 233
162, 233
202, 233
201, 233
216, 233
194, 233
147, 233
201, 233
199, 233
112, 233
10, 233
4, 233
36, 233
85, 233
0, 233
11, 233
202, 233
80, 233
77, 233
6, 233
177, 233
10, 233
105, 233
130, 233
203, 233
112, 233
211, 233
201, 233
204, 233
204, 233
121, 233
200, 233
109, 233
202, 233
25, 233
115, 233
100, 233
72, 233
206, 233
31, 233
101, 233
187, 233
200, 233
28, 233
41, 233
117, 233
0, 233
62, 233
53, 233
1, 233
1, 233
201, 233
118, 233
136, 233
205, 233
204, 233
200, 233
111, 233
130, 233
115, 233
201, 233
209, 233
204, 233
201, 233
0, 233
207, 233
131, 233
208, 233
206, 233
52, 233
160, 233
225, 233
23, 233
3, 233
63, 233
1, 233
50, 233
8, 233
174, 233
191, 233
147, 233
173, 233
25, 233
143, 233
125, 233
193, 233
200, 233
200, 233
204, 233
203, 233
210, 233
207, 233
202, 233
200, 233
206, 233
133, 233
193, 233
201, 233
200, 233
206, 233
175, 233
116, 233
197, 233
197, 233
200, 233
36, 233
200, 233
123, 233
1, 233
7, 233
1, 233
4, 233
204, 233
80, 233
202, 233
201, 233
200, 233
138, 233
140, 233
181, 233
200, 233
206, 233
167, 233
200, 233
198, 233
205, 233
205, 233
151, 233
200, 233
197, 233
3, 233
131, 233
163, 233
140, 233
206, 233
215, 233
195, 233
109, 233
220, 233
68, 233
36, 233
3, 233
6, 233
2, 233
7, 233
93, 233
148, 233
9, 233
200, 233
56, 233
3, 233
7, 233
34, 233
54, 233
91, 233
3, 233
208, 233
204, 233
200, 233
116, 233
39, 233
115, 233
173, 233
31, 233
140, 233
18, 233
29, 233
150, 233
206, 233
204, 233
204, 233
205, 233
203, 233
183, 233
206, 233
174, 233
60, 233
0, 233
44, 233
200, 233
189, 233
5, 233
210, 233
209, 233
18, 233
212, 233
201, 233
202, 233
182, 233
174, 233
6, 233
199, 233
193, 233
200, 233
142, 233
132, 233
201, 233
202, 233
217, 233
205, 233
151, 233
136, 233
119, 233
146, 233
25, 233
28, 233
0, 233
205, 233
15, 233
0, 233
0, 233
112, 233
183, 233
103, 233
202, 233
143, 233
142, 233
201, 233
200, 233
200, 233
173, 233
124, 233
201, 233
202, 233
127, 233
208, 233
201, 233
208, 233
201, 233
201, 233
118, 233
1, 233
1, 233
110, 233
209, 233
192, 233
104, 233
13, 233
146, 233
155, 233
204, 233
26, 233
1, 233
45, 233
28, 233
0, 233
65, 233
207, 233
127, 233
201, 233
202, 233
204, 233
179, 233
101, 233
6, 233
202, 233
122, 233
211, 233
163, 233
208, 233
201, 233
147, 233
111, 233
208, 233
148, 233
200, 233
203, 233
175, 233
214, 233
31, 233
8, 233
203, 233
11, 233
24, 233
144, 233
2, 233
23, 233
202, 233
205, 233
205, 233
200, 233
206, 233
201, 233
176, 233
200, 233
188, 233
203, 233
203, 233
202, 233
141, 233
8, 233
200, 233
135, 233
174, 233
208, 233
203, 233
128, 233
205, 233
199, 233
24, 233
141, 233
158, 233
209, 233
82, 233
1, 233
57, 233
0, 233
205, 233
170, 233
156, 233
70, 233
200, 233
217, 233
201, 233
202, 233
164, 233
211, 233
203, 233
162, 233
201, 233
209, 233
200, 233
144, 233
132, 233
222, 233
148, 233
22, 233
28, 233
65, 233
200, 233
163, 233
100, 233
215, 233
132, 233
205, 233
48, 233
29, 233
117, 233
205, 233
202, 233
212, 233
154, 233
45, 233
212, 233
189, 233
0, 233
40, 233
44, 233
2, 233
127, 233
201, 233
11, 233
200, 233
46, 233
1, 233
114, 233
215, 233
157, 233
206, 233
201, 233
202, 233
204, 233
128, 233
201, 233
200, 233
60, 233
40, 233
115, 233
166, 233
214, 233
204, 233
200, 233
83, 233
180, 233
169, 233
108, 233
101, 233
200, 233
128, 233
202, 233
200, 233
200, 233
204, 233
201, 233
183, 233
209, 233
104, 233
15, 233
20, 233
0, 233
56, 233
102, 233
201, 233
103, 233
196, 233
0, 233
206, 233
14, 233
136, 233
168, 233
164, 233
212, 233
162, 233
143, 233
195, 233
179, 233
202, 233
141, 233
172, 233
201, 233
157, 233
186, 233
207, 233
203, 233
171, 233
187, 233
201, 233
151, 233
201, 233
212, 233
4, 233
203, 233
203, 233
175, 233
206, 233
179, 233
173, 233
203, 233
202, 233
193, 233
203, 233
205, 233
206, 233
195, 233
204, 233
215, 233
195, 233
13, 233
2, 233
1, 233
13, 233
156, 233
202, 233
220, 233
200, 233
201, 233
203, 233
208, 233
204, 233
210, 233
185, 233
186, 233
100, 233
178, 233
213, 233
208, 233
203, 233
204, 233
208, 233
187, 233
203, 233
201, 233
203, 233
202, 233
221, 233
203, 233
216, 233
202, 233
216, 233
204, 233
32, 233
203, 233
203, 233
200, 233
114, 233
219, 233
224, 233
210, 233
203, 233
200, 233
53, 233
176, 233
207, 233
201, 233
213, 233
200, 233
203, 233
203, 233
166, 233
0, 233
112, 233
201, 233
174, 233
19, 233
17, 233
201, 233
16, 233
0, 233
207, 233
203, 233
200, 233
210, 233
208, 233
204, 233
202, 233
201, 233
202, 233
206, 233
207, 233
201, 233
207, 233
103, 233
207, 233
120, 233
131, 233
165, 233
206, 233
201, 233
214, 233
203, 233
202, 233
201, 233
212, 233
201, 233
202, 233
205, 233
201, 233
216, 233
200, 233
204, 233
204, 233
211, 233
20, 233
206, 233
188, 233
210, 233
214, 233
202, 233
201, 233
72, 233
22, 233
55, 233
13, 233
46, 233
12, 233
111, 233
2, 233
27, 233
6, 233
39, 233
45, 233
21, 233
37, 233
16, 233
206, 233
189, 233
204, 233
207, 233
59, 233
24, 233
111, 233
203, 233
202, 233
205, 233
188, 233
202, 233
28, 233
74, 233
178, 233
77, 233
145, 233
203, 233
200, 233
29, 233
35, 233
139, 233
146, 233
203, 233
200, 233
149, 233
200, 233
38, 233
2, 233
16, 233
54, 233
0, 233
41, 233
208, 233
200, 233
206, 233
94, 233
216, 233
184, 233
201, 233
182, 233
220, 233
158, 233
163, 233
10, 233
105, 233
35, 233
112, 233
41, 233
25, 233
205, 233
201, 233
0, 233
1, 233
93, 233
206, 233
157, 233
120, 233
44, 233
29, 233
5, 233
196, 233
197, 233
3, 233
10, 233
201, 233
117, 233
109, 233
203, 233
106, 233
161, 233
200, 233
206, 233
160, 233
205, 233
44, 233
210, 233
201, 233
150, 233
200, 233
140, 233
69, 233
0, 233
203, 233
150, 233
6, 233
23, 233
149, 233
203, 233
192, 233
197, 233
131, 233
203, 233
211, 233
201, 233
200, 233
200, 233
201, 233
215, 233
223, 233
211, 233
205, 233
168, 233
204, 233
209, 233
205, 233
214, 233
172, 233
198, 233
160, 233
1, 233
5, 233
202, 233
220, 233
203, 233
215, 233
201, 233
204, 233
216, 233
203, 233
165, 233
220, 233
204, 233
219, 233
170, 233
201, 233
207, 233
206, 233
200, 233
206, 233
207, 233
204, 233
202, 233
221, 233
201, 233
2, 233
145, 233
203, 233
3, 233
162, 233
198, 233
147, 233
200, 233
200, 233
203, 233
200, 233
215, 233
210, 233
203, 233
216, 233
200, 233
204, 233
203, 233
204, 233
205, 233
213, 233
200, 233
219, 233
202, 233
210, 233
88, 233
1, 233
187, 233
4, 233
206, 233
203, 233
202, 233
203, 233
200, 233
200, 233
201, 233
201, 233
219, 233
206, 233
200, 233
202, 233
201, 233
207, 233
219, 233
9, 233
210, 233
209, 233
204, 233
206, 233
206, 233
204, 233
217, 233
203, 233
210, 233
208, 233
201, 233
219, 233
168, 233
209, 233
200, 233
201, 233
208, 233
201, 233
215, 233
204, 233
208, 233
218, 233
217, 233
204, 233
129, 233
125, 233
204, 233
204, 233
204, 233
204, 233
33, 233
202, 233
202, 233
207, 233
201, 233
200, 233
201, 233
200, 233
203, 233
203, 233
202, 233
200, 233
204, 233
201, 233
200, 233
203, 233
202, 233
204, 233
208, 233
201, 233
10, 233
200, 233
206, 233
203, 233
19, 233
202, 233
205, 233
201, 233
208, 233
206, 233
214, 233
212, 233
212, 233
230, 233
204, 233
164, 233
26, 233
203, 233
176, 233
201, 233
204, 233
203, 233
228, 233
209, 233
201, 233
207, 233
200, 233
218, 233
204, 233
209, 233
202, 233
204, 233
201, 233
203, 233
200, 233
201, 233
216, 233
201, 233
202, 233
200, 233
203, 233
202, 233
213, 233
206, 233
205, 233
208, 233
204, 233
200, 233
206, 233
202, 233
203, 233
204, 233
222, 233
208, 233
219, 233
214, 233
203, 233
201, 233
201, 233
202, 233
205, 233
203, 233
207, 233
210, 233
205, 233
204, 233
202, 233
200, 233
205, 233
217, 233
202, 233
208, 233
205, 233
207, 233
203, 233
209, 233
207, 233
138, 233
122, 233
214, 233
203, 233
202, 233
201, 233
202, 233
205, 233
201, 233
203, 233
206, 233
209, 233
207, 233
214, 233
209, 233
201, 233
206, 233
216, 233
200, 233
200, 233
201, 233
204, 233
205, 233
201, 233
207, 233
200, 233
204, 233
227, 233
203, 233
204, 233
202, 233
200, 233
209, 233
211, 233
205, 233
206, 233
211, 233
200, 233
201, 233
206, 233
200, 233
204, 233
209, 233
210, 233
202, 233
205, 233
201, 233
209, 233
202, 233
202, 233
203, 233
204, 233
215, 233
214, 233
200, 233
210, 233
214, 233
205, 233
203, 233
200, 233
201, 233
201, 233
202, 233
237, 237
201, 237
206, 237
203, 237
202, 237
232, 237
200, 237
204, 237
212, 237
209, 237
200, 237
208, 237
206, 237
217, 237
202, 237
201, 237
206, 237
206, 237
201, 237
205, 237
200, 237
200, 237
204, 237
201, 237
202, 237
206, 237
212, 237
208, 237
201, 237
201, 237
212, 237
208, 237
201, 237
204, 237
211, 237
201, 237
218, 237
211, 237
202, 237
203, 237
201, 237
204, 237
204, 237
210, 237
207, 237
212, 237
210, 237
205, 237
201, 237
207, 237
201, 237
202, 237
202, 237
201, 237
202, 237
201, 237
205, 237
204, 237
203, 237
209, 237
202, 237
210, 237
207, 237
200, 237
201, 237
200, 237
202, 237
201, 237
208, 237
203, 237
200, 237
202, 237
210, 237
201, 237
201, 237
204, 237
200, 237
203, 237
207, 237
203, 237
201, 237
207, 237
207, 237
204, 237
219, 237
215, 237
225, 237
208, 237
205, 237
202, 237
201, 237
205, 237
202, 237
201, 237
200, 237
227, 237
203, 237
200, 237
207, 237
205, 237
208, 237
202, 237
203, 237
202, 237
209, 237
202, 237
208, 237
201, 237
225, 237
201, 237
203, 237
200, 237
203, 237
203, 237
202, 237
207, 237
211, 237
202, 237
206, 237
207, 237
201, 237
205, 237
206, 237
201, 237
204, 237
206, 237
206, 237
203, 237
216, 237
200, 237
200, 237
207, 237
200, 237
202, 237
200, 237
201, 237
205, 237
213, 237
209, 237
214, 237
210, 237
236, 237
201, 237
203, 237
203, 237
203, 237
207, 237
203, 237
200, 237
201, 237
201, 237
212, 237
208, 237
219, 237
200, 237
202, 237
200, 237
202, 237
208, 237
206, 237
212, 237
202, 237
200, 237
211, 237
200, 237
202, 237
206, 237
209, 237
209, 237
210, 237
202, 237
209, 237
210, 237
200, 237
204, 237
205, 237
212, 237
210, 237
211, 237
201, 237
210, 237
209, 237
203, 237
213, 237
201, 237
204, 237
201, 237
205, 237
200, 237
201, 237
204, 237
223, 237
202, 237
200, 237
204, 237
207, 237
202, 237
203, 237
202, 237
201, 237
206, 237
205, 237
200, 237
205, 237
206, 237
209, 237
200, 237
203, 237
202, 237
203, 237
210, 237
202, 237
220, 237
202, 237
212, 237
204, 237
212, 237
212, 237
200, 237
217, 237
201, 237
217, 237
208, 237
203, 237
201, 237
201, 237
202, 237
201, 237
200, 237
207, 237
200, 237
210, 237
206, 237
202, 237
233, 237
205, 237
201, 237
231, 237
200, 237
202, 237
208, 237
200, 237
200, 237
207, 237
201, 237
219, 237
207, 237
210, 237
200, 237
200, 237
211, 237
205, 237
200, 237
205, 237
213, 237
200, 237
201, 237
228, 237
210, 237
200, 237
203, 237
200, 237
206, 237
216, 237
212, 237
200, 237
202, 237
204, 237
200, 237
207, 237
203, 237
203, 237
202, 237
204, 237
202, 237
201, 237
200, 237
203, 237
204, 237
200, 237
217, 237
200, 237
210, 237
200, 237
201, 237
202, 237
201, 237
200, 237
207, 237
200, 237
202, 237
200, 237
229, 237
206, 237
200, 237
201, 237
206, 237
202, 237
207, 237
218, 237
201, 237
205, 237
205, 237
209, 237
200, 237
205, 237
216, 237
222, 237
203, 237
208, 237
204, 237
211, 237
206, 237
202, 237
204, 237
200, 237
208, 237
206, 237
200, 237
203, 237
203, 237
205, 237
202, 237
213, 237
210, 237
201, 237
209, 237
201, 237
205, 237
200, 237
201, 237
211, 237
206, 237
207, 237
200, 237
204, 237
210, 237
205, 237
201, 237
205, 237
201, 237
205, 237
209, 237
205, 237
208, 237
209, 237
208, 237
202, 237
213, 237
202, 237
202, 237
201, 237
203, 237
227, 237
201, 237
203, 237
200, 237
201, 237
203, 237
202, 237
204, 237
212, 237
208, 237
202, 237
203, 237
208, 237
206, 237
209, 237
200, 237
200, 237
207, 237
258, 258
201, 258
203, 258
204, 258
211, 258
207, 258
203, 258
215, 258
228, 258
202, 258
205, 258
209, 258
201, 258
203, 258
200, 258
200, 258
206, 258
201, 258
207, 258
210, 258
207, 258
204, 258
209, 258
201, 258
224, 258
206, 258
200, 258
206, 258
204, 258
204, 258
205, 258
233, 258
227, 258
203, 258
216, 258
204, 258
201, 258
204, 258
204, 258
200, 258
202, 258
200, 258
214, 258
212, 258
208, 258
209, 258
204, 258
200, 258
200, 258
202, 258
203, 258
204, 258
201, 258
204, 258
205, 258
208, 258
200, 258
200, 258
210, 258
201, 258
204, 258
216, 258
214, 258
204, 258
203, 258
209, 258
208, 258
234, 258
210, 258
200, 258
202, 258
206, 258
210, 258
201, 258
200, 258
203, 258
204, 258
201, 258
216, 258
204, 258
202, 258
205, 258
205, 258
200, 258
207, 258
203, 258
208, 258
211, 258
203, 258
203, 258
200, 258
206, 258
200, 258
207, 258
203, 258
201, 258
200, 258
205, 258
209, 258
200, 258
201, 258
201, 258
201, 258
202, 258
201, 258
200, 258
212, 258
203, 258
204, 258
207, 258
203, 258
203, 258
207, 258
206, 258
202, 258
204, 258
200, 258
205, 258
202, 258
201, 258
200, 258
201, 258
201, 258
207, 258
203, 258
201, 258
207, 258
201, 258
209, 258
202, 258
200, 258
206, 258
205, 258
228, 258
209, 258
204, 258
208, 258
222, 258
206, 258
205, 258
204, 258
204, 258
206, 258
202, 258
202, 258
200, 258
203, 258
206, 258
207, 258
201, 258
200, 258
208, 258
204, 258
205, 258
203, 258
209, 258
224, 258
213, 258
203, 258
204, 258
218, 258
201, 258
201, 258
202, 258
203, 258
208, 258
225, 258
202, 258
208, 258
212, 258
212, 258
204, 258
205, 258
200, 258
205, 258
212, 258
206, 258
201, 258
201, 258
207, 258
201, 258
203, 258
201, 258
203, 258
213, 258
201, 258
201, 258
209, 258
203, 258
202, 258
201, 258
208, 258
200, 258
203, 258
205, 258
201, 258
201, 258
202, 258
213, 258
207, 258
205, 258
205, 258
220, 258
202, 258
216, 258
200, 258
209, 258
206, 258
216, 258
212, 258
200, 258
209, 258
220, 258
202, 258
200, 258
200, 258
202, 258
210, 258
204, 258
202, 258
206, 258
204, 258
211, 258
205, 258
210, 258
209, 258
203, 258
215, 258
207, 258
203, 258
202, 258
204, 258
213, 258
206, 258
201, 258
201, 258
200, 258
200, 258
200, 258
200, 258
201, 258
205, 258
216, 258
202, 258
205, 258
237, 258
204, 258
200, 258
217, 258
209, 258
216, 258
203, 258
201, 258
204, 258
210, 258
212, 258
208, 258
200, 258
204, 258
220, 258
200, 258
200, 258
200, 258
203, 258
201, 258
200, 258
204, 258
218, 258
204, 258
201, 258
200, 258
202, 258
223, 258
207, 258
200, 258
208, 258
200, 258
209, 258
203, 258
201, 258
200, 258
203, 258
212, 258
202, 258
209, 258
224, 258
203, 258
204, 258
200, 258
205, 258
203, 258
212, 258
215, 258
201, 258
202, 258
200, 258
200, 258
204, 258
201, 258
210, 258
203, 258
203, 258
212, 258
210, 258
204, 258
202, 258
205, 258
206, 258
206, 258
213, 258
219, 258
206, 258
200, 258
207, 258
210, 258
213, 258
206, 258
221, 258
200, 258
206, 258
203, 258
203, 258
203, 258
206, 258
213, 258
201, 258
206, 258
221, 258
203, 258
206, 258
203, 258
207, 258
200, 258
201, 258
203, 258
200, 258
201, 258
203, 258
203, 258
203, 258
205, 258
200, 258
201, 258
202, 258
202, 258
211, 258
206, 258
201, 258
202, 258
201, 258
222, 258
209, 258
211, 258
200, 258
200, 258
204, 258
200, 258
202, 258
202, 258
208, 258
200, 258
200, 258
202, 258
204, 258
202, 258
204, 258
203, 258
205, 258
205, 258
203, 258
201, 258
202, 258
207, 258
200, 258
201, 258
202, 258
203, 258
203, 258
205, 258
213, 258
202, 258
203, 258
210, 258
212, 258
201, 258
204, 258
202, 258
207, 258
201, 258
209, 258
202, 258
207, 258
202, 258
200, 258
208, 258
201, 258
208, 258
211, 258
208, 258
214, 258
208, 258
200, 258
223, 258
201, 258
212, 258
201, 258
209, 258
207, 258
205, 258
200, 258
207, 258
207, 258
203, 258
201, 258
200, 258
200, 258
200, 258
200, 258
202, 258
200, 258
201, 258
202, 258
209, 258
203, 258
203, 258
202, 258
206, 258
200, 258
205, 258
217, 258
207, 258
212, 258
201, 258
201, 258
202, 258
201, 258
208, 258
200, 258
202, 258
201, 258
212, 258
213, 258
204, 258
201, 258
200, 258
200, 258
205, 258
203, 258
209, 258
209, 258
206, 258
202, 258
202, 258
204, 258
202, 258
211, 258
201, 258
211, 258
206, 258
223, 258
205, 258
209, 258
211, 258
213, 258
200, 258
203, 258
205, 258
202, 258
201, 258
200, 258
205, 258
233, 258
201, 258
212, 258
203, 258
202, 258
205, 258
202, 258
200, 258
203, 258
223, 258
212, 258
200, 258
201, 258
200, 258
205, 258
241, 258
212, 258
212, 258
221, 258
200, 258
204, 258
206, 258
202, 258
217, 258
209, 258
200, 258
209, 258
207, 258
200, 258
203, 258
216, 258
212, 258
209, 258
203, 258
224, 258
201, 258
208, 258
207, 258
204, 258
217, 258
202, 258
200, 258
210, 258
210, 258
200, 258
203, 258
200, 258
217, 258
208, 258
213, 258
200, 258
204, 258
209, 258
205, 258
201, 258
201, 258
200, 258
222, 258
205, 258
200, 258
217, 258
211, 258
201, 258
210, 258
204, 258
201, 258
204, 258
205, 258
207, 258
211, 258
202, 258
204, 258
217, 258
201, 258
210, 258
203, 258
203, 258
203, 258
204, 258
200, 258
215, 258
206, 258
200, 258
203, 258
205, 258
202, 258
204, 258
200, 258
202, 258
200, 258
202, 258
205, 258
200, 258
204, 258
216, 258
211, 258
200, 258
209, 258
201, 258
211, 258
207, 258
207, 258
207, 258
200, 258
200, 258
201, 258
202, 258
212, 258
202, 258
203, 258
210, 258
208, 258
200, 258
207, 258
209, 258
201, 258
228, 258
207, 258
204, 258
217, 258
204, 258
202, 258
211, 258
204, 258
212, 258
203, 258
218, 258
214, 258
201, 258
216, 258
201, 258
226, 258
201, 258
208, 258
205, 258
200, 258
214, 258
202, 258
204, 258
200, 258
211, 258
201, 258
209, 258
203, 258
201, 258
200, 258
208, 258
202, 258
211, 258
203, 258
211, 258
202, 258
215, 258
201, 258
206, 258
202, 258
201, 258
205, 258
201, 258
205, 258
203, 258
205, 258
213, 258
201, 258
207, 258
209, 258
202, 258
201, 258
205, 258
200, 258
201, 258
200, 258
204, 258
209, 258
213, 258
208, 258
202, 258
200, 258
200, 258
209, 258
206, 258
200, 258
204, 258
200, 258
225, 258
204, 258
206, 258
205, 258
210, 258
206, 258
200, 258
203, 258
214, 258
202, 258
204, 258
202, 258
206, 258
204, 258
219, 258
209, 258
201, 258
203, 258
207, 258
204, 258
207, 258
200, 258
204, 258
204, 258
208, 258
200, 258
202, 258
215, 258
225, 258
208, 258
206, 258
203, 258
201, 258
201, 258
205, 258
214, 258
202, 258
214, 258
202, 258
208, 258
214, 258
201, 258
205, 258
202, 258
206, 258
208, 258
202, 258
202, 258
201, 258
203, 258
200, 258
212, 258
240, 258
217, 258
216, 258
205, 258
200, 258
203, 258
206, 258
200, 258
201, 258
200, 258
202, 258
203, 258
202, 258
215, 258
204, 258
215, 258
234, 258
218, 258
200, 258
200, 258
202, 258
222, 258
201, 258
208, 258
200, 258
204, 258
200, 258
209, 258
217, 258
202, 258
203, 258
211, 258
228, 258
203, 258
203, 258
203, 258
204, 258
200, 258
214, 258
216, 258
202, 258
216, 258
200, 258
215, 258
204, 258
201, 258
201, 258
202, 258
215, 258
200, 258
210, 258
200, 258
200, 258
204, 258
200, 258
215, 258
200, 258
200, 258
206, 258
203, 258
205, 258
202, 258
203, 258
209, 258
202, 258
207, 258
202, 258
220, 258
201, 258
206, 258
201, 258
208, 258
204, 258
225, 258
207, 258
218, 258
205, 258
208, 258
208, 258
201, 258
201, 258
200, 258
200, 258
203, 258
208, 258
210, 258
202, 258
207, 258
201, 258
201, 258
200, 258
204, 258
203, 258
201, 258
207, 258
226, 258
219, 258
202, 258
206, 258
201, 258
207, 258
205, 258
210, 258
202, 258
208, 258
210, 258
203, 258
200, 258
204, 258
204, 258
203, 258
217, 258
208, 258
206, 258
200, 258
207, 258
215, 258
201, 258
203, 258
200, 258
210, 258
201, 258
201, 258
204, 258
203, 258
202, 258
201, 258
204, 258
200, 258
202, 258
206, 258
211, 258
206, 258
206, 258
201, 258
201, 258
201, 258
202, 258
210, 258
201, 258
201, 258
215, 258
208, 258
201, 258
200, 258
203, 258
200, 258
201, 258
200, 258
205, 258
202, 258
203, 258
206, 258
212, 258
201, 258
203, 258
200, 258
207, 258
200, 258
207, 258
202, 258
212, 258
200, 258
204, 258
203, 258
203, 258
205, 258
204, 258
224, 258
214, 258
214, 258
212, 258
203, 258
200, 258
203, 258
215, 258
200, 258
200, 258
201, 258
202, 258
206, 258
205, 258
201, 258
205, 258
207, 258
202, 258
200, 258
208, 258
203, 258
200, 258
206, 258
200, 258
201, 258
212, 258
212, 258
205, 258
203, 258
205, 258
208, 258
205, 258
212, 258
200, 258
209, 258
200, 258
203, 258
204, 258
206, 258
201, 258
202, 258
209, 258
202, 258
207, 258
207, 258
223, 258
213, 258
204, 258
203, 258
207, 258
210, 258
212, 258
211, 258
207, 258
200, 258
202, 258
202, 258
206, 258
208, 258
205, 258
205, 258
203, 258
206, 258
204, 258
205, 258
211, 258
203, 258
201, 258
200, 258
210, 258
200, 258
203, 258
206, 258
211, 258
206, 258
200, 258
204, 258
208, 258
218, 258
214, 258
202, 258
204, 258
204, 258
206, 258
200, 258
202, 258
202, 258
204, 258
205, 258
208, 258
221, 258
203, 258
208, 258
205, 258
204, 258
211, 258
203, 258
200, 258
204, 258
201, 258
207, 258
203, 258
206, 258
203, 258
203, 258
200, 258
201, 258
205, 258
200, 258
211, 258
208, 258
210, 258
209, 258
201, 258
200, 258
209, 258
217, 258
205, 258
205, 258
200, 258
205, 258
215, 258
200, 258
201, 258
200, 258
203, 258
205, 258
252, 258
202, 258
200, 258
208, 258
200, 258
200, 258
200, 258
209, 258
208, 258
211, 258
209, 258
205, 258
207, 258
203, 258
200, 258
203, 258
211, 258
203, 258
200, 258
201, 258
203, 258
203, 258
226, 258
204, 258
201, 258
201, 258
201, 258
214, 258
204, 258
216, 258
203, 258
202, 258
204, 258
203, 258
200, 258
201, 258
201, 258
202, 258
212, 258
202, 258
206, 258
205, 258
204, 258
200, 258
214, 258
206, 258
201, 258
201, 258
204, 258
206, 258
205, 258
206, 258
208, 258
204, 258
203, 258
202, 258
211, 258
201, 258
216, 258
201, 258
211, 258
216, 258
206, 258
203, 258
200, 258
202, 258
202, 258
210, 258
215, 258
204, 258
202, 258
210, 258
215, 258
212, 258
210, 258
201, 258
212, 258
208, 258
206, 258
200, 258
200, 258
201, 258
201, 258
204, 258
206, 258
200, 258
209, 258
202, 258
211, 258
203, 258
208, 258
204, 258
200, 258
202, 258
203, 258
201, 258
240, 258
207, 258
200, 258
204, 258
220, 258
210, 258
201, 258
200, 258
203, 258
202, 258
212, 258
207, 258
200, 258
201, 258
205, 258
203, 258
200, 258
208, 258
200, 258
203, 258
201, 258
203, 258
209, 258
232, 258
203, 258
204, 258
200, 258
202, 258
203, 258
200, 258
200, 258
207, 258
204, 258
