#Algorithm: SARSA, Speed: 1, Boost: 6, PM: True, Env size: (20, 20), Car size: (5, 4),
#Counter: 100, Nsteps: 10000000, Gamma: 1, LearnRate: 0.01, Eps: 0.5, Epsdecay: 0.9
223, 223
203, 223
201, 223
218, 223
212, 223
202, 223
218, 223
201, 223
202, 223
201, 223
206, 223
201, 223
211, 223
204, 223
204, 223
201, 223
207, 223
203, 223
216, 223
214, 223
203, 223
229, 229
202, 229
208, 229
200, 229
212, 229
237, 237
227, 237
204, 237
208, 237
205, 237
215, 237
223, 237
201, 237
201, 237
205, 237
206, 237
214, 237
204, 237
205, 237
211, 237
214, 237
207, 237
202, 237
204, 237
203, 237
204, 237
213, 237
224, 237
226, 237
200, 237
203, 237
201, 237
213, 237
200, 237
204, 237
228, 237
212, 237
215, 237
206, 237
228, 237
215, 237
207, 237
202, 237
206, 237
200, 237
201, 237
200, 237
200, 237
205, 237
201, 237
211, 237
202, 237
218, 237
213, 237
205, 237
207, 237
202, 237
203, 237
206, 237
204, 237
202, 237
202, 237
204, 237
201, 237
201, 237
214, 237
202, 237
207, 237
216, 237
208, 237
204, 237
222, 237
211, 237
201, 237
203, 237
210, 237
202, 237
200, 237
250, 250
221, 250
211, 250
207, 250
208, 250
204, 250
200, 250
204, 250
202, 250
210, 250
202, 250
208, 250
233, 250
221, 250
211, 250
202, 250
207, 250
214, 250
209, 250
210, 250
200, 250
206, 250
209, 250
201, 250
203, 250
206, 250
216, 250
207, 250
216, 250
206, 250
203, 250
221, 250
200, 250
203, 250
201, 250
202, 250
200, 250
214, 250
202, 250
201, 250
205, 250
205, 250
214, 250
209, 250
202, 250
204, 250
205, 250
206, 250
200, 250
204, 250
226, 250
217, 250
202, 250
205, 250
214, 250
203, 250
200, 250
231, 250
208, 250
200, 250
208, 250
225, 250
204, 250
203, 250
203, 250
225, 250
275, 275
222, 275
212, 275
213, 275
225, 275
204, 275
209, 275
207, 275
246, 275
216, 275
211, 275
212, 275
209, 275
202, 275
214, 275
208, 275
205, 275
206, 275
204, 275
206, 275
209, 275
237, 275
206, 275
204, 275
203, 275
208, 275
202, 275
226, 275
214, 275
201, 275
205, 275
204, 275
218, 275
216, 275
208, 275
213, 275
213, 275
201, 275
210, 275
214, 275
205, 275
216, 275
209, 275
203, 275
208, 275
212, 275
205, 275
206, 275
202, 275
209, 275
208, 275
203, 275
201, 275
204, 275
217, 275
213, 275
207, 275
202, 275
210, 275
200, 275
205, 275
203, 275
201, 275
200, 275
203, 275
209, 275
200, 275
200, 275
201, 275
208, 275
225, 275
204, 275
201, 275
200, 275
209, 275
200, 275
217, 275
206, 275
203, 275
200, 275
217, 275
205, 275
202, 275
203, 275
200, 275
221, 275
212, 275
222, 275
201, 275
201, 275
208, 275
206, 275
200, 275
212, 275
207, 275
205, 275
206, 275
213, 275
203, 275
225, 275
221, 275
213, 275
201, 275
205, 275
202, 275
200, 275
202, 275
203, 275
206, 275
218, 275
200, 275
202, 275
219, 275
223, 275
238, 275
201, 275
213, 275
200, 275
210, 275
209, 275
207, 275
200, 275
201, 275
201, 275
202, 275
207, 275
200, 275
206, 275
208, 275
205, 275
200, 275
210, 275
205, 275
216, 275
200, 275
224, 275
211, 275
204, 275
210, 275
303, 303
306, 306
301, 306
310, 310
313, 313
307, 313
300, 313
312, 313
300, 313
300, 313
317, 317
303, 317
302, 317
326, 326
121, 326
252, 326
307, 326
242, 326
301, 326
200, 326
213, 326
302, 326
273, 326
281, 326
308, 326
211, 326
213, 326
301, 326
303, 326
20, 326
7, 326
260, 326
229, 326
205, 326
209, 326
232, 326
204, 326
208, 326
200, 326
201, 326
203, 326
200, 326
211, 326
205, 326
202, 326
209, 326
202, 326
204, 326
225, 326
206, 326
300, 326
226, 326
208, 326
210, 326
229, 326
285, 326
213, 326
236, 326
301, 326
205, 326
305, 326
215, 326
205, 326
212, 326
309, 326
202, 326
325, 326
215, 326
221, 326
206, 326
312, 326
236, 326
316, 326
308, 326
356, 356
504, 504
210, 504
226, 504
203, 504
200, 504
274, 504
211, 504
201, 504
212, 504
200, 504
219, 504
297, 504
299, 504
219, 504
221, 504
315, 504
245, 504
248, 504
219, 504
207, 504
310, 504
205, 504
271, 504
377, 504
221, 504
301, 504
311, 504
333, 504
320, 504
317, 504
357, 504
316, 504
505, 505
109, 505
207, 505
502, 505
303, 505
216, 505
334, 505
340, 505
329, 505
506, 506
162, 506
104, 506
105, 506
201, 506
204, 506
182, 506
2, 506
208, 506
124, 506
208, 506
209, 506
124, 506
19, 506
210, 506
214, 506
155, 506
27, 506
161, 506
303, 506
237, 506
320, 506
132, 506
109, 506
108, 506
211, 506
233, 506
262, 506
313, 506
267, 506
249, 506
222, 506
287, 506
305, 506
334, 506
342, 506
304, 506
362, 506
505, 506
313, 506
327, 506
502, 506
206, 506
204, 506
219, 506
202, 506
207, 506
228, 506
255, 506
311, 506
306, 506
365, 506
281, 506
280, 506
329, 506
506, 506
100, 506
213, 506
260, 506
259, 506
124, 506
0, 506
211, 506
1, 506
109, 506
302, 506
42, 506
217, 506
6, 506
11, 506
165, 506
111, 506
137, 506
209, 506
230, 506
218, 506
239, 506
263, 506
309, 506
385, 506
508, 508
227, 508
321, 508
212, 508
306, 508
305, 508
335, 508
500, 508
324, 508
294, 508
300, 508
501, 508
204, 508
208, 508
204, 508
310, 508
233, 508
224, 508
321, 508
500, 508
123, 508
137, 508
3, 508
44, 508
2, 508
503, 508
100, 508
204, 508
239, 508
298, 508
377, 508
150, 508
241, 508
308, 508
506, 508
116, 508
307, 508
208, 508
194, 508
101, 508
131, 508
204, 508
248, 508
162, 508
322, 508
202, 508
256, 508
296, 508
234, 508
210, 508
53, 508
0, 508
149, 508
174, 508
70, 508
102, 508
200, 508
135, 508
242, 508
185, 508
11, 508
290, 508
55, 508
217, 508
167, 508
307, 508
228, 508
247, 508
88, 508
196, 508
317, 508
421, 508
501, 508
249, 508
234, 508
279, 508
237, 508
226, 508
128, 508
123, 508
162, 508
260, 508
157, 508
0, 508
67, 508
333, 508
209, 508
204, 508
7, 508
16, 508
310, 508
329, 508
379, 508
349, 508
368, 508
500, 508
113, 508
211, 508
221, 508
205, 508
216, 508
139, 508
200, 508
309, 508
210, 508
190, 508
109, 508
224, 508
120, 508
210, 508
245, 508
23, 508
143, 508
163, 508
129, 508
1, 508
196, 508
103, 508
256, 508
266, 508
213, 508
71, 508
47, 508
9, 508
236, 508
300, 508
286, 508
260, 508
336, 508
314, 508
273, 508
311, 508
319, 508
212, 508
303, 508
504, 508
200, 508
203, 508
177, 508
100, 508
228, 508
314, 508
313, 508
191, 508
172, 508
175, 508
260, 508
76, 508
1, 508
93, 508
224, 508
253, 508
314, 508
376, 508
0, 508
9, 508
322, 508
368, 508
379, 508
413, 508
344, 508
380, 508
341, 508
505, 508
203, 508
207, 508
204, 508
220, 508
165, 508
103, 508
258, 508
198, 508
299, 508
137, 508
59, 508
210, 508
252, 508
264, 508
284, 508
195, 508
303, 508
314, 508
313, 508
337, 508
501, 508
264, 508
69, 508
1, 508
21, 508
26, 508
2, 508
202, 508
184, 508
299, 508
239, 508
240, 508
113, 508
103, 508
209, 508
242, 508
138, 508
256, 508
130, 508
284, 508
6, 508
305, 508
309, 508
311, 508
354, 508
423, 508
339, 508
503, 508
218, 508
233, 508
186, 508
121, 508
122, 508
149, 508
189, 508
223, 508
211, 508
282, 508
341, 508
348, 508
193, 508
1, 508
320, 508
453, 508
27, 508
131, 508
264, 508
33, 508
322, 508
403, 508
391, 508
386, 508
200, 508
210, 508
311, 508
235, 508
337, 508
216, 508
411, 508
252, 508
368, 508
456, 508
395, 508
128, 508
119, 508
214, 508
117, 508
251, 508
143, 508
302, 508
257, 508
203, 508
9, 508
253, 508
302, 508
456, 508
79, 508
0, 508
136, 508
1, 508
0, 508
35, 508
300, 508
380, 508
510, 510
243, 510
280, 510
442, 510
351, 510
331, 510
393, 510
322, 510
400, 510
361, 510
408, 510
473, 510
278, 510
513, 513
201, 513
211, 513
203, 513
208, 513
133, 513
17, 513
136, 513
105, 513
131, 513
207, 513
132, 513
213, 513
255, 513
302, 513
330, 513
243, 513
283, 513
313, 513
225, 513
415, 513
327, 513
330, 513
507, 513
134, 513
184, 513
268, 513
159, 513
106, 513
304, 513
2, 513
0, 513
30, 513
222, 513
230, 513
35, 513
36, 513
1, 513
279, 513
212, 513
324, 513
141, 513
226, 513
198, 513
128, 513
280, 513
245, 513
319, 513
211, 513
335, 513
378, 513
200, 513
303, 513
456, 513
429, 513
320, 513
382, 513
219, 513
343, 513
330, 513
505, 513
171, 513
226, 513
220, 513
218, 513
4, 513
128, 513
167, 513
270, 513
158, 513
2, 513
0, 513
58, 513
300, 513
102, 513
31, 513
111, 513
204, 513
58, 513
1, 513
258, 513
158, 513
261, 513
433, 513
263, 513
208, 513
282, 513
330, 513
361, 513
286, 513
313, 513
357, 513
322, 513
504, 513
205, 513
203, 513
207, 513
142, 513
101, 513
170, 513
198, 513
2, 513
103, 513
100, 513
210, 513
178, 513
272, 513
117, 513
12, 513
25, 513
249, 513
304, 513
392, 513
301, 513
462, 513
441, 513
311, 513
355, 513
376, 513
173, 513
104, 513
201, 513
203, 513
115, 513
226, 513
355, 513
311, 513
332, 513
289, 513
284, 513
329, 513
344, 513
407, 513
252, 513
323, 513
406, 513
387, 513
245, 513
431, 513
354, 513
501, 513
222, 513
207, 513
292, 513
352, 513
102, 513
6, 513
8, 513
238, 513
6, 513
4, 513
413, 513
367, 513
202, 513
35, 513
209, 513
100, 513
207, 513
212, 513
15, 513
116, 513
111, 513
242, 513
145, 513
215, 513
206, 513
309, 513
507, 513
262, 513
156, 513
262, 513
272, 513
247, 513
278, 513
315, 513
210, 513
250, 513
318, 513
385, 513
364, 513
480, 513
296, 513
309, 513
401, 513
104, 513
3, 513
48, 513
2, 513
220, 513
371, 513
411, 513
389, 513
79, 513
217, 513
178, 513
209, 513
271, 513
240, 513
208, 513
120, 513
201, 513
212, 513
272, 513
220, 513
247, 513
431, 513
421, 513
308, 513
399, 513
244, 513
324, 513
335, 513
331, 513
360, 513
307, 513
337, 513
355, 513
509, 513
173, 513
100, 513
215, 513
116, 513
99, 513
6, 513
134, 513
209, 513
208, 513
148, 513
216, 513
212, 513
26, 513
301, 513
187, 513
60, 513
7, 513
260, 513
201, 513
212, 513
221, 513
243, 513
379, 513
294, 513
259, 513
220, 513
401, 513
257, 513
496, 513
166, 513
109, 513
200, 513
178, 513
152, 513
212, 513
310, 513
311, 513
120, 513
152, 513
186, 513
301, 513
305, 513
378, 513
325, 513
318, 513
7, 513
318, 513
476, 513
502, 513
30, 513
97, 513
7, 513
7, 513
205, 513
203, 513
200, 513
202, 513
121, 513
106, 513
208, 513
240, 513
154, 513
204, 513
207, 513
224, 513
218, 513
116, 513
180, 513
286, 513
327, 513
388, 513
463, 513
306, 513
353, 513
370, 513
307, 513
348, 513
371, 513
377, 513
314, 513
430, 513
372, 513
266, 513
374, 513
334, 513
75, 513
2, 513
329, 513
412, 513
221, 513
1, 513
391, 513
334, 513
19, 513
343, 513
331, 513
408, 513
185, 513
505, 513
206, 513
172, 513
100, 513
121, 513
218, 513
209, 513
218, 513
297, 513
301, 513
311, 513
437, 513
496, 513
222, 513
303, 513
407, 513
185, 513
102, 513
213, 513
148, 513
200, 513
118, 513
203, 513
207, 513
214, 513
237, 513
230, 513
308, 513
257, 513
410, 513
504, 513
219, 513
371, 513
135, 513
327, 513
361, 513
302, 513
38, 513
0, 513
41, 513
343, 513
172, 513
13, 513
501, 513
206, 513
10, 513
201, 513
192, 513
144, 513
9, 513
240, 513
383, 513
135, 513
136, 513
188, 513
121, 513
210, 513
211, 513
207, 513
207, 513
200, 513
359, 513
301, 513
340, 513
244, 513
256, 513
267, 513
329, 513
313, 513
444, 513
408, 513
324, 513
329, 513
351, 513
392, 513
38, 513
282, 513
288, 513
1, 513
422, 513
431, 513
0, 513
113, 513
375, 513
72, 513
407, 513
511, 513
200, 513
331, 513
105, 513
101, 513
210, 513
227, 513
222, 513
105, 513
164, 513
209, 513
209, 513
216, 513
203, 513
200, 513
297, 513
283, 513
337, 513
358, 513
213, 513
199, 513
313, 513
204, 513
312, 513
444, 513
316, 513
319, 513
307, 513
386, 513
409, 513
402, 513
503, 513
460, 513
187, 513
3, 513
7, 513
143, 513
14, 513
113, 513
73, 513
44, 513
234, 513
149, 513
201, 513
164, 513
210, 513
213, 513
204, 513
188, 513
207, 513
295, 513
221, 513
231, 513
370, 513
385, 513
418, 513
223, 513
337, 513
379, 513
31, 513
481, 513
140, 513
311, 513
203, 513
329, 513
359, 513
502, 513
177, 513
103, 513
205, 513
155, 513
205, 513
112, 513
38, 513
1, 513
214, 513
192, 513
193, 513
233, 513
252, 513
367, 513
246, 513
2, 513
1, 513
241, 513
337, 513
57, 513
439, 513
416, 513
392, 513
200, 513
201, 513
204, 513
208, 513
367, 513
327, 513
387, 513
438, 513
217, 513
222, 513
109, 513
103, 513
2, 513
178, 513
208, 513
160, 513
221, 513
422, 513
106, 513
203, 513
242, 513
255, 513
234, 513
248, 513
309, 513
257, 513
234, 513
341, 513
510, 513
223, 513
209, 513
240, 513
495, 513
1, 513
0, 513
0, 513
215, 513
14, 513
8, 513
5, 513
291, 513
403, 513
378, 513
422, 513
401, 513
310, 513
250, 513
278, 513
331, 513
517, 517
341, 517
106, 517
180, 517
108, 517
210, 517
215, 517
228, 517
181, 517
221, 517
264, 517
233, 517
306, 517
220, 517
320, 517
312, 517
513, 517
297, 517
353, 517
196, 517
78, 517
1, 517
30, 517
206, 517
205, 517
211, 517
303, 517
355, 517
131, 517
0, 517
27, 517
3, 517
177, 517
155, 517
111, 517
210, 517
259, 517
340, 517
313, 517
392, 517
440, 517
396, 517
113, 517
211, 517
251, 517
300, 517
401, 517
490, 517
301, 517
332, 517
389, 517
418, 517
282, 517
352, 517
502, 517
234, 517
445, 517
457, 517
371, 517
259, 517
304, 517
83, 517
4, 517
402, 517
426, 517
280, 517
1, 517
503, 517
91, 517
220, 517
203, 517
201, 517
138, 517
180, 517
208, 517
141, 517
127, 517
204, 517
209, 517
306, 517
158, 517
222, 517
209, 517
222, 517
221, 517
239, 517
302, 517
206, 517
222, 517
415, 517
313, 517
303, 517
511, 517
223, 517
248, 517
228, 517
221, 517
207, 517
330, 517
253, 517
459, 517
207, 517
0, 517
4, 517
32, 517
300, 517
404, 517
321, 517
361, 517
434, 517
3, 517
0, 517
41, 517
184, 517
104, 517
214, 517
226, 517
238, 517
415, 517
323, 517
494, 517
281, 517
502, 517
144, 517
201, 517
136, 517
101, 517
218, 517
132, 517
220, 517
328, 517
353, 517
302, 517
322, 517
513, 517
51, 517
245, 517
231, 517
203, 517
158, 517
221, 517
154, 517
133, 517
219, 517
31, 517
213, 517
2, 517
264, 517
242, 517
110, 517
60, 517
4, 517
43, 517
224, 517
111, 517
219, 517
206, 517
239, 517
257, 517
312, 517
258, 517
305, 517
493, 517
237, 517
203, 517
205, 517
347, 517
385, 517
403, 517
220, 517
268, 517
312, 517
501, 517
214, 517
222, 517
173, 517
207, 517
216, 517
204, 517
166, 517
121, 517
202, 517
174, 517
304, 517
163, 517
311, 517
269, 517
313, 517
11, 517
320, 517
312, 517
490, 517
10, 517
416, 517
39, 517
2, 517
2, 517
28, 517
338, 517
357, 517
419, 517
356, 517
375, 517
320, 517
317, 517
470, 517
214, 517
14, 517
202, 517
206, 517
286, 517
514, 517
174, 517
209, 517
200, 517
201, 517
70, 517
148, 517
117, 517
204, 517
203, 517
137, 517
191, 517
299, 517
362, 517
133, 517
27, 517
23, 517
0, 517
211, 517
152, 517
201, 517
254, 517
86, 517
10, 517
219, 517
321, 517
33, 517
316, 517
221, 517
360, 517
379, 517
205, 517
306, 517
313, 517
396, 517
426, 517
366, 517
413, 517
313, 517
264, 517
356, 517
276, 517
304, 517
500, 517
204, 517
356, 517
363, 517
85, 517
141, 517
103, 517
207, 517
231, 517
108, 517
181, 517
180, 517
230, 517
209, 517
35, 517
5, 517
110, 517
128, 517
212, 517
217, 517
8, 517
281, 517
100, 517
0, 517
180, 517
501, 517
379, 517
209, 517
225, 517
428, 517
200, 517
318, 517
364, 517
345, 517
216, 517
419, 517
437, 517
318, 517
359, 517
407, 517
207, 517
184, 517
148, 517
208, 517
203, 517
205, 517
184, 517
463, 517
88, 517
129, 517
1, 517
62, 517
227, 517
231, 517
209, 517
219, 517
72, 517
50, 517
110, 517
151, 517
113, 517
139, 517
208, 517
215, 517
200, 517
150, 517
202, 517
114, 517
245, 517
333, 517
317, 517
256, 517
338, 517
321, 517
411, 517
406, 517
501, 517
200, 517
192, 517
201, 517
203, 517
201, 517
120, 517
249, 517
208, 517
261, 517
74, 517
230, 517
123, 517
89, 517
1, 517
24, 517
103, 517
212, 517
221, 517
225, 517
65, 517
50, 517
0, 517
251, 517
230, 517
217, 517
101, 517
173, 517
120, 517
223, 517
151, 517
214, 517
171, 517
243, 517
212, 517
319, 517
293, 517
319, 517
232, 517
462, 517
290, 517
236, 517
373, 517
376, 517
339, 517
444, 517
410, 517
208, 517
204, 517
340, 517
381, 517
213, 517
169, 517
114, 517
230, 517
203, 517
216, 517
112, 517
205, 517
2, 517
327, 517
307, 517
201, 517
327, 517
411, 517
406, 517
391, 517
491, 517
192, 517
503, 517
24, 517
0, 517
205, 517
319, 517
365, 517
406, 517
392, 517
156, 517
209, 517
208, 517
240, 517
103, 517
205, 517
247, 517
25, 517
370, 517
296, 517
347, 517
296, 517
369, 517
302, 517
307, 517
457, 517
331, 517
467, 517
216, 517
372, 517
375, 517
390, 517
188, 517
208, 517
121, 517
104, 517
212, 517
160, 517
14, 517
4, 517
174, 517
153, 517
192, 517
213, 517
14, 517
279, 517
309, 517
319, 517
39, 517
0, 517
302, 517
301, 517
502, 517
218, 517
252, 517
89, 517
208, 517
210, 517
206, 517
207, 517
223, 517
78, 517
209, 517
212, 517
110, 517
252, 517
106, 517
100, 517
218, 517
213, 517
216, 517
279, 517
238, 517
322, 517
409, 517
226, 517
501, 517
53, 517
202, 517
151, 517
132, 517
101, 517
170, 517
146, 517
190, 517
104, 517
173, 517
50, 517
0, 517
146, 517
55, 517
181, 517
108, 517
214, 517
75, 517
7, 517
135, 517
303, 517
261, 517
305, 517
333, 517
428, 517
380, 517
468, 517
205, 517
207, 517
208, 517
204, 517
245, 517
252, 517
491, 517
176, 517
168, 517
222, 517
285, 517
209, 517
425, 517
303, 517
471, 517
346, 517
402, 517
340, 517
422, 517
100, 517
208, 517
202, 517
158, 517
226, 517
215, 517
84, 517
173, 517
203, 517
83, 517
2, 517
218, 517
307, 517
239, 517
265, 517
315, 517
251, 517
240, 517
305, 517
308, 517
505, 517
205, 517
224, 517
59, 517
0, 517
43, 517
213, 517
276, 517
52, 517
486, 517
229, 517
64, 517
246, 517
309, 517
282, 517
347, 517
490, 517
294, 517
503, 517
110, 517
103, 517
203, 517
208, 517
214, 517
121, 517
252, 517
201, 517
306, 517
124, 517
204, 517
32, 517
1, 517
5, 517
216, 517
145, 517
40, 517
200, 517
218, 517
330, 517
116, 517
58, 517
4, 517
368, 517
310, 517
249, 517
311, 517
367, 517
404, 517
489, 517
180, 517
100, 517
219, 517
202, 517
209, 517
200, 517
161, 517
169, 517
161, 517
272, 517
279, 517
394, 517
319, 517
365, 517
348, 517
501, 517
206, 517
170, 517
307, 517
212, 517
401, 517
273, 517
257, 517
330, 517
400, 517
503, 517
316, 517
0, 517
0, 517
219, 517
11, 517
98, 517
103, 517
2, 517
205, 517
8, 517
210, 517
199, 517
112, 517
217, 517
146, 517
275, 517
168, 517
275, 517
330, 517
249, 517
314, 517
473, 517
315, 517
346, 517
352, 517
459, 517
191, 517
230, 517
211, 517
151, 517
217, 517
206, 517
142, 517
233, 517
370, 517
499, 517
287, 517
400, 517
262, 517
5, 517
0, 517
334, 517
25, 517
32, 517
1, 517
371, 517
31, 517
300, 517
375, 517
345, 517
505, 517
460, 517
277, 517
359, 517
440, 517
443, 517
413, 517
422, 517
67, 517
325, 517
369, 517
342, 517
403, 517
505, 517
202, 517
205, 517
123, 517
208, 517
158, 517
31, 517
2, 517
301, 517
44, 517
250, 517
4, 517
309, 517
423, 517
490, 517
289, 517
452, 517
249, 517
400, 517
456, 517
339, 517
247, 517
398, 517
369, 517
312, 517
506, 517
2, 517
165, 517
220, 517
206, 517
160, 517
104, 517
201, 517
200, 517
170, 517
203, 517
172, 517
211, 517
225, 517
206, 517
202, 517
230, 517
218, 517
216, 517
200, 517
189, 517
32, 517
107, 517
118, 517
224, 517
203, 517
208, 517
145, 517
241, 517
258, 517
290, 517
451, 517
213, 517
425, 517
306, 517
279, 517
348, 517
70, 517
3, 517
296, 517
442, 517
256, 517
224, 517
395, 517
158, 517
265, 517
99, 517
33, 517
3, 517
516, 517
64, 517
209, 517
202, 517
217, 517
247, 517
208, 517
234, 517
123, 517
113, 517
128, 517
257, 517
173, 517
215, 517
286, 517
215, 517
289, 517
217, 517
312, 517
307, 517
432, 517
307, 517
396, 517
430, 517
142, 517
205, 517
197, 517
202, 517
202, 517
201, 517
206, 517
203, 517
24, 517
214, 517
158, 517
256, 517
2, 517
12, 517
71, 517
320, 517
16, 517
5, 517
4, 517
436, 517
294, 517
319, 517
125, 517
104, 517
209, 517
204, 517
225, 517
240, 517
307, 517
406, 517
393, 517
331, 517
375, 517
362, 517
391, 517
398, 517
113, 517
230, 517
189, 517
205, 517
208, 517
204, 517
201, 517
213, 517
229, 517
35, 517
295, 517
504, 517
79, 517
4, 517
20, 517
197, 517
29, 517
1, 517
250, 517
314, 517
366, 517
329, 517
342, 517
387, 517
210, 517
211, 517
142, 517
139, 517
200, 517
202, 517
158, 517
317, 517
316, 517
164, 517
335, 517
303, 517
405, 517
404, 517
331, 517
421, 517
245, 517
416, 517
257, 517
300, 517
373, 517
349, 517
294, 517
11, 517
359, 517
404, 517
83, 517
4, 517
508, 517
1, 517
125, 517
246, 517
202, 517
211, 517
190, 517
75, 517
106, 517
180, 517
201, 517
204, 517
206, 517
189, 517
217, 517
201, 517
205, 517
117, 517
142, 517
211, 517
143, 517
165, 517
224, 517
207, 517
12, 517
207, 517
175, 517
109, 517
59, 517
152, 517
145, 517
218, 517
202, 517
258, 517
74, 517
0, 517
65, 517
241, 517
298, 517
261, 517
306, 517
237, 517
204, 517
316, 517
335, 517
502, 517
396, 517
4, 517
42, 517
377, 517
332, 517
363, 517
423, 517
393, 517
469, 517
268, 517
411, 517
439, 517
372, 517
225, 517
391, 517
400, 517
314, 517
507, 517
447, 517
306, 517
225, 517
423, 517
50, 517
20, 517
387, 517
208, 517
208, 517
55, 517
160, 517
72, 517
2, 517
202, 517
105, 517
208, 517
142, 517
102, 517
231, 517
201, 517
206, 517
207, 517
64, 517
191, 517
218, 517
209, 517
203, 517
46, 517
249, 517
234, 517
464, 517
339, 517
269, 517
391, 517
392, 517
391, 517
148, 517
210, 517
164, 517
206, 517
150, 517
120, 517
205, 517
200, 517
178, 517
212, 517
211, 517
251, 517
257, 517
250, 517
301, 517
303, 517
315, 517
326, 517
421, 517
481, 517
145, 517
1, 517
351, 517
57, 517
259, 517
494, 517
229, 517
0, 517
427, 517
352, 517
45, 517
442, 517
310, 517
415, 517
444, 517
323, 517
508, 517
208, 517
208, 517
203, 517
347, 517
347, 517
412, 517
371, 517
314, 517
406, 517
167, 517
154, 517
200, 517
223, 517
123, 517
106, 517
130, 517
200, 517
202, 517
204, 517
221, 517
165, 517
208, 517
209, 517
224, 517
97, 517
232, 517
201, 517
87, 517
1, 517
0, 517
219, 517
118, 517
115, 517
148, 517
233, 517
214, 517
134, 517
100, 517
132, 517
72, 517
35, 517
226, 517
208, 517
200, 517
174, 517
502, 517
179, 517
316, 517
343, 517
257, 517
404, 517
343, 517
302, 517
446, 517
287, 517
193, 517
409, 517
506, 517
211, 517
76, 517
239, 517
40, 517
0, 517
0, 517
213, 517
169, 517
204, 517
151, 517
105, 517
209, 517
232, 517
20, 517
13, 517
14, 517
164, 517
220, 517
206, 517
215, 517
201, 517
150, 517
190, 517
202, 517
143, 517
228, 517
160, 517
308, 517
313, 517
301, 517
303, 517
234, 517
227, 517
217, 517
408, 517
332, 517
513, 517
202, 517
202, 517
271, 517
116, 517
218, 517
158, 517
82, 517
102, 517
229, 517
190, 517
6, 517
200, 517
237, 517
56, 517
211, 517
164, 517
250, 517
261, 517
0, 517
134, 517
258, 517
233, 517
260, 517
301, 517
404, 517
352, 517
460, 517
307, 517
263, 517
379, 517
406, 517
351, 517
350, 517
344, 517
506, 517
201, 517
224, 517
201, 517
202, 517
200, 517
215, 517
191, 517
104, 517
201, 517
181, 517
212, 517
322, 517
212, 517
304, 517
362, 517
329, 517
300, 517
335, 517
430, 517
309, 517
401, 517
369, 517
198, 517
315, 517
480, 517
4, 517
80, 517
6, 517
399, 517
434, 517
146, 517
400, 517
357, 517
376, 517
316, 517
423, 517
407, 517
359, 517
352, 517
502, 517
126, 517
204, 517
200, 517
207, 517
200, 517
204, 517
202, 517
103, 517
212, 517
119, 517
105, 517
209, 517
201, 517
202, 517
237, 517
368, 517
428, 517
207, 517
78, 517
255, 517
0, 517
323, 517
378, 517
426, 517
22, 517
0, 517
357, 517
389, 517
161, 517
374, 517
361, 517
439, 517
314, 517
172, 517
213, 517
200, 517
334, 517
276, 517
320, 517
383, 517
373, 517
340, 517
453, 517
418, 517
147, 517
202, 517
126, 517
101, 517
225, 517
208, 517
204, 517
113, 517
205, 517
226, 517
23, 517
209, 517
12, 517
0, 517
167, 517
208, 517
110, 517
211, 517
205, 517
126, 517
127, 517
171, 517
101, 517
25, 517
101, 517
29, 517
193, 517
252, 517
332, 517
311, 517
306, 517
395, 517
308, 517
333, 517
423, 517
346, 517
258, 517
393, 517
316, 517
462, 517
451, 517
226, 517
202, 517
132, 517
221, 517
223, 517
154, 517
200, 517
210, 517
201, 517
204, 517
381, 517
51, 517
1, 517
81, 517
201, 517
204, 517
20, 517
172, 517
127, 517
219, 517
264, 517
216, 517
166, 517
2, 517
204, 517
205, 517
492, 517
326, 517
348, 517
405, 517
502, 517
207, 517
203, 517
183, 517
202, 517
284, 517
233, 517
217, 517
364, 517
318, 517
454, 517
345, 517
419, 517
172, 517
155, 517
216, 517
204, 517
216, 517
356, 517
331, 517
316, 517
310, 517
301, 517
439, 517
385, 517
347, 517
409, 517
245, 517
456, 517
63, 517
1, 517
22, 517
12, 517
65, 517
342, 517
434, 517
337, 517
443, 517
263, 517
459, 517
409, 517
383, 517
404, 517
353, 517
382, 517
400, 517
408, 517
421, 517
223, 517
211, 517
126, 517
141, 517
201, 517
204, 517
205, 517
201, 517
314, 517
503, 517
150, 517
6, 517
11, 517
171, 517
200, 517
45, 517
0, 517
45, 517
142, 517
15, 517
301, 517
304, 517
306, 517
304, 517
308, 517
404, 517
398, 517
436, 517
490, 517
130, 517
16, 517
3, 517
41, 517
164, 517
237, 517
210, 517
203, 517
226, 517
205, 517
308, 517
377, 517
300, 517
518, 518
222, 518
35, 518
407, 518
368, 518
302, 518
429, 518
416, 518
529, 529
206, 529
151, 529
102, 529
202, 529
103, 529
158, 529
234, 529
159, 529
59, 529
2, 529
227, 529
213, 529
201, 529
49, 529
201, 529
226, 529
232, 529
215, 529
30, 529
19, 529
0, 529
219, 529
235, 529
476, 529
396, 529
387, 529
348, 529
148, 529
146, 529
121, 529
211, 529
301, 529
166, 529
343, 529
436, 529
430, 529
214, 529
202, 529
148, 529
216, 529
116, 529
306, 529
214, 529
148, 529
255, 529
396, 529
328, 529
308, 529
499, 529
14, 529
431, 529
0, 529
0, 529
12, 529
4, 529
14, 529
76, 529
202, 529
216, 529
204, 529
352, 529
310, 529
305, 529
311, 529
367, 529
426, 529
416, 529
445, 529
306, 529
403, 529
458, 529
262, 529
430, 529
306, 529
484, 529
111, 529
424, 529
480, 529
321, 529
306, 529
409, 529
433, 529
497, 529
401, 529
375, 529
310, 529
506, 529
83, 529
7, 529
85, 529
11, 529
204, 529
204, 529
115, 529
222, 529
202, 529
256, 529
210, 529
204, 529
45, 529
42, 529
186, 529
206, 529
113, 529
100, 529
200, 529
232, 529
84, 529
153, 529
220, 529
211, 529
104, 529
225, 529
204, 529
194, 529
224, 529
212, 529
200, 529
132, 529
286, 529
138, 529
205, 529
230, 529
233, 529
21, 529
56, 529
195, 529
121, 529
203, 529
35, 529
0, 529
223, 529
175, 529
204, 529
348, 529
335, 529
5, 529
420, 529
60, 529
310, 529
330, 529
504, 529
213, 529
229, 529
163, 529
135, 529
225, 529
235, 529
208, 529
214, 529
206, 529
320, 529
387, 529
398, 529
409, 529
370, 529
206, 529
158, 529
100, 529
120, 529
218, 529
201, 529
192, 529
40, 529
204, 529
319, 529
55, 529
1, 529
9, 529
225, 529
331, 529
390, 529
49, 529
385, 529
54, 529
18, 529
200, 529
145, 529
191, 529
194, 529
228, 529
224, 529
207, 529
203, 529
320, 529
275, 529
279, 529
476, 529
362, 529
447, 529
408, 529
201, 529
202, 529
304, 529
336, 529
382, 529
256, 529
401, 529
454, 529
339, 529
298, 529
313, 529
338, 529
407, 529
405, 529
502, 529
76, 529
130, 529
0, 529
135, 529
20, 529
146, 529
211, 529
208, 529
204, 529
229, 529
107, 529
118, 529
201, 529
110, 529
223, 529
203, 529
34, 529
212, 529
280, 529
119, 529
100, 529
184, 529
186, 529
120, 529
152, 529
154, 529
203, 529
230, 529
200, 529
260, 529
203, 529
287, 529
306, 529
343, 529
433, 529
449, 529
294, 529
292, 529
404, 529
390, 529
371, 529
443, 529
404, 529
0, 529
467, 529
7, 529
11, 529
17, 529
2, 529
1, 529
58, 529
362, 529
359, 529
485, 529
396, 529
257, 529
411, 529
512, 529
321, 529
328, 529
485, 529
403, 529
384, 529
375, 529
363, 529
356, 529
417, 529
462, 529
507, 529
79, 529
133, 529
105, 529
204, 529
130, 529
207, 529
207, 529
222, 529
206, 529
229, 529
180, 529
206, 529
202, 529
207, 529
152, 529
1, 529
153, 529
219, 529
114, 529
132, 529
134, 529
204, 529
212, 529
217, 529
50, 529
1, 529
222, 529
18, 529
191, 529
111, 529
26, 529
202, 529
207, 529
128, 529
208, 529
214, 529
158, 529
167, 529
167, 529
173, 529
215, 529
278, 529
210, 529
304, 529
313, 529
32, 529
334, 529
438, 529
396, 529
310, 529
355, 529
325, 529
424, 529
45, 529
0, 529
40, 529
0, 529
158, 529
501, 529
334, 529
68, 529
396, 529
404, 529
408, 529
378, 529
415, 529
302, 529
359, 529
397, 529
210, 529
209, 529
233, 529
169, 529
200, 529
124, 529
201, 529
201, 529
236, 529
482, 529
315, 529
436, 529
102, 529
230, 529
200, 529
32, 529
181, 529
0, 529
231, 529
146, 529
326, 529
361, 529
29, 529
6, 529
457, 529
200, 529
1, 529
122, 529
223, 529
147, 529
137, 529
201, 529
222, 529
350, 529
159, 529
202, 529
112, 529
103, 529
214, 529
225, 529
276, 529
210, 529
252, 529
326, 529
308, 529
310, 529
315, 529
446, 529
443, 529
389, 529
407, 529
327, 529
433, 529
358, 529
394, 529
447, 529
509, 529
209, 529
141, 529
113, 529
206, 529
120, 529
232, 529
419, 529
30, 529
190, 529
19, 529
1, 529
239, 529
6, 529
220, 529
3, 529
1, 529
330, 529
423, 529
306, 529
367, 529
206, 529
181, 529
104, 529
208, 529
206, 529
152, 529
210, 529
331, 529
324, 529
403, 529
495, 529
142, 529
318, 529
504, 529
223, 529
226, 529
145, 529
207, 529
179, 529
144, 529
228, 529
219, 529
221, 529
234, 529
24, 529
84, 529
2, 529
37, 529
245, 529
128, 529
106, 529
121, 529
213, 529
242, 529
242, 529
2, 529
0, 529
76, 529
295, 529
325, 529
314, 529
411, 529
401, 529
305, 529
330, 529
435, 529
297, 529
445, 529
240, 529
365, 529
300, 529
459, 529
212, 529
200, 529
216, 529
203, 529
210, 529
139, 529
223, 529
206, 529
269, 529
223, 529
223, 529
373, 529
503, 529
216, 529
205, 529
233, 529
201, 529
132, 529
104, 529
129, 529
143, 529
111, 529
219, 529
228, 529
269, 529
212, 529
311, 529
391, 529
360, 529
413, 529
3, 529
336, 529
7, 529
1, 529
373, 529
107, 529
336, 529
402, 529
444, 529
233, 529
387, 529
522, 529
208, 529
203, 529
101, 529
210, 529
187, 529
186, 529
1, 529
168, 529
108, 529
130, 529
201, 529
170, 529
206, 529
152, 529
145, 529
12, 529
1, 529
168, 529
206, 529
240, 529
27, 529
202, 529
205, 529
124, 529
192, 529
217, 529
38, 529
161, 529
21, 529
196, 529
126, 529
105, 529
138, 529
105, 529
226, 529
224, 529
263, 529
208, 529
239, 529
302, 529
380, 529
350, 529
458, 529
471, 529
208, 529
267, 529
301, 529
445, 529
363, 529
418, 529
372, 529
303, 529
343, 529
412, 529
364, 529
83, 529
3, 529
6, 529
235, 529
91, 529
201, 529
212, 529
116, 529
207, 529
213, 529
5, 529
2, 529
48, 529
55, 529
209, 529
492, 529
328, 529
306, 529
425, 529
359, 529
335, 529
350, 529
384, 529
150, 529
222, 529
338, 529
213, 529
332, 529
315, 529
303, 529
300, 529
454, 529
477, 529
317, 529
332, 529
445, 529
17, 529
204, 529
302, 529
308, 529
353, 529
433, 529
76, 529
0, 529
38, 529
182, 529
143, 529
202, 529
110, 529
4, 529
200, 529
112, 529
106, 529
