#Algorithm: SARSA, Speed: 1, Boost: 4, PM: True, Env size: (20, 20), Car size: (5, 4),
#Counter: 100, Nsteps: 10000000, Gamma: 1, LearnRate: 0.01, Eps: 0.5, Epsdecay: 0.9
200, 200
202, 202
217, 217
220, 220
216, 220
203, 220
200, 220
204, 220
214, 220
206, 220
203, 220
208, 220
201, 220
207, 220
208, 220
203, 220
213, 220
209, 220
201, 220
205, 220
203, 220
210, 220
201, 220
202, 220
204, 220
208, 220
208, 220
202, 220
220, 220
200, 220
208, 220
207, 220
202, 220
224, 224
206, 224
211, 224
213, 224
212, 224
226, 226
202, 226
211, 226
205, 226
212, 226
210, 226
204, 226
210, 226
200, 226
239, 239
218, 239
201, 239
235, 239
203, 239
204, 239
204, 239
204, 239
216, 239
209, 239
227, 239
225, 239
202, 239
206, 239
216, 239
229, 239
201, 239
207, 239
223, 239
209, 239
200, 239
210, 239
206, 239
201, 239
200, 239
213, 239
206, 239
200, 239
204, 239
212, 239
202, 239
208, 239
207, 239
202, 239
205, 239
220, 239
217, 239
203, 239
200, 239
206, 239
208, 239
208, 239
200, 239
212, 239
217, 239
206, 239
218, 239
218, 239
214, 239
206, 239
200, 239
206, 239
202, 239
200, 239
205, 239
201, 239
202, 239
217, 239
204, 239
202, 239
202, 239
201, 239
202, 239
209, 239
205, 239
212, 239
204, 239
205, 239
203, 239
213, 239
216, 239
203, 239
200, 239
204, 239
203, 239
200, 239
204, 239
201, 239
228, 239
211, 239
200, 239
201, 239
201, 239
203, 239
222, 239
210, 239
200, 239
201, 239
212, 239
228, 239
207, 239
203, 239
206, 239
211, 239
200, 239
219, 239
205, 239
202, 239
205, 239
201, 239
204, 239
217, 239
213, 239
200, 239
200, 239
215, 239
202, 239
201, 239
205, 239
202, 239
209, 239
212, 239
217, 239
200, 239
208, 239
222, 239
205, 239
207, 239
211, 239
202, 239
216, 239
200, 239
202, 239
223, 239
203, 239
203, 239
223, 239
200, 239
202, 239
207, 239
210, 239
202, 239
202, 239
209, 239
228, 239
213, 239
202, 239
215, 239
217, 239
203, 239
203, 239
213, 239
201, 239
233, 239
208, 239
218, 239
201, 239
225, 239
203, 239
207, 239
208, 239
205, 239
200, 239
204, 239
201, 239
202, 239
229, 239
204, 239
213, 239
219, 239
224, 239
208, 239
206, 239
200, 239
208, 239
205, 239
201, 239
210, 239
209, 239
206, 239
201, 239
202, 239
203, 239
200, 239
200, 239
200, 239
214, 239
201, 239
200, 239
205, 239
225, 239
202, 239
215, 239
204, 239
209, 239
204, 239
211, 239
207, 239
231, 239
213, 239
230, 239
230, 239
211, 239
210, 239
200, 239
214, 239
200, 239
228, 239
212, 239
202, 239
222, 239
213, 239
208, 239
234, 239
221, 239
201, 239
220, 239
219, 239
209, 239
200, 239
201, 239
212, 239
220, 239
208, 239
213, 239
207, 239
204, 239
207, 239
201, 239
224, 239
212, 239
200, 239
202, 239
219, 239
201, 239
202, 239
203, 239
202, 239
209, 239
226, 239
200, 239
203, 239
209, 239
207, 239
207, 239
216, 239
209, 239
227, 239
213, 239
204, 239
219, 239
206, 239
224, 239
226, 239
200, 239
240, 240
204, 240
202, 240
215, 240
234, 240
208, 240
204, 240
243, 243
209, 243
202, 243
205, 243
200, 243
227, 243
202, 243
202, 243
201, 243
228, 243
221, 243
225, 243
202, 243
211, 243
210, 243
210, 243
202, 243
220, 243
202, 243
202, 243
208, 243
205, 243
212, 243
218, 243
201, 243
203, 243
200, 243
200, 243
201, 243
206, 243
211, 243
211, 243
200, 243
200, 243
210, 243
209, 243
203, 243
204, 243
201, 243
203, 243
202, 243
202, 243
205, 243
210, 243
206, 243
207, 243
202, 243
223, 243
205, 243
205, 243
207, 243
200, 243
212, 243
216, 243
201, 243
202, 243
207, 243
201, 243
226, 243
211, 243
205, 243
212, 243
203, 243
213, 243
206, 243
200, 243
213, 243
213, 243
202, 243
200, 243
214, 243
206, 243
200, 243
201, 243
202, 243
211, 243
207, 243
205, 243
203, 243
210, 243
201, 243
202, 243
204, 243
207, 243
230, 243
202, 243
200, 243
201, 243
201, 243
207, 243
202, 243
206, 243
200, 243
203, 243
217, 243
209, 243
201, 243
208, 243
202, 243
200, 243
207, 243
205, 243
217, 243
235, 243
214, 243
208, 243
213, 243
214, 243
243, 243
202, 243
213, 243
202, 243
210, 243
218, 243
212, 243
203, 243
201, 243
222, 243
205, 243
202, 243
229, 243
219, 243
206, 243
221, 243
203, 243
203, 243
203, 243
219, 243
202, 243
201, 243
208, 243
204, 243
210, 243
220, 243
201, 243
218, 243
237, 243
212, 243
201, 243
206, 243
200, 243
205, 243
207, 243
200, 243
210, 243
200, 243
202, 243
231, 243
216, 243
205, 243
219, 243
200, 243
201, 243
200, 243
204, 243
202, 243
202, 243
202, 243
211, 243
205, 243
204, 243
214, 243
211, 243
203, 243
214, 243
201, 243
216, 243
218, 243
203, 243
204, 243
210, 243
202, 243
220, 243
216, 243
200, 243
210, 243
207, 243
207, 243
202, 243
201, 243
215, 243
200, 243
208, 243
205, 243
200, 243
200, 243
200, 243
219, 243
225, 243
210, 243
201, 243
200, 243
204, 243
203, 243
216, 243
206, 243
200, 243
200, 243
212, 243
202, 243
208, 243
213, 243
209, 243
202, 243
202, 243
220, 243
200, 243
205, 243
200, 243
205, 243
200, 243
215, 243
201, 243
203, 243
205, 243
202, 243
201, 243
204, 243
201, 243
200, 243
202, 243
207, 243
209, 243
203, 243
200, 243
204, 243
260, 260
200, 260
201, 260
211, 260
212, 260
204, 260
200, 260
202, 260
213, 260
200, 260
211, 260
206, 260
201, 260
207, 260
209, 260
236, 260
201, 260
214, 260
202, 260
200, 260
205, 260
209, 260
203, 260
205, 260
203, 260
209, 260
201, 260
202, 260
225, 260
213, 260
209, 260
202, 260
209, 260
204, 260
231, 260
207, 260
208, 260
219, 260
201, 260
213, 260
202, 260
203, 260
204, 260
209, 260
206, 260
224, 260
225, 260
204, 260
203, 260
201, 260
228, 260
203, 260
209, 260
227, 260
202, 260
207, 260
229, 260
231, 260
201, 260
204, 260
202, 260
211, 260
214, 260
202, 260
202, 260
210, 260
203, 260
216, 260
202, 260
202, 260
219, 260
202, 260
222, 260
210, 260
212, 260
213, 260
200, 260
224, 260
215, 260
203, 260
214, 260
222, 260
220, 260
217, 260
210, 260
200, 260
206, 260
213, 260
204, 260
202, 260
205, 260
202, 260
227, 260
201, 260
201, 260
207, 260
205, 260
205, 260
205, 260
206, 260
209, 260
200, 260
202, 260
203, 260
225, 260
221, 260
236, 260
200, 260
201, 260
201, 260
207, 260
208, 260
226, 260
213, 260
203, 260
216, 260
220, 260
205, 260
205, 260
204, 260
226, 260
205, 260
212, 260
204, 260
202, 260
204, 260
211, 260
205, 260
202, 260
201, 260
203, 260
208, 260
207, 260
206, 260
302, 302
300, 302
309, 309
300, 309
307, 309
302, 309
307, 309
304, 309
302, 309
308, 309
312, 312
309, 312
303, 312
309, 312
303, 312
302, 312
301, 312
302, 312
305, 312
301, 312
302, 312
310, 312
376, 376
313, 376
316, 376
306, 376
314, 376
303, 376
302, 376
303, 376
307, 376
303, 376
312, 376
304, 376
312, 376
304, 376
224, 376
47, 376
306, 376
10, 376
306, 376
210, 376
277, 376
203, 376
290, 376
334, 376
310, 376
213, 376
293, 376
216, 376
304, 376
208, 376
305, 376
306, 376
273, 376
205, 376
205, 376
211, 376
203, 376
200, 376
208, 376
211, 376
206, 376
202, 376
201, 376
202, 376
202, 376
205, 376
203, 376
261, 376
231, 376
217, 376
211, 376
303, 376
204, 376
244, 376
230, 376
206, 376
332, 376
236, 376
279, 376
226, 376
216, 376
301, 376
287, 376
251, 376
232, 376
219, 376
318, 376
283, 376
242, 376
246, 376
301, 376
252, 376
238, 376
329, 376
310, 376
301, 376
347, 376
503, 503
510, 510
222, 510
213, 510
237, 510
302, 510
202, 510
247, 510
231, 510
233, 510
280, 510
265, 510
211, 510
311, 510
239, 510
272, 510
310, 510
209, 510
254, 510
226, 510
262, 510
283, 510
248, 510
234, 510
307, 510
314, 510
359, 510
302, 510
504, 510
310, 510
337, 510
357, 510
340, 510
509, 510
219, 510
215, 510
236, 510
128, 510
209, 510
277, 510
317, 510
234, 510
336, 510
207, 510
216, 510
320, 510
301, 510
314, 510
371, 510
357, 510
326, 510
502, 510
211, 510
160, 510
126, 510
107, 510
128, 510
214, 510
221, 510
230, 510
220, 510
337, 510
20, 510
19, 510
207, 510
27, 510
119, 510
74, 510
303, 510
164, 510
244, 510
198, 510
183, 510
251, 510
103, 510
114, 510
102, 510
170, 510
239, 510
208, 510
243, 510
317, 510
203, 510
287, 510
311, 510
502, 510
204, 510
265, 510
217, 510
156, 510
303, 510
334, 510
509, 510
218, 510
9, 510
167, 510
301, 510
162, 510
12, 510
110, 510
109, 510
187, 510
207, 510
12, 510
1, 510
239, 510
225, 510
220, 510
210, 510
299, 510
247, 510
305, 510
269, 510
275, 510
289, 510
248, 510
303, 510
351, 510
303, 510
303, 510
309, 510
385, 510
302, 510
305, 510
500, 510
267, 510
243, 510
200, 510
231, 510
390, 510
277, 510
291, 510
282, 510
511, 511
240, 511
0, 511
252, 511
360, 511
396, 511
3, 511
316, 511
316, 511
505, 511
121, 511
253, 511
12, 511
284, 511
386, 511
403, 511
315, 511
501, 511
196, 511
101, 511
138, 511
205, 511
287, 511
172, 511
292, 511
310, 511
206, 511
334, 511
250, 511
243, 511
506, 511
320, 511
339, 511
279, 511
5, 511
301, 511
25, 511
1, 511
213, 511
109, 511
225, 511
182, 511
53, 511
3, 511
175, 511
109, 511
100, 511
124, 511
207, 511
217, 511
254, 511
315, 511
4, 511
301, 511
326, 511
335, 511
330, 511
370, 511
460, 511
281, 511
308, 511
203, 511
385, 511
249, 511
518, 518
317, 518
229, 518
252, 518
243, 518
82, 518
356, 518
74, 518
3, 518
186, 518
2, 518
500, 518
187, 518
203, 518
216, 518
104, 518
302, 518
504, 518
117, 518
100, 518
105, 518
132, 518
225, 518
209, 518
325, 518
342, 518
265, 518
254, 518
248, 518
305, 518
233, 518
206, 518
502, 518
240, 518
91, 518
8, 518
249, 518
209, 518
7, 518
27, 518
8, 518
224, 518
290, 518
95, 518
168, 518
308, 518
301, 518
312, 518
503, 518
116, 518
106, 518
178, 518
110, 518
101, 518
303, 518
70, 518
312, 518
302, 518
355, 518
382, 518
325, 518
326, 518
464, 518
503, 518
203, 518
216, 518
202, 518
273, 518
143, 518
103, 518
130, 518
220, 518
208, 518
13, 518
4, 518
144, 518
237, 518
121, 518
205, 518
199, 518
50, 518
148, 518
205, 518
41, 518
29, 518
212, 518
311, 518
25, 518
128, 518
304, 518
17, 518
311, 518
326, 518
323, 518
313, 518
303, 518
347, 518
318, 518
509, 518
224, 518
201, 518
124, 518
104, 518
108, 518
305, 518
206, 518
252, 518
257, 518
272, 518
287, 518
327, 518
358, 518
332, 518
384, 518
328, 518
394, 518
305, 518
353, 518
379, 518
449, 518
50, 518
2, 518
395, 518
1, 518
2, 518
283, 518
418, 518
12, 518
23, 518
401, 518
350, 518
401, 518
388, 518
317, 518
466, 518
316, 518
419, 518
202, 518
22, 518
207, 518
209, 518
219, 518
186, 518
100, 518
112, 518
206, 518
208, 518
213, 518
140, 518
352, 518
433, 518
500, 518
205, 518
302, 518
349, 518
15, 518
45, 518
4, 518
237, 518
230, 518
266, 518
391, 518
76, 518
0, 518
329, 518
386, 518
375, 518
44, 518
30, 518
223, 518
262, 518
238, 518
278, 518
268, 518
361, 518
294, 518
272, 518
513, 518
206, 518
200, 518
198, 518
112, 518
122, 518
264, 518
317, 518
237, 518
436, 518
336, 518
130, 518
130, 518
123, 518
263, 518
139, 518
1, 518
133, 518
253, 518
257, 518
58, 518
330, 518
82, 518
3, 518
386, 518
478, 518
321, 518
438, 518
209, 518
193, 518
108, 518
114, 518
203, 518
206, 518
202, 518
247, 518
214, 518
507, 518
164, 518
270, 518
304, 518
216, 518
267, 518
359, 518
401, 518
383, 518
345, 518
463, 518
333, 518
404, 518
434, 518
486, 518
3, 518
289, 518
12, 518
112, 518
450, 518
501, 518
69, 518
201, 518
205, 518
200, 518
68, 518
141, 518
105, 518
104, 518
226, 518
230, 518
389, 518
113, 518
216, 518
269, 518
335, 518
322, 518
464, 518
310, 518
354, 518
246, 518
244, 518
379, 518
418, 518
221, 518
403, 518
352, 518
213, 518
217, 518
200, 518
220, 518
335, 518
151, 518
317, 518
315, 518
280, 518
314, 518
352, 518
306, 518
507, 518
269, 518
0, 518
411, 518
271, 518
265, 518
2, 518
229, 518
443, 518
232, 518
420, 518
333, 518
319, 518
120, 518
447, 518
392, 518
315, 518
381, 518
447, 518
381, 518
306, 518
340, 518
406, 518
351, 518
420, 518
266, 518
431, 518
448, 518
423, 518
379, 518
500, 518
380, 518
501, 518
203, 518
217, 518
204, 518
202, 518
124, 518
206, 518
142, 518
2, 518
3, 518
101, 518
102, 518
203, 518
156, 518
209, 518
213, 518
246, 518
214, 518
152, 518
47, 518
180, 518
182, 518
202, 518
19, 518
14, 518
197, 518
156, 518
217, 518
264, 518
139, 518
250, 518
203, 518
358, 518
249, 518
464, 518
389, 518
360, 518
201, 518
365, 518
69, 518
283, 518
400, 518
335, 518
405, 518
501, 518
46, 518
0, 518
100, 518
135, 518
178, 518
20, 518
1, 518
221, 518
145, 518
214, 518
135, 518
201, 518
202, 518
215, 518
13, 518
263, 518
318, 518
300, 518
326, 518
301, 518
409, 518
409, 518
301, 518
364, 518
223, 518
397, 518
435, 518
264, 518
441, 518
317, 518
487, 518
168, 518
112, 518
112, 518
203, 518
150, 518
30, 518
208, 518
206, 518
201, 518
210, 518
201, 518
32, 518
9, 518
203, 518
254, 518
6, 518
252, 518
504, 518
265, 518
167, 518
364, 518
432, 518
313, 518
28, 518
426, 518
433, 518
301, 518
393, 518
419, 518
467, 518
510, 518
202, 518
212, 518
167, 518
115, 518
120, 518
219, 518
170, 518
237, 518
220, 518
200, 518
212, 518
202, 518
208, 518
194, 518
187, 518
129, 518
145, 518
178, 518
235, 518
49, 518
1, 518
238, 518
206, 518
62, 518
200, 518
116, 518
293, 518
44, 518
0, 518
169, 518
100, 518
105, 518
206, 518
187, 518
216, 518
211, 518
218, 518
206, 518
135, 518
221, 518
239, 518
187, 518
101, 518
231, 518
222, 518
327, 518
429, 518
319, 518
387, 518
316, 518
218, 518
406, 518
334, 518
340, 518
348, 518
395, 518
359, 518
184, 518
0, 518
500, 518
47, 518
10, 518
205, 518
114, 518
323, 518
505, 518
79, 518
184, 518
226, 518
208, 518
115, 518
170, 518
103, 518
104, 518
213, 518
222, 518
210, 518
212, 518
317, 518
319, 518
326, 518
323, 518
301, 518
341, 518
387, 518
318, 518
441, 518
207, 518
332, 518
27, 518
126, 518
204, 518
209, 518
323, 518
308, 518
305, 518
340, 518
413, 518
503, 518
314, 518
429, 518
313, 518
465, 518
13, 518
300, 518
452, 518
357, 518
225, 518
0, 518
46, 518
12, 518
401, 518
357, 518
438, 518
515, 518
153, 518
186, 518
169, 518
211, 518
109, 518
102, 518
114, 518
212, 518
213, 518
223, 518
200, 518
206, 518
231, 518
211, 518
200, 518
212, 518
207, 518
212, 518
235, 518
171, 518
225, 518
143, 518
233, 518
159, 518
103, 518
106, 518
277, 518
141, 518
0, 518
21, 518
216, 518
220, 518
84, 518
211, 518
244, 518
224, 518
117, 518
3, 518
217, 518
314, 518
0, 518
294, 518
306, 518
321, 518
410, 518
233, 518
251, 518
390, 518
343, 518
474, 518
348, 518
467, 518
406, 518
200, 518
200, 518
132, 518
201, 518
307, 518
222, 518
320, 518
319, 518
300, 518
324, 518
432, 518
458, 518
143, 518
105, 518
136, 518
5, 518
205, 518
214, 518
214, 518
268, 518
291, 518
257, 518
341, 518
508, 518
172, 518
0, 518
189, 518
163, 518
60, 518
2, 518
72, 518
343, 518
305, 518
318, 518
403, 518
328, 518
50, 518
399, 518
229, 518
200, 518
212, 518
204, 518
203, 518
268, 518
211, 518
465, 518
394, 518
252, 518
500, 518
265, 518
239, 518
387, 518
481, 518
376, 518
318, 518
372, 518
28, 518
201, 518
203, 518
186, 518
106, 518
113, 518
212, 518
16, 518
248, 518
180, 518
52, 518
0, 518
205, 518
204, 518
223, 518
217, 518
179, 518
161, 518
0, 518
499, 518
1, 518
154, 518
360, 518
224, 518
401, 518
307, 518
351, 518
452, 518
509, 518
200, 518
203, 518
127, 518
290, 518
154, 518
104, 518
104, 518
201, 518
228, 518
158, 518
136, 518
208, 518
220, 518
215, 518
215, 518
238, 518
20, 518
0, 518
244, 518
116, 518
317, 518
289, 518
23, 518
1, 518
320, 518
342, 518
9, 518
387, 518
307, 518
413, 518
412, 518
301, 518
430, 518
508, 518
496, 518
323, 518
255, 518
362, 518
330, 518
343, 518
505, 518
298, 518
439, 518
382, 518
386, 518
442, 518
76, 518
429, 518
411, 518
412, 518
222, 518
1, 518
354, 518
400, 518
443, 518
509, 518
208, 518
214, 518
94, 518
3, 518
202, 518
38, 518
209, 518
204, 518
122, 518
203, 518
201, 518
184, 518
202, 518
10, 518
207, 518
210, 518
127, 518
124, 518
100, 518
217, 518
207, 518
155, 518
117, 518
247, 518
193, 518
205, 518
214, 518
259, 518
212, 518
237, 518
206, 518
304, 518
318, 518
303, 518
239, 518
295, 518
309, 518
501, 518
450, 518
228, 518
395, 518
48, 518
508, 518
226, 518
205, 518
7, 518
7, 518
155, 518
2, 518
169, 518
225, 518
302, 518
350, 518
455, 518
136, 518
205, 518
20, 518
221, 518
253, 518
164, 518
104, 518
87, 518
104, 518
241, 518
226, 518
171, 518
328, 518
205, 518
244, 518
442, 518
404, 518
382, 518
361, 518
478, 518
381, 518
186, 518
205, 518
200, 518
216, 518
233, 518
502, 518
189, 518
296, 518
132, 518
0, 518
212, 518
227, 518
137, 518
72, 518
1, 518
111, 518
118, 518
223, 518
207, 518
37, 518
150, 518
152, 518
148, 518
60, 518
220, 518
204, 518
302, 518
224, 518
327, 518
466, 518
179, 518
102, 518
219, 518
231, 518
239, 518
247, 518
151, 518
324, 518
349, 518
238, 518
215, 518
306, 518
316, 518
335, 518
401, 518
330, 518
398, 518
212, 518
172, 518
200, 518
11, 518
0, 518
221, 518
302, 518
221, 518
307, 518
360, 518
399, 518
249, 518
259, 518
2, 518
502, 518
106, 518
100, 518
105, 518
203, 518
4, 518
109, 518
30, 518
238, 518
74, 518
206, 518
126, 518
213, 518
308, 518
206, 518
237, 518
257, 518
201, 518
150, 518
185, 518
240, 518
202, 518
349, 518
306, 518
302, 518
217, 518
431, 518
332, 518
425, 518
390, 518
125, 518
1, 518
237, 518
5, 518
506, 518
158, 518
110, 518
154, 518
102, 518
123, 518
88, 518
207, 518
187, 518
127, 518
164, 518
33, 518
101, 518
141, 518
221, 518
298, 518
305, 518
295, 518
302, 518
451, 518
364, 518
311, 518
507, 518
312, 518
365, 518
351, 518
483, 518
398, 518
453, 518
401, 518
261, 518
402, 518
330, 518
406, 518
320, 518
373, 518
206, 518
1, 518
394, 518
447, 518
424, 518
3, 518
349, 518
504, 518
120, 518
208, 518
205, 518
96, 518
201, 518
245, 518
322, 518
502, 518
241, 518
6, 518
471, 518
294, 518
356, 518
500, 518
184, 518
208, 518
117, 518
100, 518
110, 518
221, 518
230, 518
202, 518
212, 518
215, 518
172, 518
206, 518
204, 518
187, 518
108, 518
100, 518
211, 518
179, 518
209, 518
204, 518
212, 518
245, 518
240, 518
9, 518
5, 518
221, 518
138, 518
180, 518
7, 518
270, 518
306, 518
342, 518
351, 518
403, 518
311, 518
405, 518
350, 518
290, 518
451, 518
507, 518
214, 518
202, 518
112, 518
221, 518
213, 518
85, 518
151, 518
143, 518
103, 518
104, 518
211, 518
221, 518
202, 518
262, 518
231, 518
146, 518
325, 518
233, 518
274, 518
323, 518
226, 518
332, 518
440, 518
502, 518
201, 518
131, 518
103, 518
14, 518
7, 518
131, 518
213, 518
139, 518
173, 518
1, 518
306, 518
12, 518
333, 518
249, 518
351, 518
500, 518
200, 518
179, 518
49, 518
203, 518
220, 518
287, 518
107, 518
104, 518
100, 518
201, 518
206, 518
223, 518
210, 518
243, 518
335, 518
123, 518
123, 518
204, 518
230, 518
250, 518
104, 518
26, 518
4, 518
254, 518
237, 518
4, 518
206, 518
185, 518
332, 518
315, 518
365, 518
1, 518
328, 518
304, 518
358, 518
301, 518
308, 518
300, 518
392, 518
503, 518
120, 518
229, 518
36, 518
169, 518
101, 518
155, 518
210, 518
214, 518
221, 518
32, 518
216, 518
204, 518
250, 518
222, 518
222, 518
251, 518
168, 518
133, 518
202, 518
234, 518
178, 518
269, 518
3, 518
1, 518
125, 518
100, 518
109, 518
292, 518
20, 518
212, 518
86, 518
4, 518
373, 518
168, 518
381, 518
220, 518
312, 518
311, 518
505, 518
131, 518
102, 518
130, 518
191, 518
96, 518
204, 518
143, 518
102, 518
177, 518
201, 518
131, 518
239, 518
300, 518
511, 518
342, 518
367, 518
370, 518
297, 518
306, 518
417, 518
394, 518
193, 518
1, 518
408, 518
505, 518
102, 518
1, 518
205, 518
4, 518
210, 518
140, 518
111, 518
222, 518
203, 518
156, 518
27, 518
107, 518
107, 518
207, 518
221, 518
244, 518
165, 518
219, 518
222, 518
129, 518
209, 518
243, 518
210, 518
220, 518
285, 518
244, 518
303, 518
312, 518
272, 518
331, 518
495, 518
301, 518
255, 518
303, 518
500, 518
331, 518
287, 518
329, 518
464, 518
395, 518
33, 518
0, 518
77, 518
1, 518
122, 518
111, 518
129, 518
208, 518
202, 518
227, 518
150, 518
215, 518
200, 518
1, 518
202, 518
186, 518
226, 518
219, 518
397, 518
298, 518
245, 518
386, 518
333, 518
362, 518
200, 518
212, 518
150, 518
207, 518
114, 518
329, 518
112, 518
150, 518
117, 518
108, 518
111, 518
212, 518
224, 518
214, 518
221, 518
305, 518
301, 518
301, 518
313, 518
501, 518
251, 518
222, 518
206, 518
207, 518
110, 518
217, 518
292, 518
250, 518
65, 518
0, 518
227, 518
287, 518
267, 518
57, 518
22, 518
95, 518
221, 518
226, 518
244, 518
237, 518
71, 518
21, 518
189, 518
162, 518
100, 518
105, 518
209, 518
220, 518
308, 518
206, 518
54, 518
317, 518
297, 518
239, 518
301, 518
318, 518
336, 518
501, 518
355, 518
307, 518
499, 518
258, 518
393, 518
429, 518
352, 518
498, 518
0, 518
2, 518
160, 518
6, 518
297, 518
365, 518
328, 518
404, 518
385, 518
368, 518
422, 518
50, 518
504, 518
312, 518
22, 518
503, 518
217, 518
213, 518
203, 518
137, 518
164, 518
109, 518
103, 518
205, 518
209, 518
214, 518
210, 518
208, 518
207, 518
154, 518
216, 518
214, 518
8, 518
239, 518
253, 518
293, 518
4, 518
278, 518
13, 518
5, 518
314, 518
433, 518
376, 518
223, 518
396, 518
341, 518
405, 518
203, 518
400, 518
456, 518
277, 518
504, 518
222, 518
160, 518
116, 518
0, 518
100, 518
207, 518
218, 518
204, 518
203, 518
187, 518
215, 518
209, 518
216, 518
241, 518
234, 518
271, 518
20, 518
219, 518
170, 518
218, 518
91, 518
4, 518
240, 518
179, 518
69, 518
157, 518
100, 518
143, 518
217, 518
249, 518
308, 518
35, 518
5, 518
104, 518
208, 518
170, 518
103, 518
129, 518
238, 518
251, 518
313, 518
224, 518
241, 518
359, 518
390, 518
344, 518
431, 518
200, 518
179, 518
149, 518
206, 518
218, 518
257, 518
295, 518
24, 518
501, 518
336, 518
457, 518
339, 518
14, 518
0, 518
14, 518
0, 518
348, 518
319, 518
410, 518
201, 518
113, 518
104, 518
101, 518
207, 518
217, 518
234, 518
199, 518
4, 518
213, 518
224, 518
404, 518
395, 518
342, 518
209, 518
393, 518
322, 518
459, 518
304, 518
504, 518
209, 518
181, 518
210, 518
212, 518
163, 518
215, 518
152, 518
107, 518
121, 518
216, 518
146, 518
171, 518
211, 518
0, 518
208, 518
232, 518
117, 518
38, 518
2, 518
305, 518
238, 518
245, 518
264, 518
258, 518
285, 518
501, 518
126, 518
0, 518
466, 518
14, 518
3, 518
453, 518
136, 518
294, 518
345, 518
353, 518
389, 518
372, 518
411, 518
203, 518
208, 518
133, 518
202, 518
219, 518
206, 518
178, 518
124, 518
110, 518
225, 518
215, 518
244, 518
229, 518
425, 518
214, 518
257, 518
230, 518
446, 518
3, 518
216, 518
180, 518
4, 518
514, 518
157, 518
90, 518
231, 518
211, 518
171, 518
58, 518
211, 518
214, 518
188, 518
208, 518
301, 518
229, 518
104, 518
103, 518
110, 518
202, 518
312, 518
141, 518
260, 518
304, 518
243, 518
310, 518
328, 518
247, 518
281, 518
384, 518
428, 518
426, 518
289, 518
503, 518
466, 518
345, 518
366, 518
320, 518
306, 518
309, 518
462, 518
361, 518
28, 518
0, 518
136, 518
3, 518
408, 518
447, 518
11, 518
143, 518
207, 518
209, 518
202, 518
189, 518
212, 518
204, 518
120, 518
154, 518
123, 518
119, 518
201, 518
211, 518
202, 518
274, 518
349, 518
287, 518
320, 518
347, 518
207, 518
321, 518
303, 518
318, 518
445, 518
201, 518
339, 518
342, 518
456, 518
340, 518
126, 518
193, 518
213, 518
261, 518
210, 518
299, 518
240, 518
4, 518
206, 518
312, 518
358, 518
386, 518
206, 518
309, 518
150, 518
1, 518
413, 518
13, 518
151, 518
314, 518
476, 518
352, 518
380, 518
206, 518
167, 518
105, 518
116, 518
202, 518
180, 518
210, 518
212, 518
315, 518
210, 518
271, 518
456, 518
400, 518
338, 518
316, 518
487, 518
355, 518
250, 518
417, 518
352, 518
311, 518
12, 518
10, 518
0, 518
349, 518
437, 518
202, 518
170, 518
220, 518
207, 518
189, 518
202, 518
166, 518
100, 518
110, 518
207, 518
237, 518
202, 518
203, 518
130, 518
267, 518
229, 518
500, 518
308, 518
264, 518
280, 518
210, 518
307, 518
523, 523
175, 523
207, 523
206, 523
222, 523
111, 523
226, 523
228, 523
394, 523
405, 523
250, 523
469, 523
270, 523
1, 523
318, 523
321, 523
59, 523
0, 523
453, 523
171, 523
420, 523
234, 523
310, 523
418, 523
364, 523
143, 523
102, 523
100, 523
209, 523
187, 523
202, 523
200, 523
64, 523
206, 523
205, 523
300, 523
487, 523
343, 523
344, 523
332, 523
424, 523
312, 523
311, 523
503, 523
218, 523
126, 523
63, 523
1, 523
108, 523
106, 523
205, 523
205, 523
200, 523
142, 523
106, 523
214, 523
153, 523
204, 523
188, 523
67, 523
12, 523
230, 523
26, 523
71, 523
310, 523
208, 523
283, 523
345, 523
315, 523
300, 523
510, 523
367, 523
11, 523
200, 523
213, 523
208, 523
319, 523
474, 523
405, 523
317, 523
331, 523
418, 523
454, 523
377, 523
406, 523
490, 523
96, 523
3, 523
3, 523
0, 523
381, 523
426, 523
501, 523
176, 523
149, 523
22, 523
63, 523
201, 523
267, 523
253, 523
503, 523
147, 523
112, 523
150, 523
132, 523
200, 523
144, 523
162, 523
276, 523
305, 523
324, 523
490, 523
307, 523
301, 523
380, 523
422, 523
500, 523
211, 523
392, 523
112, 523
107, 523
129, 523
200, 523
58, 523
1, 523
211, 523
192, 523
222, 523
210, 523
163, 523
201, 523
227, 523
215, 523
137, 523
10, 523
204, 523
124, 523
146, 523
9, 523
110, 523
249, 523
204, 523
32, 523
202, 523
202, 523
203, 523
142, 523
126, 523
151, 523
217, 523
205, 523
307, 523
172, 523
271, 523
276, 523
302, 523
317, 523
457, 523
334, 523
202, 523
289, 523
228, 523
432, 523
302, 523
231, 523
343, 523
445, 523
484, 523
349, 523
465, 523
7, 523
420, 523
9, 523
1, 523
388, 523
400, 523
504, 523
17, 523
121, 523
356, 523
281, 523
415, 523
508, 523
120, 523
103, 523
113, 523
188, 523
204, 523
246, 523
206, 523
205, 523
211, 523
86, 523
207, 523
237, 523
7, 523
313, 523
494, 523
389, 523
351, 523
506, 523
201, 523
221, 523
52, 523
4, 523
220, 523
2, 523
314, 523
359, 523
378, 523
399, 523
52, 523
20, 523
217, 523
170, 523
117, 523
129, 523
211, 523
104, 523
206, 523
209, 523
203, 523
218, 523
342, 523
394, 523
200, 523
214, 523
9, 523
205, 523
218, 523
101, 523
157, 523
231, 523
324, 523
4, 523
237, 523
305, 523
307, 523
314, 523
443, 523
348, 523
344, 523
341, 523
360, 523
375, 523
409, 523
400, 523
333, 523
1, 523
386, 523
5, 523
361, 523
339, 523
483, 523
163, 523
201, 523
180, 523
277, 523
455, 523
451, 523
377, 523
376, 523
370, 523
404, 523
399, 523
201, 523
16, 523
31, 523
203, 523
211, 523
202, 523
150, 523
101, 523
106, 523
201, 523
128, 523
204, 523
171, 523
204, 523
138, 523
17, 523
373, 523
328, 523
348, 523
506, 523
14, 523
0, 523
393, 523
21, 523
144, 523
204, 523
208, 523
213, 523
227, 523
378, 523
302, 523
307, 523
318, 523
306, 523
369, 523
374, 523
379, 523
272, 523
369, 523
432, 523
478, 523
204, 523
130, 523
116, 523
102, 523
207, 523
156, 523
207, 523
210, 523
212, 523
203, 523
223, 523
269, 523
239, 523
452, 523
400, 523
290, 523
500, 523
379, 523
223, 523
274, 523
421, 523
351, 523
11, 523
9, 523
448, 523
14, 523
1, 523
368, 523
502, 523
16, 523
120, 523
218, 523
200, 523
208, 523
173, 523
44, 523
201, 523
164, 523
105, 523
107, 523
223, 523
143, 523
207, 523
263, 523
201, 523
227, 523
202, 523
214, 523
159, 523
212, 523
186, 523
216, 523
89, 523
229, 523
204, 523
170, 523
225, 523
154, 523
256, 523
303, 523
307, 523
307, 523
508, 523
152, 523
119, 523
121, 523
177, 523
206, 523
166, 523
79, 523
3, 523
155, 523
200, 523
202, 523
233, 523
143, 523
201, 523
225, 523
203, 523
25, 523
0, 523
292, 523
32, 523
315, 523
479, 523
238, 523
367, 523
365, 523
341, 523
359, 523
396, 523
354, 523
444, 523
160, 523
435, 523
206, 523
202, 523
137, 523
3, 523
181, 523
190, 523
103, 523
105, 523
209, 523
227, 523
200, 523
205, 523
203, 523
185, 523
220, 523
10, 523
0, 523
431, 523
86, 523
265, 523
264, 523
306, 523
381, 523
310, 523
351, 523
452, 523
402, 523
365, 523
519, 523
210, 523
170, 523
203, 523
205, 523
201, 523
4, 523
76, 523
158, 523
107, 523
106, 523
212, 523
267, 523
224, 523
204, 523
202, 523
204, 523
243, 523
19, 523
1, 523
211, 523
83, 523
174, 523
204, 523
216, 523
143, 523
69, 523
3, 523
195, 523
257, 523
0, 523
309, 523
227, 523
250, 523
243, 523
358, 523
368, 523
335, 523
339, 523
505, 523
201, 523
207, 523
102, 523
100, 523
102, 523
214, 523
201, 523
200, 523
200, 523
150, 523
228, 523
151, 523
277, 523
82, 523
127, 523
209, 523
226, 523
16, 523
206, 523
219, 523
231, 523
19, 523
0, 523
200, 523
341, 523
503, 523
132, 523
0, 523
190, 523
45, 523
142, 523
140, 523
117, 523
162, 523
49, 523
142, 523
203, 523
113, 523
102, 523
188, 523
142, 523
187, 523
245, 523
210, 523
174, 523
107, 523
100, 523
293, 523
11, 523
188, 523
235, 523
277, 523
308, 523
328, 523
331, 523
366, 523
340, 523
416, 523
89, 523
304, 523
491, 523
203, 523
213, 523
213, 523
211, 523
307, 523
249, 523
318, 523
306, 523
329, 523
386, 523
343, 523
381, 523
392, 523
114, 523
1, 523
72, 523
1, 523
500, 523
172, 523
474, 523
134, 523
306, 523
509, 523
391, 523
342, 523
250, 523
333, 523
408, 523
307, 523
406, 523
510, 523
202, 523
317, 523
412, 523
371, 523
5, 523
434, 523
337, 523
354, 523
471, 523
462, 523
117, 523
101, 523
205, 523
214, 523
206, 523
211, 523
234, 523
16, 523
1, 523
103, 523
208, 523
220, 523
216, 523
166, 523
201, 523
190, 523
113, 523
107, 523
208, 523
201, 523
216, 523
7, 523
324, 523
62, 523
377, 523
321, 523
349, 523
486, 523
309, 523
300, 523
403, 523
403, 523
509, 523
200, 523
126, 523
203, 523
186, 523
203, 523
202, 523
198, 523
115, 523
107, 523
140, 523
212, 523
201, 523
210, 523
44, 523
1, 523
208, 523
205, 523
161, 523
226, 523
205, 523
231, 523
98, 523
1, 523
229, 523
200, 523
107, 523
25, 523
213, 523
212, 523
146, 523
214, 523
199, 523
212, 523
366, 523
414, 523
318, 523
329, 523
377, 523
418, 523
224, 523
394, 523
343, 523
474, 523
203, 523
127, 523
102, 523
122, 523
214, 523
202, 523
212, 523
232, 523
212, 523
73, 523
2, 523
203, 523
206, 523
226, 523
218, 523
293, 523
213, 523
409, 523
330, 523
220, 523
3, 523
345, 523
502, 523
297, 523
180, 523
320, 523
484, 523
111, 523
200, 523
200, 523
204, 523
161, 523
111, 523
111, 523
229, 523
137, 523
201, 523
270, 523
304, 523
451, 523
365, 523
404, 523
32, 523
330, 523
506, 523
20, 523
356, 523
324, 523
315, 523
502, 523
191, 523
0, 523
175, 523
64, 523
10, 523
204, 523
193, 523
252, 523
209, 523
377, 523
11, 523
140, 523
428, 523
389, 523
355, 523
325, 523
424, 523
427, 523
410, 523
317, 523
501, 523
214, 523
201, 523
200, 523
8, 523
207, 523
107, 523
120, 523
107, 523
205, 523
193, 523
213, 523
229, 523
14, 523
206, 523
211, 523
200, 523
211, 523
210, 523
21, 523
0, 523
466, 523
410, 523
140, 523
6, 523
18, 523
244, 523
177, 523
103, 523
106, 523
95, 523
227, 523
207, 523
206, 523
201, 523
118, 523
204, 523
216, 523
