#Algorithm: ExpectedSARSA, Speed: 1, Boost: 6, PM: False, Env size: (20, 20), Car size: (5, 4),
#Counter: 100, Nsteps: 10000000, Gamma: 1, LearnRate: 0.01, Eps: 0.5, Epsdecay: 0.9
# hybrid obtained by hybrid improved with counter=100 and boost=6
3, 3
0, 3
8, 8
1, 8
3, 8
1, 8
3, 8
2, 8
2, 8
2, 8
4, 8
8, 8
5, 8
10, 10
12, 12
5, 12
2, 12
4, 12
13, 13
2, 13
2, 13
9, 13
7, 13
3, 13
3, 13
0, 13
2, 13
3, 13
14, 14
12, 14
3, 14
5, 14
9, 14
8, 14
5, 14
9, 14
8, 14
4, 14
5, 14
7, 14
11, 14
1, 14
4, 14
4, 14
2, 14
0, 14
8, 14
1, 14
2, 14
6, 14
14, 14
0, 14
15, 15
4, 15
4, 15
1, 15
4, 15
4, 15
8, 15
4, 15
11, 15
3, 15
5, 15
5, 15
1, 15
12, 15
0, 15
0, 15
4, 15
7, 15
15, 15
5, 15
11, 15
3, 15
6, 15
14, 15
6, 15
10, 15
5, 15
5, 15
4, 15
0, 15
5, 15
6, 15
0, 15
5, 15
6, 15
1, 15
11, 15
4, 15
7, 15
10, 15
4, 15
7, 15
5, 15
3, 15
0, 15
7, 15
3, 15
3, 15
9, 15
2, 15
8, 15
6, 15
1, 15
0, 15
5, 15
6, 15
3, 15
6, 15
1, 15
6, 15
9, 15
1, 15
2, 15
0, 15
12, 15
6, 15
0, 15
8, 15
9, 15
6, 15
1, 15
3, 15
2, 15
12, 15
13, 15
5, 15
7, 15
18, 18
8, 18
6, 18
12, 18
6, 18
0, 18
7, 18
6, 18
10, 18
5, 18
5, 18
5, 18
8, 18
7, 18
5, 18
13, 18
3, 18
1, 18
6, 18
12, 18
2, 18
10, 18
2, 18
20, 20
6, 20
5, 20
3, 20
15, 20
14, 20
11, 20
11, 20
12, 20
12, 20
4, 20
8, 20
7, 20
4, 20
5, 20
13, 20
1, 20
19, 20
3, 20
5, 20
5, 20
0, 20
1, 20
9, 20
5, 20
4, 20
6, 20
12, 20
6, 20
3, 20
6, 20
5, 20
2, 20
10, 20
0, 20
9, 20
0, 20
13, 20
6, 20
2, 20
3, 20
1, 20
0, 20
5, 20
9, 20
6, 20
4, 20
9, 20
9, 20
4, 20
4, 20
7, 20
5, 20
8, 20
4, 20
3, 20
10, 20
4, 20
9, 20
10, 20
18, 20
8, 20
15, 20
0, 20
0, 20
7, 20
14, 20
16, 20
7, 20
5, 20
11, 20
6, 20
5, 20
8, 20
4, 20
9, 20
8, 20
9, 20
17, 20
2, 20
20, 20
0, 20
12, 20
1, 20
6, 20
9, 20
4, 20
5, 20
5, 20
4, 20
2, 20
9, 20
5, 20
7, 20
6, 20
8, 20
10, 20
8, 20
2, 20
3, 20
6, 20
1, 20
5, 20
1, 20
6, 20
9, 20
1, 20
6, 20
3, 20
5, 20
3, 20
12, 20
19, 20
11, 20
9, 20
10, 20
5, 20
4, 20
5, 20
3, 20
13, 20
15, 20
5, 20
7, 20
5, 20
7, 20
13, 20
15, 20
0, 20
6, 20
4, 20
9, 20
5, 20
7, 20
2, 20
6, 20
7, 20
2, 20
2, 20
7, 20
6, 20
14, 20
2, 20
10, 20
7, 20
1, 20
4, 20
7, 20
10, 20
8, 20
6, 20
7, 20
5, 20
5, 20
4, 20
11, 20
4, 20
1, 20
5, 20
5, 20
5, 20
12, 20
0, 20
7, 20
3, 20
7, 20
16, 20
19, 20
11, 20
2, 20
12, 20
8, 20
4, 20
4, 20
3, 20
7, 20
3, 20
5, 20
0, 20
4, 20
11, 20
0, 20
9, 20
10, 20
4, 20
3, 20
7, 20
5, 20
20, 20
12, 20
5, 20
2, 20
3, 20
4, 20
8, 20
9, 20
4, 20
5, 20
10, 20
4, 20
8, 20
3, 20
4, 20
7, 20
13, 20
5, 20
4, 20
8, 20
2, 20
10, 20
3, 20
6, 20
11, 20
4, 20
10, 20
1, 20
4, 20
5, 20
2, 20
2, 20
1, 20
5, 20
6, 20
5, 20
0, 20
6, 20
3, 20
12, 20
14, 20
7, 20
11, 20
0, 20
5, 20
5, 20
0, 20
6, 20
3, 20
8, 20
4, 20
5, 20
15, 20
7, 20
3, 20
3, 20
1, 20
9, 20
4, 20
5, 20
2, 20
3, 20
5, 20
3, 20
4, 20
3, 20
9, 20
4, 20
20, 20
2, 20
5, 20
0, 20
0, 20
7, 20
15, 20
1, 20
8, 20
6, 20
6, 20
2, 20
5, 20
0, 20
6, 20
0, 20
10, 20
1, 20
8, 20
2, 20
3, 20
14, 20
11, 20
2, 20
0, 20
7, 20
2, 20
12, 20
1, 20
17, 20
10, 20
6, 20
11, 20
2, 20
4, 20
7, 20
10, 20
9, 20
5, 20
2, 20
1, 20
1, 20
6, 20
0, 20
10, 20
14, 20
3, 20
22, 22
3, 22
7, 22
6, 22
0, 22
0, 22
5, 22
2, 22
4, 22
2, 22
3, 22
3, 22
5, 22
2, 22
4, 22
3, 22
7, 22
5, 22
7, 22
9, 22
12, 22
10, 22
3, 22
8, 22
2, 22
9, 22
11, 22
10, 22
7, 22
3, 22
8, 22
11, 22
14, 22
2, 22
4, 22
6, 22
8, 22
11, 22
3, 22
0, 22
24, 24
15, 24
14, 24
3, 24
6, 24
3, 24
10, 24
7, 24
11, 24
6, 24
7, 24
0, 24
10, 24
4, 24
2, 24
11, 24
3, 24
10, 24
9, 24
2, 24
6, 24
9, 24
6, 24
11, 24
4, 24
6, 24
2, 24
5, 24
6, 24
5, 24
6, 24
1, 24
2, 24
7, 24
6, 24
3, 24
8, 24
9, 24
12, 24
5, 24
8, 24
5, 24
10, 24
4, 24
4, 24
1, 24
24, 24
2, 24
8, 24
5, 24
0, 24
15, 24
0, 24
5, 24
6, 24
5, 24
3, 24
2, 24
3, 24
8, 24
12, 24
9, 24
7, 24
9, 24
4, 24
2, 24
3, 24
9, 24
1, 24
7, 24
13, 24
0, 24
7, 24
0, 24
3, 24
6, 24
4, 24
4, 24
3, 24
5, 24
3, 24
1, 24
1, 24
4, 24
4, 24
0, 24
9, 24
4, 24
2, 24
9, 24
14, 24
2, 24
3, 24
3, 24
4, 24
1, 24
4, 24
9, 24
0, 24
1, 24
1, 24
15, 24
1, 24
3, 24
6, 24
3, 24
4, 24
6, 24
12, 24
5, 24
4, 24
12, 24
4, 24
3, 24
6, 24
0, 24
1, 24
3, 24
10, 24
5, 24
5, 24
10, 24
1, 24
4, 24
6, 24
2, 24
4, 24
10, 24
9, 24
8, 24
5, 24
5, 24
9, 24
2, 24
4, 24
3, 24
2, 24
2, 24
10, 24
2, 24
3, 24
1, 24
2, 24
4, 24
1, 24
0, 24
4, 24
3, 24
4, 24
4, 24
8, 24
6, 24
14, 24
2, 24
5, 24
2, 24
1, 24
1, 24
4, 24
4, 24
1, 24
7, 24
1, 24
5, 24
14, 24
3, 24
3, 24
6, 24
4, 24
4, 24
13, 24
3, 24
5, 24
6, 24
8, 24
4, 24
0, 24
3, 24
3, 24
7, 24
4, 24
17, 24
3, 24
1, 24
16, 24
5, 24
4, 24
5, 24
4, 24
5, 24
7, 24
4, 24
7, 24
9, 24
5, 24
0, 24
1, 24
2, 24
12, 24
3, 24
6, 24
1, 24
5, 24
10, 24
7, 24
2, 24
4, 24
1, 24
9, 24
3, 24
1, 24
13, 24
2, 24
15, 24
4, 24
1, 24
16, 24
3, 24
11, 24
4, 24
6, 24
6, 24
2, 24
5, 24
6, 24
3, 24
3, 24
5, 24
0, 24
11, 24
5, 24
2, 24
6, 24
7, 24
6, 24
1, 24
7, 24
5, 24
5, 24
1, 24
6, 24
9, 24
0, 24
0, 24
4, 24
1, 24
0, 24
3, 24
0, 24
3, 24
39, 39
14, 39
2, 39
14, 39
6, 39
7, 39
1, 39
24, 39
0, 39
1, 39
20, 39
10, 39
2, 39
9, 39
17, 39
15, 39
14, 39
11, 39
3, 39
7, 39
2, 39
8, 39
7, 39
5, 39
4, 39
5, 39
0, 39
12, 39
16, 39
0, 39
11, 39
4, 39
8, 39
10, 39
7, 39
4, 39
7, 39
8, 39
2, 39
15, 39
1, 39
6, 39
2, 39
18, 39
11, 39
4, 39
4, 39
5, 39
4, 39
1, 39
8, 39
8, 39
7, 39
1, 39
19, 39
3, 39
8, 39
12, 39
5, 39
0, 39
0, 39
6, 39
4, 39
12, 39
7, 39
1, 39
0, 39
3, 39
7, 39
1, 39
4, 39
1, 39
10, 39
0, 39
0, 39
3, 39
6, 39
6, 39
4, 39
0, 39
6, 39
15, 39
1, 39
2, 39
3, 39
0, 39
21, 39
6, 39
0, 39
7, 39
11, 39
8, 39
13, 39
22, 39
21, 39
0, 39
3, 39
6, 39
17, 39
13, 39
4, 39
2, 39
8, 39
0, 39
7, 39
3, 39
6, 39
4, 39
0, 39
0, 39
3, 39
3, 39
4, 39
0, 39
2, 39
4, 39
3, 39
10, 39
3, 39
9, 39
0, 39
7, 39
3, 39
14, 39
3, 39
34, 39
5, 39
3, 39
9, 39
3, 39
7, 39
1, 39
38, 39
2, 39
4, 39
0, 39
7, 39
1, 39
7, 39
14, 39
6, 39
6, 39
4, 39
2, 39
2, 39
3, 39
3, 39
8, 39
3, 39
8, 39
54, 54
30, 54
12, 54
32, 54
3, 54
0, 54
2, 54
16, 54
132, 132
21, 132
9, 132
24, 132
23, 132
9, 132
3, 132
0, 132
35, 132
2, 132
16, 132
18, 132
55, 132
109, 132
13, 132
3, 132
1, 132
7, 132
63, 132
13, 132
11, 132
28, 132
20, 132
32, 132
75, 132
23, 132
95, 132
5, 132
38, 132
9, 132
24, 132
0, 132
46, 132
51, 132
47, 132
4, 132
2, 132
5, 132
0, 132
22, 132
27, 132
10, 132
2, 132
31, 132
8, 132
79, 132
29, 132
11, 132
52, 132
18, 132
9, 132
59, 132
19, 132
4, 132
92, 132
5, 132
51, 132
39, 132
45, 132
107, 132
5, 132
19, 132
3, 132
46, 132
61, 132
17, 132
2, 132
8, 132
2, 132
93, 132
0, 132
0, 132
6, 132
2, 132
43, 132
0, 132
8, 132
0, 132
3, 132
1, 132
0, 132
15, 132
20, 132
0, 132
58, 132
43, 132
25, 132
93, 132
8, 132
52, 132
22, 132
29, 132
19, 132
55, 132
47, 132
64, 132
56, 132
66, 132
36, 132
0, 132
38, 132
11, 132
5, 132
5, 132
63, 132
72, 132
20, 132
2, 132
4, 132
9, 132
3, 132
1, 132
13, 132
26, 132
1, 132
29, 132
17, 132
8, 132
2, 132
22, 132
11, 132
0, 132
10, 132
9, 132
10, 132
2, 132
5, 132
86, 132
1, 132
0, 132
26, 132
4, 132
27, 132
30, 132
1, 132
11, 132
9, 132
0, 132
2, 132
114, 132
1, 132
35, 132
48, 132
11, 132
57, 132
26, 132
9, 132
0, 132
15, 132
87, 132
13, 132
76, 132
22, 132
26, 132
47, 132
10, 132
56, 132
7, 132
55, 132
14, 132
0, 132
106, 132
51, 132
5, 132
7, 132
23, 132
14, 132
16, 132
32, 132
107, 132
21, 132
38, 132
64, 132
76, 132
15, 132
5, 132
1, 132
13, 132
12, 132
24, 132
31, 132
32, 132
3, 132
12, 132
0, 132
54, 132
20, 132
18, 132
32, 132
57, 132
4, 132
70, 132
1, 132
10, 132
49, 132
12, 132
38, 132
4, 132
0, 132
20, 132
3, 132
17, 132
56, 132
51, 132
2, 132
72, 132
18, 132
81, 132
0, 132
50, 132
9, 132
86, 132
1, 132
49, 132
20, 132
5, 132
66, 132
115, 132
10, 132
66, 132
6, 132
79, 132
95, 132
19, 132
12, 132
4, 132
31, 132
16, 132
63, 132
101, 132
36, 132
23, 132
12, 132
28, 132
48, 132
1, 132
12, 132
42, 132
9, 132
44, 132
12, 132
35, 132
0, 132
15, 132
2, 132
60, 132
11, 132
16, 132
13, 132
0, 132
35, 132
2, 132
14, 132
34, 132
5, 132
7, 132
15, 132
0, 132
20, 132
108, 132
7, 132
35, 132
5, 132
14, 132
41, 132
28, 132
39, 132
4, 132
24, 132
35, 132
44, 132
110, 132
60, 132
18, 132
36, 132
25, 132
55, 132
21, 132
0, 132
19, 132
48, 132
46, 132
14, 132
30, 132
40, 132
12, 132
67, 132
0, 132
7, 132
2, 132
58, 132
8, 132
2, 132
25, 132
12, 132
15, 132
12, 132
90, 132
50, 132
5, 132
83, 132
10, 132
26, 132
2, 132
32, 132
13, 132
28, 132
39, 132
20, 132
27, 132
45, 132
60, 132
3, 132
14, 132
0, 132
43, 132
50, 132
1, 132
39, 132
59, 132
13, 132
3, 132
42, 132
7, 132
11, 132
68, 132
102, 132
1, 132
103, 132
6, 132
48, 132
34, 132
4, 132
23, 132
13, 132
0, 132
31, 132
5, 132
10, 132
46, 132
17, 132
6, 132
28, 132
114, 132
28, 132
73, 132
88, 132
0, 132
29, 132
4, 132
76, 132
20, 132
2, 132
11, 132
85, 132
37, 132
5, 132
45, 132
1, 132
19, 132
22, 132
17, 132
79, 132
25, 132
66, 132
6, 132
0, 132
8, 132
58, 132
40, 132
38, 132
1, 132
84, 132
11, 132
96, 132
68, 132
7, 132
53, 132
70, 132
4, 132
10, 132
100, 132
19, 132
16, 132
25, 132
110, 132
4, 132
11, 132
89, 132
31, 132
68, 132
41, 132
14, 132
9, 132
79, 132
79, 132
100, 132
6, 132
69, 132
24, 132
20, 132
65, 132
10, 132
53, 132
14, 132
6, 132
7, 132
4, 132
48, 132
7, 132
21, 132
36, 132
27, 132
0, 132
35, 132
4, 132
20, 132
19, 132
19, 132
46, 132
13, 132
1, 132
14, 132
9, 132
33, 132
36, 132
101, 132
71, 132
27, 132
18, 132
8, 132
8, 132
7, 132
7, 132
103, 132
68, 132
7, 132
37, 132
34, 132
20, 132
119, 132
7, 132
13, 132
100, 132
3, 132
16, 132
32, 132
58, 132
3, 132
21, 132
41, 132
3, 132
53, 132
104, 132
8, 132
24, 132
29, 132
20, 132
5, 132
84, 132
1, 132
6, 132
11, 132
5, 132
61, 132
9, 132
32, 132
53, 132
102, 132
1, 132
12, 132
43, 132
33, 132
61, 132
111, 132
6, 132
7, 132
30, 132
10, 132
65, 132
0, 132
13, 132
18, 132
18, 132
3, 132
35, 132
0, 132
51, 132
105, 132
27, 132
4, 132
94, 132
8, 132
33, 132
0, 132
0, 132
14, 132
21, 132
60, 132
44, 132
6, 132
57, 132
70, 132
59, 132
68, 132
34, 132
8, 132
10, 132
103, 132
0, 132
54, 132
1, 132
0, 132
13, 132
30, 132
115, 132
104, 132
5, 132
27, 132
17, 132
15, 132
17, 132
45, 132
10, 132
0, 132
8, 132
9, 132
8, 132
2, 132
17, 132
5, 132
2, 132
2, 132
19, 132
40, 132
1, 132
15, 132
3, 132
4, 132
7, 132
85, 132
11, 132
40, 132
96, 132
76, 132
75, 132
47, 132
19, 132
2, 132
8, 132
3, 132
18, 132
29, 132
6, 132
18, 132
78, 132
3, 132
79, 132
59, 132
95, 132
15, 132
63, 132
59, 132
37, 132
50, 132
46, 132
29, 132
9, 132
10, 132
1, 132
25, 132
26, 132
38, 132
0, 132
35, 132
23, 132
0, 132
84, 132
43, 132
23, 132
9, 132
8, 132
24, 132
14, 132
5, 132
20, 132
1, 132
1, 132
8, 132
2, 132
20, 132
4, 132
5, 132
0, 132
0, 132
25, 132
13, 132
19, 132
22, 132
3, 132
11, 132
2, 132
11, 132
11, 132
3, 132
3, 132
1, 132
3, 132
1, 132
0, 132
52, 132
8, 132
16, 132
9, 132
1, 132
11, 132
1, 132
0, 132
0, 132
3, 132
36, 132
3, 132
18, 132
1, 132
19, 132
7, 132
7, 132
2, 132
0, 132
2, 132
9, 132
1, 132
6, 132
11, 132
11, 132
18, 132
7, 132
3, 132
1, 132
3, 132
15, 132
5, 132
1, 132
0, 132
18, 132
1, 132
6, 132
0, 132
2, 132
7, 132
0, 132
33, 132
0, 132
2, 132
1, 132
1, 132
5, 132
11, 132
1, 132
5, 132
2, 132
12, 132
2, 132
1, 132
9, 132
10, 132
1, 132
17, 132
12, 132
0, 132
3, 132
1, 132
1, 132
4, 132
6, 132
10, 132
6, 132
0, 132
0, 132
0, 132
10, 132
35, 132
10, 132
18, 132
16, 132
1, 132
1, 132
3, 132
13, 132
103, 132
4, 132
9, 132
11, 132
3, 132
0, 132
2, 132
23, 132
8, 132
7, 132
1, 132
31, 132
106, 132
138, 138
12, 138
0, 138
23, 138
63, 138
17, 138
0, 138
55, 138
101, 138
40, 138
112, 138
107, 138
60, 138
25, 138
34, 138
32, 138
2, 138
103, 138
84, 138
0, 138
1, 138
0, 138
119, 138
123, 138
100, 138
45, 138
28, 138
8, 138
106, 138
109, 138
0, 138
138, 138
158, 158
71, 158
74, 158
7, 158
142, 158
109, 158
104, 158
103, 158
109, 158
124, 158
114, 158
110, 158
106, 158
74, 158
17, 158
6, 158
9, 158
26, 158
11, 158
0, 158
10, 158
38, 158
9, 158
1, 158
2, 158
1, 158
107, 158
13, 158
27, 158
103, 158
5, 158
101, 158
102, 158
100, 158
103, 158
6, 158
121, 158
123, 158
135, 158
126, 158
116, 158
33, 158
104, 158
139, 158
102, 158
169, 169
101, 169
101, 169
102, 169
122, 169
109, 169
32, 169
102, 169
114, 169
132, 169
101, 169
102, 169
142, 169
107, 169
10, 169
100, 169
125, 169
108, 169
138, 169
116, 169
118, 169
109, 169
105, 169
117, 169
122, 169
32, 169
139, 169
0, 169
0, 169
47, 169
8, 169
4, 169
1, 169
43, 169
31, 169
4, 169
0, 169
0, 169
5, 169
103, 169
21, 169
23, 169
3, 169
7, 169
1, 169
2, 169
14, 169
1, 169
7, 169
1, 169
47, 169
5, 169
3, 169
0, 169
35, 169
6, 169
49, 169
0, 169
0, 169
2, 169
2, 169
22, 169
12, 169
6, 169
5, 169
2, 169
0, 169
33, 169
7, 169
2, 169
27, 169
6, 169
23, 169
0, 169
12, 169
16, 169
30, 169
12, 169
34, 169
11, 169
14, 169
4, 169
0, 169
17, 169
54, 169
11, 169
47, 169
19, 169
28, 169
9, 169
10, 169
14, 169
5, 169
3, 169
1, 169
1, 169
47, 169
9, 169
1, 169
0, 169
0, 169
1, 169
88, 169
35, 169
10, 169
19, 169
16, 169
12, 169
9, 169
12, 169
1, 169
8, 169
45, 169
8, 169
48, 169
0, 169
21, 169
45, 169
1, 169
31, 169
0, 169
1, 169
51, 169
105, 169
0, 169
13, 169
101, 169
19, 169
10, 169
20, 169
3, 169
15, 169
4, 169
9, 169
20, 169
50, 169
2, 169
0, 169
151, 169
0, 169
121, 169
48, 169
26, 169
59, 169
21, 169
127, 169
92, 169
71, 169
61, 169
101, 169
1, 169
122, 169
43, 169
107, 169
19, 169
106, 169
108, 169
110, 169
133, 169
102, 169
101, 169
156, 169
186, 186
155, 186
0, 186
20, 186
8, 186
8, 186
6, 186
0, 186
22, 186
14, 186
8, 186
13, 186
3, 186
0, 186
0, 186
3, 186
3, 186
3, 186
118, 186
104, 186
24, 186
101, 186
114, 186
112, 186
102, 186
140, 186
104, 186
136, 186
110, 186
100, 186
102, 186
107, 186
118, 186
134, 186
170, 186
115, 186
106, 186
107, 186
100, 186
100, 186
147, 186
136, 186
104, 186
103, 186
133, 186
149, 186
27, 186
23, 186
31, 186
31, 186
63, 186
36, 186
25, 186
104, 186
28, 186
4, 186
57, 186
90, 186
24, 186
40, 186
7, 186
103, 186
107, 186
102, 186
143, 186
118, 186
101, 186
109, 186
4, 186
108, 186
125, 186
120, 186
107, 186
18, 186
105, 186
100, 186
23, 186
52, 186
151, 186
115, 186
38, 186
23, 186
20, 186
4, 186
0, 186
111, 186
139, 186
110, 186
61, 186
30, 186
5, 186
10, 186
111, 186
15, 186
110, 186
104, 186
102, 186
51, 186
122, 186
132, 186
134, 186
103, 186
112, 186
114, 186
119, 186
125, 186
105, 186
111, 186
113, 186
101, 186
108, 186
103, 186
108, 186
108, 186
143, 186
101, 186
101, 186
116, 186
154, 186
107, 186
136, 186
111, 186
131, 186
119, 186
140, 186
131, 186
3, 186
120, 186
102, 186
100, 186
115, 186
125, 186
112, 186
107, 186
211, 211
114, 211
101, 211
106, 211
109, 211
124, 211
108, 211
102, 211
101, 211
154, 211
120, 211
114, 211
102, 211
108, 211
146, 211
133, 211
112, 211
160, 211
133, 211
155, 211
215, 215
100, 215
110, 215
117, 215
107, 215
163, 215
156, 215
135, 215
113, 215
158, 215
206, 215
172, 215
200, 215
118, 215
154, 215
113, 215
105, 215
107, 215
110, 215
122, 215
103, 215
111, 215
105, 215
103, 215
105, 215
124, 215
101, 215
112, 215
142, 215
130, 215
104, 215
133, 215
25, 215
12, 215
170, 215
137, 215
101, 215
103, 215
105, 215
160, 215
116, 215
110, 215
128, 215
101, 215
100, 215
109, 215
122, 215
124, 215
132, 215
132, 215
101, 215
101, 215
106, 215
100, 215
157, 215
104, 215
104, 215
108, 215
126, 215
104, 215
113, 215
151, 215
105, 215
136, 215
152, 215
209, 215
105, 215
18, 215
12, 215
109, 215
122, 215
2, 215
126, 215
6, 215
128, 215
100, 215
160, 215
148, 215
120, 215
105, 215
107, 215
146, 215
101, 215
137, 215
103, 215
104, 215
125, 215
108, 215
103, 215
106, 215
111, 215
158, 215
145, 215
103, 215
176, 215
139, 215
129, 215
138, 215
107, 215
177, 215
112, 215
117, 215
101, 215
154, 215
156, 215
154, 215
126, 215
212, 215
100, 215
106, 215
105, 215
104, 215
115, 215
128, 215
105, 215
126, 215
134, 215
186, 215
119, 215
105, 215
108, 215
44, 215
13, 215
3, 215
4, 215
13, 215
14, 215
1, 215
10, 215
55, 215
135, 215
111, 215
2, 215
64, 215
111, 215
16, 215
25, 215
24, 215
9, 215
24, 215
28, 215
34, 215
36, 215
20, 215
4, 215
9, 215
29, 215
102, 215
104, 215
7, 215
18, 215
134, 215
6, 215
80, 215
41, 215
66, 215
60, 215
0, 215
113, 215
40, 215
32, 215
47, 215
41, 215
32, 215
101, 215
30, 215
12, 215
26, 215
28, 215
53, 215
16, 215
125, 215
7, 215
101, 215
19, 215
0, 215
28, 215
24, 215
78, 215
6, 215
14, 215
42, 215
23, 215
1, 215
2, 215
94, 215
49, 215
0, 215
102, 215
24, 215
13, 215
51, 215
1, 215
32, 215
5, 215
5, 215
12, 215
78, 215
53, 215
25, 215
35, 215
16, 215
10, 215
16, 215
14, 215
46, 215
13, 215
3, 215
14, 215
3, 215
28, 215
9, 215
2, 215
53, 215
3, 215
12, 215
6, 215
133, 215
101, 215
115, 215
49, 215
104, 215
101, 215
107, 215
102, 215
113, 215
113, 215
106, 215
14, 215
7, 215
19, 215
24, 215
44, 215
113, 215
107, 215
108, 215
105, 215
114, 215
86, 215
61, 215
27, 215
101, 215
105, 215
101, 215
100, 215
104, 215
100, 215
126, 215
106, 215
112, 215
103, 215
115, 215
133, 215
152, 215
100, 215
101, 215
124, 215
106, 215
203, 215
102, 215
107, 215
142, 215
120, 215
106, 215
103, 215
115, 215
104, 215
139, 215
108, 215
102, 215
103, 215
101, 215
113, 215
139, 215
105, 215
103, 215
109, 215
149, 215
105, 215
119, 215
106, 215
108, 215
105, 215
101, 215
140, 215
100, 215
102, 215
102, 215
100, 215
106, 215
128, 215
124, 215
103, 215
103, 215
111, 215
115, 215
123, 215
111, 215
111, 215
113, 215
109, 215
119, 215
103, 215
101, 215
123, 215
115, 215
124, 215
105, 215
130, 215
116, 215
148, 215
102, 215
115, 215
128, 215
147, 215
114, 215
101, 215
102, 215
105, 215
110, 215
103, 215
101, 215
120, 215
104, 215
184, 215
152, 215
126, 215
130, 215
122, 215
139, 215
207, 215
156, 215
118, 215
105, 215
102, 215
121, 215
113, 215
103, 215
118, 215
111, 215
104, 215
111, 215
106, 215
114, 215
106, 215
145, 215
103, 215
109, 215
113, 215
110, 215
103, 215
107, 215
105, 215
107, 215
123, 215
123, 215
136, 215
112, 215
103, 215
124, 215
122, 215
104, 215
106, 215
125, 215
114, 215
119, 215
103, 215
113, 215
114, 215
103, 215
136, 215
128, 215
115, 215
134, 215
135, 215
101, 215
139, 215
118, 215
103, 215
139, 215
103, 215
101, 215
105, 215
101, 215
100, 215
108, 215
112, 215
107, 215
113, 215
112, 215
116, 215
113, 215
104, 215
108, 215
135, 215
114, 215
128, 215
100, 215
167, 215
114, 215
108, 215
131, 215
104, 215
119, 215
114, 215
136, 215
108, 215
133, 215
107, 215
109, 215
101, 215
105, 215
125, 215
156, 215
127, 215
101, 215
111, 215
102, 215
114, 215
121, 215
140, 215
105, 215
108, 215
121, 215
119, 215
106, 215
131, 215
134, 215
117, 215
128, 215
115, 215
103, 215
139, 215
130, 215
108, 215
105, 215
106, 215
132, 215
109, 215
104, 215
116, 215
110, 215
105, 215
119, 215
109, 215
107, 215
103, 215
136, 215
107, 215
122, 215
106, 215
136, 215
118, 215
106, 215
111, 215
141, 215
102, 215
106, 215
105, 215
122, 215
110, 215
134, 215
106, 215
108, 215
114, 215
127, 215
107, 215
133, 215
107, 215
161, 215
116, 215
150, 215
103, 215
103, 215
102, 215
100, 215
128, 215
112, 215
105, 215
131, 215
103, 215
108, 215
103, 215
139, 215
100, 215
103, 215
106, 215
130, 215
118, 215
122, 215
125, 215
120, 215
118, 215
112, 215
111, 215
108, 215
123, 215
106, 215
109, 215
131, 215
125, 215
113, 215
119, 215
114, 215
106, 215
104, 215
105, 215
103, 215
115, 215
127, 215
129, 215
104, 215
121, 215
114, 215
111, 215
109, 215
101, 215
108, 215
128, 215
102, 215
109, 215
116, 215
101, 215
102, 215
106, 215
101, 215
141, 215
105, 215
117, 215
100, 215
106, 215
129, 215
100, 215
121, 215
111, 215
104, 215
159, 215
122, 215
124, 215
104, 215
150, 215
107, 215
102, 215
115, 215
138, 215
115, 215
138, 215
100, 215
125, 215
107, 215
121, 215
100, 215
146, 215
103, 215
104, 215
109, 215
148, 215
170, 215
114, 215
100, 215
103, 215
124, 215
107, 215
109, 215
103, 215
116, 215
105, 215
106, 215
110, 215
102, 215
111, 215
101, 215
102, 215
101, 215
110, 215
100, 215
109, 215
111, 215
102, 215
110, 215
132, 215
127, 215
140, 215
110, 215
122, 215
112, 215
131, 215
105, 215
131, 215
124, 215
101, 215
101, 215
131, 215
116, 215
125, 215
148, 215
163, 215
115, 215
108, 215
112, 215
111, 215
109, 215
102, 215
112, 215
101, 215
111, 215
111, 215
110, 215
118, 215
130, 215
122, 215
131, 215
123, 215
100, 215
111, 215
118, 215
110, 215
136, 215
131, 215
127, 215
101, 215
111, 215
109, 215
134, 215
111, 215
205, 215
108, 215
122, 215
103, 215
100, 215
105, 215
164, 215
160, 215
163, 215
112, 215
182, 215
102, 215
116, 215
101, 215
130, 215
109, 215
106, 215
109, 215
100, 215
103, 215
100, 215
123, 215
118, 215
106, 215
113, 215
100, 215
108, 215
105, 215
203, 215
110, 215
100, 215
111, 215
127, 215
114, 215
154, 215
124, 215
126, 215
101, 215
113, 215
130, 215
116, 215
100, 215
113, 215
110, 215
100, 215
113, 215
132, 215
128, 215
103, 215
143, 215
112, 215
129, 215
104, 215
119, 215
148, 215
101, 215
105, 215
110, 215
101, 215
108, 215
111, 215
102, 215
105, 215
132, 215
129, 215
107, 215
103, 215
110, 215
112, 215
123, 215
129, 215
104, 215
111, 215
110, 215
100, 215
139, 215
102, 215
136, 215
119, 215
115, 215
134, 215
108, 215
121, 215
151, 215
147, 215
208, 215
111, 215
114, 215
101, 215
100, 215
133, 215
130, 215
190, 215
111, 215
124, 215
116, 215
104, 215
110, 215
103, 215
141, 215
102, 215
104, 215
112, 215
139, 215
100, 215
137, 215
101, 215
102, 215
124, 215
153, 215
102, 215
100, 215
103, 215
117, 215
142, 215
102, 215
111, 215
139, 215
110, 215
119, 215
105, 215
201, 215
124, 215
105, 215
166, 215
101, 215
120, 215
114, 215
132, 215
142, 215
114, 215
102, 215
144, 215
135, 215
113, 215
105, 215
133, 215
103, 215
100, 215
106, 215
106, 215
132, 215
106, 215
105, 215
125, 215
111, 215
116, 215
101, 215
107, 215
107, 215
111, 215
164, 215
139, 215
100, 215
123, 215
142, 215
121, 215
151, 215
112, 215
141, 215
129, 215
114, 215
105, 215
109, 215
113, 215
107, 215
103, 215
105, 215
151, 215
118, 215
114, 215
102, 215
103, 215
109, 215
113, 215
110, 215
100, 215
114, 215
100, 215
100, 215
104, 215
143, 215
105, 215
155, 215
115, 215
101, 215
101, 215
121, 215
103, 215
113, 215
131, 215
107, 215
108, 215
106, 215
118, 215
169, 215
109, 215
110, 215
111, 215
101, 215
126, 215
104, 215
105, 215
116, 215
124, 215
130, 215
138, 215
166, 215
115, 215
105, 215
186, 215
139, 215
100, 215
104, 215
111, 215
116, 215
103, 215
149, 215
101, 215
108, 215
104, 215
131, 215
103, 215
112, 215
103, 215
112, 215
116, 215
107, 215
132, 215
160, 215
128, 215
108, 215
161, 215
109, 215
108, 215
102, 215
103, 215
115, 215
110, 215
189, 215
122, 215
104, 215
100, 215
159, 215
120, 215
149, 215
135, 215
101, 215
113, 215
107, 215
135, 215
101, 215
110, 215
100, 215
120, 215
119, 215
116, 215
126, 215
105, 215
135, 215
118, 215
128, 215
152, 215
100, 215
131, 215
114, 215
100, 215
110, 215
113, 215
104, 215
118, 215
102, 215
147, 215
130, 215
112, 215
153, 215
112, 215
103, 215
108, 215
111, 215
106, 215
166, 215
112, 215
100, 215
106, 215
104, 215
101, 215
121, 215
111, 215
101, 215
129, 215
137, 215
102, 215
116, 215
106, 215
115, 215
100, 215
127, 215
136, 215
141, 215
137, 215
105, 215
122, 215
112, 215
129, 215
112, 215
109, 215
116, 215
107, 215
140, 215
108, 215
110, 215
102, 215
106, 215
111, 215
166, 215
102, 215
105, 215
133, 215
105, 215
142, 215
121, 215
110, 215
108, 215
111, 215
109, 215
146, 215
100, 215
174, 215
107, 215
115, 215
113, 215
130, 215
107, 215
119, 215
103, 215
101, 215
117, 215
119, 215
102, 215
120, 215
134, 215
107, 215
123, 215
137, 215
128, 215
115, 215
119, 215
103, 215
117, 215
127, 215
134, 215
106, 215
142, 215
102, 215
112, 215
140, 215
160, 215
164, 215
202, 215
136, 215
110, 215
107, 215
124, 215
116, 215
102, 215
128, 215
115, 215
122, 215
104, 215
123, 215
124, 215
119, 215
100, 215
143, 215
154, 215
106, 215
116, 215
121, 215
102, 215
107, 215
119, 215
116, 215
109, 215
154, 215
148, 215
122, 215
106, 215
108, 215
103, 215
124, 215
104, 215
109, 215
116, 215
103, 215
105, 215
112, 215
102, 215
100, 215
112, 215
104, 215
100, 215
107, 215
111, 215
126, 215
109, 215
108, 215
106, 215
104, 215
103, 215
100, 215
102, 215
106, 215
107, 215
119, 215
101, 215
100, 215
112, 215
102, 215
128, 215
111, 215
107, 215
110, 215
153, 215
122, 215
106, 215
122, 215
101, 215
107, 215
114, 215
105, 215
105, 215
103, 215
156, 215
133, 215
115, 215
127, 215
127, 215
126, 215
109, 215
145, 215
126, 215
105, 215
124, 215
122, 215
105, 215
105, 215
121, 215
106, 215
114, 215
118, 215
139, 215
103, 215
100, 215
127, 215
114, 215
109, 215
135, 215
102, 215
117, 215
121, 215
106, 215
102, 215
104, 215
111, 215
103, 215
129, 215
101, 215
102, 215
106, 215
114, 215
102, 215
147, 215
114, 215
130, 215
129, 215
102, 215
115, 215
136, 215
129, 215
141, 215
125, 215
119, 215
101, 215
103, 215
106, 215
101, 215
122, 215
104, 215
115, 215
126, 215
102, 215
119, 215
103, 215
101, 215
113, 215
116, 215
107, 215
108, 215
122, 215
113, 215
102, 215
101, 215
133, 215
105, 215
102, 215
104, 215
137, 215
127, 215
108, 215
148, 215
107, 215
135, 215
112, 215
165, 215
105, 215
129, 215
109, 215
128, 215
103, 215
100, 215
119, 215
111, 215
118, 215
101, 215
166, 215
104, 215
138, 215
165, 215
122, 215
106, 215
117, 215
103, 215
106, 215
164, 215
107, 215
121, 215
106, 215
136, 215
162, 215
125, 215
150, 215
190, 215
107, 215
107, 215
106, 215
113, 215
108, 215
116, 215
122, 215
103, 215
106, 215
187, 215
116, 215
144, 215
102, 215
115, 215
107, 215
120, 215
102, 215
121, 215
183, 215
104, 215
113, 215
114, 215
101, 215
132, 215
120, 215
121, 215
134, 215
102, 215
112, 215
141, 215
100, 215
143, 215
105, 215
104, 215
132, 215
115, 215
140, 215
121, 215
154, 215
167, 215
111, 215
116, 215
118, 215
129, 215
128, 215
108, 215
101, 215
124, 215
104, 215
124, 215
114, 215
120, 215
103, 215
105, 215
100, 215
125, 215
203, 215
107, 215
102, 215
114, 215
106, 215
107, 215
102, 215
107, 215
137, 215
111, 215
100, 215
137, 215
101, 215
126, 215
108, 215
109, 215
117, 215
110, 215
103, 215
169, 215
107, 215
114, 215
110, 215
101, 215
124, 215
111, 215
158, 215
109, 215
104, 215
131, 215
103, 215
101, 215
122, 215
113, 215
118, 215
103, 215
101, 215
104, 215
101, 215
102, 215
100, 215
116, 215
118, 215
116, 215
127, 215
102, 215
151, 215
120, 215
158, 215
112, 215
138, 215
161, 215
144, 215
109, 215
107, 215
109, 215
112, 215
129, 215
112, 215
146, 215
146, 215
104, 215
127, 215
105, 215
103, 215
102, 215
111, 215
107, 215
103, 215
121, 215
102, 215
120, 215
115, 215
112, 215
120, 215
128, 215
156, 215
132, 215
112, 215
100, 215
128, 215
159, 215
121, 215
125, 215
107, 215
113, 215
104, 215
141, 215
100, 215
130, 215
113, 215
134, 215
116, 215
121, 215
118, 215
133, 215
106, 215
103, 215
115, 215
139, 215
109, 215
103, 215
102, 215
111, 215
107, 215
113, 215
121, 215
133, 215
127, 215
117, 215
108, 215
119, 215
121, 215
122, 215
103, 215
104, 215
112, 215
101, 215
114, 215
119, 215
112, 215
146, 215
112, 215
132, 215
114, 215
107, 215
146, 215
133, 215
152, 215
135, 215
158, 215
110, 215
119, 215
136, 215
107, 215
142, 215
103, 215
112, 215
124, 215
160, 215
149, 215
101, 215
132, 215
103, 215
130, 215
102, 215
107, 215
129, 215
110, 215
120, 215
122, 215
102, 215
105, 215
104, 215
117, 215
103, 215
108, 215
102, 215
112, 215
108, 215
120, 215
113, 215
114, 215
113, 215
135, 215
139, 215
179, 215
125, 215
103, 215
205, 215
102, 215
134, 215
115, 215
112, 215
125, 215
102, 215
104, 215
116, 215
137, 215
104, 215
103, 215
101, 215
117, 215
115, 215
114, 215
145, 215
105, 215
111, 215
124, 215
104, 215
140, 215
136, 215
137, 215
110, 215
118, 215
103, 215
101, 215
101, 215
114, 215
104, 215
101, 215
109, 215
113, 215
103, 215
121, 215
104, 215
111, 215
116, 215
114, 215
108, 215
123, 215
102, 215
124, 215
115, 215
123, 215
103, 215
130, 215
109, 215
122, 215
102, 215
150, 215
121, 215
113, 215
121, 215
122, 215
101, 215
102, 215
138, 215
100, 215
139, 215
112, 215
131, 215
101, 215
112, 215
113, 215
163, 215
121, 215
124, 215
138, 215
115, 215
103, 215
105, 215
114, 215
117, 215
106, 215
106, 215
116, 215
103, 215
103, 215
103, 215
141, 215
120, 215
101, 215
100, 215
105, 215
107, 215
117, 215
115, 215
111, 215
119, 215
102, 215
113, 215
107, 215
114, 215
113, 215
100, 215
116, 215
136, 215
103, 215
148, 215
117, 215
102, 215
145, 215
106, 215
114, 215
108, 215
102, 215
107, 215
117, 215
130, 215
129, 215
110, 215
108, 215
103, 215
119, 215
117, 215
107, 215
156, 215
118, 215
108, 215
114, 215
102, 215
146, 215
134, 215
117, 215
113, 215
128, 215
100, 215
102, 215
115, 215
105, 215
129, 215
153, 215
121, 215
100, 215
120, 215
164, 215
102, 215
108, 215
116, 215
126, 215
103, 215
104, 215
114, 215
114, 215
102, 215
106, 215
102, 215
149, 215
101, 215
110, 215
108, 215
101, 215
127, 215
108, 215
113, 215
140, 215
101, 215
111, 215
112, 215
107, 215
103, 215
141, 215
128, 215
153, 215
109, 215
180, 215
115, 215
105, 215
142, 215
120, 215
108, 215
113, 215
127, 215
162, 215
126, 215
143, 215
126, 215
129, 215
110, 215
102, 215
137, 215
122, 215
100, 215
101, 215
119, 215
104, 215
104, 215
142, 215
104, 215
130, 215
115, 215
105, 215
104, 215
113, 215
145, 215
102, 215
124, 215
120, 215
111, 215
119, 215
112, 215
109, 215
110, 215
106, 215
128, 215
109, 215
127, 215
120, 215
117, 215
127, 215
112, 215
125, 215
133, 215
112, 215
126, 215
112, 215
128, 215
102, 215
113, 215
146, 215
135, 215
105, 215
100, 215
119, 215
143, 215
114, 215
155, 215
103, 215
141, 215
121, 215
112, 215
119, 215
192, 215
139, 215
105, 215
100, 215
105, 215
152, 215
159, 215
106, 215
133, 215
116, 215
102, 215
109, 215
129, 215
116, 215
142, 215
112, 215
112, 215
148, 215
102, 215
106, 215
170, 215
104, 215
123, 215
161, 215
135, 215
105, 215
147, 215
135, 215
104, 215
111, 215
103, 215
106, 215
110, 215
102, 215
111, 215
122, 215
125, 215
131, 215
120, 215
145, 215
111, 215
105, 215
120, 215
119, 215
100, 215
125, 215
103, 215
110, 215
103, 215
114, 215
173, 215
109, 215
100, 215
131, 215
107, 215
129, 215
111, 215
122, 215
119, 215
128, 215
107, 215
120, 215
114, 215
148, 215
125, 215
110, 215
163, 215
102, 215
171, 215
103, 215
101, 215
106, 215
104, 215
111, 215
106, 215
101, 215
126, 215
106, 215
114, 215
102, 215
118, 215
130, 215
127, 215
156, 215
101, 215
117, 215
113, 215
139, 215
131, 215
137, 215
124, 215
103, 215
104, 215
113, 215
109, 215
106, 215
110, 215
117, 215
107, 215
129, 215
149, 215
134, 215
108, 215
156, 215
127, 215
105, 215
116, 215
139, 215
107, 215
112, 215
104, 215
125, 215
103, 215
111, 215
123, 215
101, 215
142, 215
110, 215
119, 215
140, 215
120, 215
105, 215
101, 215
131, 215
103, 215
163, 215
105, 215
105, 215
102, 215
164, 215
100, 215
108, 215
113, 215
109, 215
109, 215
116, 215
120, 215
118, 215
115, 215
114, 215
139, 215
114, 215
113, 215
129, 215
118, 215
120, 215
125, 215
133, 215
101, 215
117, 215
155, 215
106, 215
151, 215
131, 215
127, 215
115, 215
113, 215
112, 215
120, 215
124, 215
106, 215
109, 215
184, 215
105, 215
103, 215
154, 215
103, 215
130, 215
153, 215
109, 215
137, 215
105, 215
141, 215
103, 215
133, 215
119, 215
111, 215
101, 215
107, 215
129, 215
114, 215
110, 215
106, 215
149, 215
105, 215
157, 215
155, 215
102, 215
108, 215
102, 215
101, 215
111, 215
117, 215
163, 215
117, 215
130, 215
112, 215
104, 215
114, 215
121, 215
181, 215
130, 215
116, 215
146, 215
101, 215
105, 215
119, 215
137, 215
113, 215
125, 215
105, 215
103, 215
108, 215
115, 215
114, 215
143, 215
123, 215
100, 215
158, 215
109, 215
101, 215
128, 215
101, 215
112, 215
103, 215
127, 215
110, 215
108, 215
106, 215
117, 215
134, 215
125, 215
111, 215
100, 215
108, 215
125, 215
103, 215
102, 215
174, 215
100, 215
124, 215
112, 215
127, 215
110, 215
107, 215
109, 215
117, 215
126, 215
166, 215
114, 215
114, 215
110, 215
103, 215
113, 215
113, 215
116, 215
142, 215
163, 215
100, 215
129, 215
115, 215
165, 215
103, 215
113, 215
120, 215
102, 215
110, 215
160, 215
103, 215
117, 215
103, 215
100, 215
130, 215
103, 215
136, 215
146, 215
125, 215
139, 215
102, 215
105, 215
108, 215
104, 215
126, 215
105, 215
135, 215
156, 215
132, 215
101, 215
114, 215
123, 215
121, 215
124, 215
116, 215
110, 215
122, 215
136, 215
112, 215
166, 215
111, 215
111, 215
174, 215
102, 215
109, 215
109, 215
101, 215
139, 215
100, 215
115, 215
111, 215
126, 215
113, 215
127, 215
120, 215
177, 215
139, 215
117, 215
103, 215
100, 215
106, 215
119, 215
117, 215
114, 215
140, 215
129, 215
111, 215
146, 215
105, 215
102, 215
113, 215
108, 215
116, 215
108, 215
118, 215
115, 215
118, 215
107, 215
107, 215
124, 215
105, 215
132, 215
121, 215
100, 215
142, 215
131, 215
108, 215
103, 215
111, 215
119, 215
140, 215
125, 215
102, 215
101, 215
151, 215
119, 215
103, 215
101, 215
106, 215
110, 215
100, 215
122, 215
112, 215
112, 215
100, 215
178, 215
102, 215
101, 215
101, 215
208, 215
103, 215
134, 215
118, 215
102, 215
117, 215
117, 215
111, 215
102, 215
100, 215
103, 215
101, 215
101, 215
100, 215
123, 215
178, 215
103, 215
122, 215
129, 215
107, 215
108, 215
104, 215
139, 215
178, 215
125, 215
139, 215
110, 215
100, 215
117, 215
105, 215
120, 215
101, 215
177, 215
104, 215
108, 215
134, 215
108, 215
131, 215
116, 215
107, 215
106, 215
117, 215
112, 215
102, 215
103, 215
101, 215
107, 215
116, 215
115, 215
121, 215
105, 215
128, 215
103, 215
127, 215
109, 215
107, 215
109, 215
110, 215
105, 215
105, 215
101, 215
119, 215
136, 215
121, 215
108, 215
107, 215
114, 215
101, 215
111, 215
126, 215
112, 215
116, 215
108, 215
105, 215
108, 215
103, 215
105, 215
111, 215
125, 215
130, 215
127, 215
116, 215
114, 215
115, 215
149, 215
122, 215
109, 215
122, 215
108, 215
135, 215
106, 215
117, 215
119, 215
101, 215
116, 215
131, 215
104, 215
109, 215
104, 215
114, 215
174, 215
111, 215
105, 215
139, 215
167, 215
120, 215
103, 215
112, 215
107, 215
100, 215
104, 215
107, 215
158, 215
128, 215
120, 215
113, 215
141, 215
120, 215
116, 215
102, 215
123, 215
134, 215
103, 215
102, 215
103, 215
132, 215
115, 215
120, 215
101, 215
109, 215
118, 215
120, 215
114, 215
101, 215
137, 215
114, 215
128, 215
107, 215
102, 215
106, 215
107, 215
100, 215
105, 215
101, 215
130, 215
133, 215
118, 215
127, 215
102, 215
127, 215
145, 215
116, 215
124, 215
154, 215
103, 215
108, 215
103, 215
154, 215
103, 215
134, 215
106, 215
135, 215
107, 215
154, 215
107, 215
100, 215
103, 215
161, 215
105, 215
101, 215
121, 215
169, 215
113, 215
115, 215
104, 215
150, 215
115, 215
101, 215
170, 215
141, 215
145, 215
106, 215
108, 215
169, 215
105, 215
116, 215
100, 215
102, 215
128, 215
118, 215
120, 215
156, 215
104, 215
113, 215
114, 215
120, 215
139, 215
174, 215
141, 215
125, 215
104, 215
130, 215
104, 215
103, 215
114, 215
115, 215
101, 215
114, 215
124, 215
112, 215
109, 215
117, 215
108, 215
105, 215
127, 215
133, 215
138, 215
101, 215
121, 215
111, 215
127, 215
138, 215
152, 215
106, 215
103, 215
118, 215
123, 215
104, 215
124, 215
139, 215
100, 215
127, 215
160, 215
135, 215
102, 215
104, 215
114, 215
108, 215
106, 215
111, 215
118, 215
111, 215
123, 215
116, 215
102, 215
100, 215
101, 215
111, 215
135, 215
141, 215
102, 215
132, 215
120, 215
114, 215
112, 215
117, 215
102, 215
101, 215
131, 215
107, 215
108, 215
110, 215
123, 215
103, 215
100, 215
154, 215
111, 215
101, 215
115, 215
142, 215
158, 215
114, 215
113, 215
102, 215
109, 215
100, 215
106, 215
102, 215
107, 215
105, 215
104, 215
111, 215
120, 215
123, 215
100, 215
125, 215
127, 215
120, 215
114, 215
100, 215
117, 215
105, 215
106, 215
160, 215
170, 215
115, 215
133, 215
103, 215
105, 215
103, 215
114, 215
102, 215
106, 215
140, 215
101, 215
124, 215
153, 215
141, 215
163, 215
102, 215
104, 215
141, 215
103, 215
112, 215
100, 215
100, 215
100, 215
119, 215
123, 215
118, 215
127, 215
102, 215
121, 215
133, 215
108, 215
114, 215
128, 215
150, 215
121, 215
178, 215
112, 215
118, 215
171, 215
104, 215
107, 215
105, 215
128, 215
105, 215
102, 215
105, 215
126, 215
138, 215
110, 215
127, 215
116, 215
116, 215
108, 215
136, 215
117, 215
111, 215
144, 215
103, 215
106, 215
128, 215
113, 215
132, 215
106, 215
130, 215
111, 215
115, 215
118, 215
100, 215
122, 215
115, 215
136, 215
101, 215
129, 215
103, 215
121, 215
105, 215
119, 215
120, 215
111, 215
101, 215
102, 215
139, 215
121, 215
101, 215
110, 215
164, 215
139, 215
102, 215
107, 215
131, 215
100, 215
108, 215
115, 215
102, 215
110, 215
104, 215
128, 215
139, 215
121, 215
189, 215
104, 215
109, 215
122, 215
103, 215
108, 215
123, 215
101, 215
107, 215
112, 215
110, 215
104, 215
106, 215
107, 215
102, 215
135, 215
150, 215
118, 215
102, 215
120, 215
128, 215
132, 215
121, 215
101, 215
191, 215
103, 215
123, 215
104, 215
139, 215
204, 215
114, 215
127, 215
144, 215
173, 215
102, 215
130, 215
142, 215
125, 215
107, 215
126, 215
145, 215
107, 215
115, 215
118, 215
201, 215
137, 215
189, 215
107, 215
103, 215
107, 215
171, 215
163, 215
100, 215
109, 215
107, 215
138, 215
104, 215
108, 215
119, 215
155, 215
121, 215
117, 215
143, 215
108, 215
103, 215
143, 215
106, 215
100, 215
136, 215
142, 215
101, 215
148, 215
101, 215
136, 215
107, 215
100, 215
113, 215
114, 215
102, 215
112, 215
120, 215
127, 215
102, 215
145, 215
123, 215
126, 215
113, 215
115, 215
178, 215
104, 215
111, 215
124, 215
134, 215
124, 215
103, 215
117, 215
128, 215
167, 215
111, 215
124, 215
154, 215
113, 215
110, 215
145, 215
100, 215
135, 215
118, 215
100, 215
103, 215
104, 215
143, 215
118, 215
144, 215
103, 215
116, 215
107, 215
107, 215
135, 215
124, 215
110, 215
150, 215
102, 215
113, 215
124, 215
106, 215
116, 215
100, 215
158, 215
138, 215
102, 215
101, 215
106, 215
100, 215
107, 215
117, 215
102, 215
116, 215
121, 215
102, 215
190, 215
110, 215
121, 215
121, 215
167, 215
130, 215
103, 215
113, 215
109, 215
107, 215
137, 215
106, 215
110, 215
160, 215
101, 215
102, 215
116, 215
100, 215
108, 215
110, 215
127, 215
113, 215
117, 215
102, 215
118, 215
106, 215
103, 215
131, 215
103, 215
108, 215
106, 215
105, 215
103, 215
101, 215
128, 215
107, 215
111, 215
169, 215
104, 215
138, 215
102, 215
110, 215
110, 215
108, 215
102, 215
112, 215
120, 215
103, 215
136, 215
134, 215
129, 215
101, 215
101, 215
106, 215
117, 215
105, 215
112, 215
109, 215
100, 215
119, 215
108, 215
101, 215
101, 215
109, 215
141, 215
144, 215
125, 215
118, 215
119, 215
100, 215
102, 215
114, 215
101, 215
119, 215
128, 215
118, 215
106, 215
137, 215
140, 215
102, 215
144, 215
102, 215
135, 215
119, 215
114, 215
158, 215
101, 215
101, 215
106, 215
108, 215
107, 215
134, 215
123, 215
125, 215
118, 215
141, 215
102, 215
111, 215
124, 215
106, 215
133, 215
151, 215
102, 215
150, 215
100, 215
115, 215
101, 215
151, 215
105, 215
127, 215
138, 215
100, 215
113, 215
181, 215
111, 215
103, 215
102, 215
110, 215
119, 215
107, 215
108, 215
107, 215
106, 215
111, 215
108, 215
113, 215
159, 215
115, 215
104, 215
133, 215
114, 215
101, 215
100, 215
104, 215
130, 215
121, 215
118, 215
110, 215
121, 215
118, 215
142, 215
144, 215
154, 215
114, 215
132, 215
100, 215
105, 215
101, 215
115, 215
101, 215
103, 215
117, 215
100, 215
109, 215
110, 215
126, 215
160, 215
102, 215
145, 215
116, 215
123, 215
153, 215
124, 215
128, 215
100, 215
162, 215
115, 215
156, 215
101, 215
152, 215
109, 215
152, 215
125, 215
102, 215
111, 215
108, 215
113, 215
117, 215
100, 215
111, 215
103, 215
126, 215
175, 215
138, 215
103, 215
104, 215
106, 215
108, 215
112, 215
143, 215
100, 215
110, 215
197, 215
122, 215
101, 215
108, 215
125, 215
126, 215
102, 215
107, 215
103, 215
135, 215
108, 215
103, 215
119, 215
190, 215
198, 215
141, 215
102, 215
128, 215
126, 215
156, 215
118, 215
107, 215
105, 215
104, 215
116, 215
121, 215
117, 215
118, 215
129, 215
128, 215
108, 215
166, 215
120, 215
107, 215
111, 215
180, 215
100, 215
108, 215
103, 215
108, 215
114, 215
135, 215
100, 215
109, 215
128, 215
144, 215
160, 215
123, 215
106, 215
126, 215
104, 215
130, 215
120, 215
114, 215
101, 215
109, 215
100, 215
104, 215
131, 215
129, 215
111, 215
118, 215
107, 215
143, 215
116, 215
118, 215
112, 215
100, 215
111, 215
108, 215
127, 215
108, 215
107, 215
101, 215
113, 215
102, 215
110, 215
133, 215
150, 215
106, 215
101, 215
129, 215
117, 215
107, 215
121, 215
113, 215
123, 215
108, 215
112, 215
137, 215
114, 215
113, 215
107, 215
109, 215
112, 215
114, 215
117, 215
125, 215
104, 215
112, 215
149, 215
127, 215
131, 215
103, 215
105, 215
122, 215
134, 215
100, 215
101, 215
107, 215
116, 215
119, 215
121, 215
106, 215
123, 215
100, 215
145, 215
142, 215
100, 215
145, 215
127, 215
103, 215
106, 215
131, 215
120, 215
112, 215
135, 215
118, 215
108, 215
102, 215
169, 215
154, 215
122, 215
105, 215
136, 215
107, 215
110, 215
113, 215
129, 215
131, 215
101, 215
133, 215
109, 215
109, 215
123, 215
110, 215
128, 215
106, 215
107, 215
106, 215
161, 215
114, 215
118, 215
136, 215
106, 215
124, 215
100, 215
115, 215
121, 215
133, 215
115, 215
125, 215
103, 215
101, 215
144, 215
120, 215
132, 215
100, 215
109, 215
116, 215
103, 215
106, 215
129, 215
103, 215
102, 215
100, 215
165, 215
124, 215
144, 215
112, 215
100, 215
111, 215
100, 215
106, 215
102, 215
156, 215
127, 215
135, 215
117, 215
117, 215
125, 215
112, 215
132, 215
105, 215
112, 215
138, 215
107, 215
100, 215
101, 215
117, 215
105, 215
119, 215
110, 215
108, 215
110, 215
116, 215
100, 215
100, 215
109, 215
118, 215
109, 215
103, 215
108, 215
100, 215
101, 215
106, 215
127, 215
115, 215
100, 215
137, 215
104, 215
159, 215
151, 215
105, 215
107, 215
131, 215
121, 215
173, 215
142, 215
106, 215
115, 215
121, 215
101, 215
121, 215
104, 215
118, 215
121, 215
119, 215
132, 215
144, 215
131, 215
102, 215
100, 215
125, 215
100, 215
119, 215
196, 215
100, 215
160, 215
108, 215
113, 215
133, 215
138, 215
117, 215
130, 215
123, 215
119, 215
145, 215
104, 215
112, 215
123, 215
139, 215
148, 215
106, 215
142, 215
119, 215
106, 215
101, 215
124, 215
116, 215
135, 215
122, 215
106, 215
140, 215
101, 215
109, 215
105, 215
102, 215
113, 215
122, 215
162, 215
117, 215
131, 215
123, 215
104, 215
114, 215
128, 215
146, 215
127, 215
143, 215
123, 215
115, 215
108, 215
105, 215
105, 215
168, 215
101, 215
158, 215
119, 215
116, 215
152, 215
116, 215
101, 215
116, 215
109, 215
107, 215
110, 215
100, 215
160, 215
119, 215
125, 215
120, 215
118, 215
115, 215
139, 215
134, 215
119, 215
101, 215
104, 215
124, 215
101, 215
161, 215
130, 215
127, 215
150, 215
108, 215
113, 215
169, 215
115, 215
103, 215
100, 215
105, 215
110, 215
104, 215
100, 215
100, 215
113, 215
188, 215
118, 215
119, 215
124, 215
126, 215
100, 215
115, 215
111, 215
109, 215
154, 215
111, 215
103, 215
104, 215
104, 215
102, 215
107, 215
107, 215
126, 215
119, 215
152, 215
142, 215
127, 215
106, 215
110, 215
132, 215
108, 215
132, 215
102, 215
119, 215
129, 215
125, 215
161, 215
104, 215
112, 215
111, 215
128, 215
108, 215
135, 215
111, 215
101, 215
126, 215
107, 215
136, 215
106, 215
125, 215
112, 215
100, 215
102, 215
127, 215
159, 215
118, 215
101, 215
140, 215
123, 215
124, 215
102, 215
127, 215
182, 215
112, 215
105, 215
101, 215
100, 215
102, 215
131, 215
147, 215
103, 215
189, 215
102, 215
118, 215
110, 215
100, 215
110, 215
111, 215
101, 215
103, 215
107, 215
113, 215
113, 215
107, 215
106, 215
112, 215
171, 215
108, 215
125, 215
107, 215
113, 215
114, 215
122, 215
103, 215
103, 215
111, 215
106, 215
119, 215
129, 215
127, 215
119, 215
103, 215
122, 215
109, 215
116, 215
118, 215
119, 215
126, 215
112, 215
107, 215
128, 215
105, 215
108, 215
124, 215
107, 215
102, 215
138, 215
133, 215
105, 215
110, 215
104, 215
125, 215
144, 215
110, 215
129, 215
103, 215
114, 215
101, 215
102, 215
107, 215
103, 215
111, 215
100, 215
130, 215
111, 215
107, 215
107, 215
126, 215
106, 215
132, 215
118, 215
131, 215
119, 215
117, 215
103, 215
105, 215
100, 215
115, 215
163, 215
109, 215
110, 215
121, 215
120, 215
107, 215
126, 215
124, 215
117, 215
124, 215
118, 215
125, 215
104, 215
101, 215
103, 215
112, 215
107, 215
114, 215
102, 215
117, 215
123, 215
105, 215
156, 215
100, 215
135, 215
102, 215
161, 215
100, 215
107, 215
125, 215
123, 215
128, 215
150, 215
108, 215
111, 215
107, 215
106, 215
104, 215
113, 215
105, 215
133, 215
104, 215
134, 215
118, 215
102, 215
110, 215
101, 215
104, 215
107, 215
113, 215
100, 215
101, 215
132, 215
105, 215
105, 215
101, 215
161, 215
129, 215
112, 215
114, 215
111, 215
115, 215
135, 215
133, 215
122, 215
127, 215
208, 215
105, 215
124, 215
112, 215
120, 215
107, 215
147, 215
118, 215
111, 215
109, 215
103, 215
170, 215
101, 215
115, 215
104, 215
104, 215
137, 215
123, 215
186, 215
119, 215
104, 215
184, 215
178, 215
102, 215
167, 215
107, 215
106, 215
100, 215
130, 215
111, 215
119, 215
129, 215
119, 215
128, 215
194, 215
143, 215
122, 215
102, 215
114, 215
114, 215
142, 215
103, 215
105, 215
187, 215
143, 215
100, 215
107, 215
133, 215
130, 215
104, 215
101, 215
112, 215
112, 215
100, 215
144, 215
124, 215
108, 215
121, 215
133, 215
120, 215
100, 215
117, 215
104, 215
102, 215
121, 215
117, 215
160, 215
100, 215
136, 215
171, 215
100, 215
137, 215
202, 215
106, 215
175, 215
141, 215
100, 215
148, 215
171, 215
174, 215
111, 215
125, 215
154, 215
117, 215
114, 215
109, 215
120, 215
115, 215
105, 215
102, 215
122, 215
132, 215
140, 215
111, 215
136, 215
119, 215
113, 215
126, 215
117, 215
116, 215
118, 215
102, 215
111, 215
108, 215
117, 215
109, 215
116, 215
135, 215
111, 215
107, 215
113, 215
109, 215
106, 215
115, 215
143, 215
112, 215
149, 215
102, 215
111, 215
108, 215
104, 215
113, 215
127, 215
120, 215
105, 215
144, 215
102, 215
115, 215
118, 215
126, 215
121, 215
120, 215
112, 215
103, 215
100, 215
107, 215
129, 215
169, 215
113, 215
110, 215
126, 215
129, 215
114, 215
156, 215
111, 215
128, 215
200, 215
128, 215
127, 215
118, 215
162, 215
109, 215
131, 215
101, 215
114, 215
159, 215
127, 215
121, 215
109, 215
110, 215
122, 215
108, 215
202, 215
125, 215
119, 215
132, 215
130, 215
122, 215
116, 215
104, 215
118, 215
107, 215
135, 215
112, 215
100, 215
108, 215
194, 215
114, 215
196, 215
118, 215
155, 215
117, 215
108, 215
102, 215
105, 215
100, 215
129, 215
115, 215
134, 215
150, 215
141, 215
110, 215
100, 215
105, 215
120, 215
101, 215
124, 215
107, 215
177, 215
116, 215
141, 215
173, 215
143, 215
113, 215
109, 215
101, 215
132, 215
110, 215
111, 215
122, 215
140, 215
108, 215
121, 215
136, 215
113, 215
104, 215
109, 215
105, 215
116, 215
117, 215
103, 215
110, 215
112, 215
123, 215
140, 215
141, 215
100, 215
116, 215
145, 215
109, 215
125, 215
100, 215
111, 215
162, 215
109, 215
110, 215
114, 215
116, 215
115, 215
116, 215
115, 215
137, 215
114, 215
103, 215
119, 215
151, 215
116, 215
155, 215
146, 215
123, 215
107, 215
101, 215
104, 215
117, 215
106, 215
111, 215
125, 215
128, 215
104, 215
105, 215
125, 215
104, 215
105, 215
100, 215
131, 215
110, 215
148, 215
100, 215
118, 215
109, 215
115, 215
101, 215
117, 215
113, 215
158, 215
115, 215
117, 215
115, 215
102, 215
119, 215
110, 215
105, 215
105, 215
101, 215
117, 215
110, 215
104, 215
101, 215
110, 215
108, 215
152, 215
149, 215
100, 215
105, 215
105, 215
101, 215
116, 215
126, 215
119, 215
150, 215
108, 215
116, 215
117, 215
135, 215
106, 215
122, 215
100, 215
102, 215
123, 215
114, 215
102, 215
112, 215
121, 215
130, 215
120, 215
162, 215
112, 215
102, 215
126, 215
156, 215
131, 215
102, 215
119, 215
105, 215
100, 215
130, 215
194, 215
102, 215
112, 215
100, 215
164, 215
113, 215
132, 215
106, 215
156, 215
108, 215
109, 215
154, 215
131, 215
100, 215
112, 215
107, 215
119, 215
128, 215
122, 215
102, 215
103, 215
102, 215
110, 215
100, 215
101, 215
117, 215
100, 215
110, 215
109, 215
128, 215
108, 215
109, 215
122, 215
122, 215
110, 215
106, 215
184, 215
126, 215
113, 215
126, 215
112, 215
117, 215
101, 215
114, 215
104, 215
106, 215
126, 215
105, 215
151, 215
146, 215
126, 215
110, 215
101, 215
129, 215
114, 215
124, 215
106, 215
124, 215
119, 215
102, 215
105, 215
105, 215
134, 215
113, 215
109, 215
110, 215
103, 215
100, 215
140, 215
111, 215
107, 215
105, 215
121, 215
109, 215
102, 215
115, 215
116, 215
104, 215
208, 215
141, 215
114, 215
109, 215
124, 215
147, 215
110, 215
137, 215
102, 215
105, 215
105, 215
100, 215
114, 215
113, 215
125, 215
139, 215
117, 215
106, 215
122, 215
100, 215
124, 215
104, 215
143, 215
104, 215
177, 215
118, 215
102, 215
170, 215
168, 215
122, 215
137, 215
116, 215
111, 215
114, 215
135, 215
125, 215
101, 215
116, 215
104, 215
106, 215
118, 215
104, 215
119, 215
109, 215
102, 215
103, 215
106, 215
182, 215
116, 215
178, 215
131, 215
151, 215
100, 215
106, 215
140, 215
102, 215
111, 215
117, 215
101, 215
118, 215
104, 215
115, 215
104, 215
121, 215
102, 215
129, 215
130, 215
106, 215
109, 215
104, 215
112, 215
128, 215
128, 215
111, 215
133, 215
106, 215
110, 215
103, 215
111, 215
116, 215
143, 215
135, 215
104, 215
125, 215
113, 215
122, 215
100, 215
102, 215
118, 215
101, 215
113, 215
104, 215
108, 215
117, 215
139, 215
106, 215
106, 215
101, 215
101, 215
102, 215
143, 215
142, 215
207, 215
107, 215
151, 215
148, 215
120, 215
100, 215
100, 215
114, 215
114, 215
112, 215
112, 215
104, 215
110, 215
102, 215
114, 215
101, 215
103, 215
117, 215
101, 215
108, 215
137, 215
102, 215
119, 215
142, 215
108, 215
113, 215
114, 215
161, 215
117, 215
120, 215
111, 215
105, 215
118, 215
102, 215
132, 215
115, 215
103, 215
122, 215
105, 215
101, 215
114, 215
125, 215
116, 215
101, 215
107, 215
100, 215
121, 215
115, 215
107, 215
127, 215
154, 215
128, 215
131, 215
110, 215
111, 215
109, 215
123, 215
103, 215
104, 215
112, 215
112, 215
115, 215
110, 215
137, 215
113, 215
108, 215
137, 215
139, 215
129, 215
111, 215
107, 215
155, 215
107, 215
107, 215
147, 215
126, 215
113, 215
106, 215
110, 215
108, 215
113, 215
110, 215
121, 215
150, 215
114, 215
110, 215
172, 215
100, 215
101, 215
108, 215
150, 215
140, 215
133, 215
111, 215
133, 215
126, 215
124, 215
115, 215
108, 215
111, 215
101, 215
105, 215
100, 215
138, 215
115, 215
112, 215
101, 215
112, 215
105, 215
115, 215
118, 215
133, 215
122, 215
114, 215
128, 215
111, 215
132, 215
100, 215
113, 215
119, 215
105, 215
101, 215
132, 215
118, 215
127, 215
105, 215
107, 215
105, 215
166, 215
109, 215
119, 215
177, 215
116, 215
161, 215
152, 215
202, 215
105, 215
108, 215
139, 215
100, 215
140, 215
114, 215
120, 215
101, 215
104, 215
104, 215
114, 215
103, 215
125, 215
136, 215
125, 215
154, 215
146, 215
111, 215
101, 215
115, 215
109, 215
102, 215
100, 215
113, 215
109, 215
103, 215
126, 215
111, 215
151, 215
100, 215
200, 215
110, 215
102, 215
113, 215
100, 215
100, 215
118, 215
118, 215
105, 215
119, 215
112, 215
114, 215
129, 215
117, 215
104, 215
140, 215
117, 215
118, 215
133, 215
127, 215
131, 215
127, 215
111, 215
103, 215
102, 215
108, 215
107, 215
100, 215
136, 215
119, 215
100, 215
127, 215
116, 215
106, 215
103, 215
110, 215
101, 215
117, 215
101, 215
117, 215
100, 215
184, 215
105, 215
106, 215
114, 215
147, 215
114, 215
125, 215
122, 215
118, 215
130, 215
136, 215
102, 215
127, 215
102, 215
125, 215
100, 215
103, 215
133, 215
104, 215
126, 215
120, 215
119, 215
107, 215
135, 215
105, 215
124, 215
122, 215
128, 215
103, 215
103, 215
164, 215
121, 215
100, 215
116, 215
125, 215
104, 215
101, 215
103, 215
131, 215
113, 215
106, 215
115, 215
140, 215
165, 215
103, 215
116, 215
107, 215
123, 215
135, 215
134, 215
116, 215
119, 215
118, 215
105, 215
188, 215
132, 215
111, 215
115, 215
114, 215
129, 215
113, 215
111, 215
109, 215
101, 215
126, 215
106, 215
101, 215
124, 215
101, 215
111, 215
146, 215
124, 215
117, 215
101, 215
101, 215
184, 215
122, 215
103, 215
125, 215
137, 215
101, 215
145, 215
110, 215
140, 215
107, 215
159, 215
122, 215
117, 215
119, 215
111, 215
110, 215
101, 215
148, 215
107, 215
101, 215
111, 215
101, 215
103, 215
148, 215
132, 215
120, 215
104, 215
103, 215
106, 215
165, 215
119, 215
102, 215
107, 215
100, 215
118, 215
100, 215
111, 215
110, 215
129, 215
115, 215
116, 215
100, 215
121, 215
127, 215
203, 215
110, 215
120, 215
107, 215
128, 215
117, 215
151, 215
106, 215
123, 215
103, 215
104, 215
164, 215
105, 215
100, 215
100, 215
105, 215
115, 215
115, 215
134, 215
106, 215
100, 215
100, 215
103, 215
115, 215
103, 215
110, 215
103, 215
113, 215
100, 215
140, 215
131, 215
102, 215
161, 215
109, 215
105, 215
106, 215
122, 215
143, 215
124, 215
141, 215
104, 215
129, 215
100, 215
116, 215
100, 215
117, 215
110, 215
108, 215
129, 215
100, 215
112, 215
113, 215
128, 215
107, 215
109, 215
129, 215
133, 215
107, 215
163, 215
129, 215
120, 215
116, 215
121, 215
131, 215
114, 215
103, 215
145, 215
106, 215
109, 215
201, 215
114, 215
106, 215
122, 215
137, 215
114, 215
144, 215
169, 215
114, 215
103, 215
100, 215
105, 215
107, 215
102, 215
111, 215
109, 215
100, 215
112, 215
113, 215
140, 215
134, 215
107, 215
133, 215
100, 215
103, 215
115, 215
