#Algorithm: SARSA, Speed: 1, Boost: 4, PM: False, Env size: (20, 20), Car size: (5, 4),
#Counter: 100, Nsteps: 10000000, Gamma: 1, LearnRate: 0.01, Eps: 0.5, Epsdecay: 0.9
0, 0
0, 0
0, 0
0, 0
2, 2
2, 2
0, 2
1, 2
1, 2
1, 2
2, 2
0, 2
4, 4
2, 4
1, 4
4, 4
12, 12
0, 12
1, 12
2, 12
0, 12
2, 12
13, 13
7, 13
2, 13
2, 13
14, 14
21, 21
3, 21
0, 21
13, 21
2, 21
7, 21
5, 21
3, 21
6, 21
3, 21
1, 21
3, 21
1, 21
9, 21
3, 21
2, 21
3, 21
1, 21
13, 21
4, 21
0, 21
19, 21
11, 21
15, 21
34, 34
1, 34
12, 34
11, 34
2, 34
2, 34
9, 34
2, 34
1, 34
1, 34
9, 34
1, 34
0, 34
1, 34
1, 34
17, 34
5, 34
0, 34
22, 34
16, 34
10, 34
2, 34
5, 34
12, 34
24, 34
2, 34
7, 34
14, 34
4, 34
0, 34
4, 34
0, 34
13, 34
13, 34
10, 34
7, 34
1, 34
12, 34
2, 34
7, 34
2, 34
2, 34
9, 34
12, 34
47, 47
5, 47
8, 47
14, 47
8, 47
2, 47
0, 47
3, 47
7, 47
9, 47
6, 47
0, 47
0, 47
3, 47
1, 47
3, 47
4, 47
8, 47
8, 47
0, 47
1, 47
28, 47
1, 47
15, 47
7, 47
1, 47
26, 47
14, 47
5, 47
2, 47
15, 47
0, 47
4, 47
7, 47
11, 47
15, 47
0, 47
4, 47
12, 47
0, 47
10, 47
10, 47
0, 47
0, 47
2, 47
1, 47
9, 47
28, 47
7, 47
1, 47
32, 47
0, 47
13, 47
2, 47
9, 47
1, 47
3, 47
8, 47
3, 47
9, 47
7, 47
3, 47
37, 47
2, 47
5, 47
17, 47
10, 47
8, 47
4, 47
5, 47
8, 47
17, 47
30, 47
3, 47
19, 47
6, 47
2, 47
2, 47
25, 47
18, 47
8, 47
26, 47
3, 47
21, 47
41, 47
2, 47
3, 47
2, 47
4, 47
4, 47
3, 47
11, 47
51, 51
3, 51
7, 51
34, 51
0, 51
2, 51
17, 51
17, 51
0, 51
3, 51
7, 51
15, 51
23, 51
5, 51
2, 51
3, 51
0, 51
9, 51
8, 51
20, 51
5, 51
15, 51
19, 51
16, 51
4, 51
0, 51
17, 51
18, 51
7, 51
17, 51
19, 51
3, 51
0, 51
12, 51
0, 51
15, 51
1, 51
13, 51
1, 51
17, 51
36, 51
2, 51
11, 51
9, 51
37, 51
6, 51
19, 51
12, 51
36, 51
6, 51
13, 51
3, 51
20, 51
4, 51
12, 51
5, 51
61, 61
6, 61
18, 61
12, 61
27, 61
7, 61
2, 61
21, 61
18, 61
9, 61
26, 61
31, 61
43, 61
8, 61
7, 61
9, 61
12, 61
7, 61
17, 61
8, 61
29, 61
13, 61
14, 61
21, 61
1, 61
1, 61
51, 61
0, 61
44, 61
11, 61
26, 61
46, 61
31, 61
15, 61
59, 61
8, 61
8, 61
109, 109
31, 109
8, 109
26, 109
13, 109
35, 109
17, 109
34, 109
19, 109
16, 109
9, 109
34, 109
5, 109
64, 109
64, 109
10, 109
14, 109
9, 109
15, 109
40, 109
5, 109
68, 109
24, 109
27, 109
23, 109
31, 109
14, 109
25, 109
9, 109
23, 109
15, 109
34, 109
0, 109
15, 109
20, 109
13, 109
78, 109
28, 109
16, 109
6, 109
13, 109
18, 109
48, 109
44, 109
37, 109
87, 109
29, 109
142, 142
60, 142
13, 142
9, 142
23, 142
38, 142
1, 142
5, 142
14, 142
3, 142
4, 142
23, 142
22, 142
4, 142
23, 142
11, 142
3, 142
15, 142
23, 142
38, 142
10, 142
17, 142
64, 142
27, 142
29, 142
25, 142
30, 142
73, 142
21, 142
42, 142
10, 142
10, 142
8, 142
23, 142
18, 142
4, 142
49, 142
6, 142
25, 142
10, 142
9, 142
41, 142
10, 142
6, 142
46, 142
39, 142
109, 142
16, 142
30, 142
9, 142
3, 142
24, 142
19, 142
44, 142
49, 142
20, 142
8, 142
33, 142
9, 142
12, 142
13, 142
115, 142
14, 142
20, 142
31, 142
53, 142
6, 142
3, 142
7, 142
25, 142
11, 142
57, 142
16, 142
45, 142
19, 142
55, 142
21, 142
105, 142
32, 142
20, 142
9, 142
41, 142
67, 142
18, 142
50, 142
3, 142
9, 142
51, 142
12, 142
2, 142
23, 142
11, 142
28, 142
18, 142
50, 142
49, 142
8, 142
103, 142
34, 142
46, 142
29, 142
47, 142
18, 142
29, 142
21, 142
104, 142
28, 142
9, 142
64, 142
27, 142
21, 142
68, 142
4, 142
14, 142
10, 142
32, 142
42, 142
1, 142
23, 142
6, 142
20, 142
24, 142
57, 142
6, 142
19, 142
12, 142
6, 142
72, 142
17, 142
33, 142
21, 142
44, 142
14, 142
71, 142
35, 142
83, 142
58, 142
49, 142
52, 142
40, 142
72, 142
31, 142
5, 142
22, 142
16, 142
0, 142
70, 142
42, 142
36, 142
9, 142
11, 142
66, 142
0, 142
36, 142
44, 142
33, 142
12, 142
25, 142
55, 142
3, 142
19, 142
18, 142
53, 142
34, 142
6, 142
15, 142
12, 142
11, 142
67, 142
14, 142
24, 142
9, 142
71, 142
24, 142
24, 142
80, 142
7, 142
37, 142
6, 142
64, 142
17, 142
69, 142
13, 142
25, 142
30, 142
11, 142
20, 142
63, 142
34, 142
66, 142
31, 142
78, 142
58, 142
17, 142
32, 142
12, 142
37, 142
24, 142
28, 142
1, 142
30, 142
13, 142
18, 142
14, 142
63, 142
6, 142
108, 142
28, 142
27, 142
48, 142
46, 142
23, 142
21, 142
25, 142
3, 142
52, 142
111, 142
10, 142
24, 142
16, 142
1, 142
73, 142
82, 142
13, 142
40, 142
66, 142
29, 142
8, 142
15, 142
23, 142
32, 142
47, 142
15, 142
60, 142
44, 142
7, 142
112, 142
7, 142
25, 142
26, 142
11, 142
58, 142
77, 142
11, 142
0, 142
31, 142
24, 142
19, 142
48, 142
37, 142
22, 142
20, 142
23, 142
46, 142
41, 142
120, 142
0, 142
79, 142
41, 142
16, 142
16, 142
32, 142
19, 142
72, 142
21, 142
0, 142
43, 142
49, 142
4, 142
0, 142
96, 142
39, 142
0, 142
65, 142
19, 142
4, 142
37, 142
19, 142
2, 142
29, 142
5, 142
19, 142
12, 142
127, 142
7, 142
125, 142
8, 142
30, 142
48, 142
116, 142
67, 142
8, 142
40, 142
54, 142
5, 142
14, 142
66, 142
18, 142
55, 142
110, 142
24, 142
2, 142
15, 142
55, 142
69, 142
22, 142
87, 142
15, 142
97, 142
9, 142
8, 142
31, 142
13, 142
34, 142
37, 142
47, 142
79, 142
12, 142
66, 142
105, 142
14, 142
16, 142
80, 142
39, 142
79, 142
8, 142
5, 142
101, 142
103, 142
9, 142
28, 142
21, 142
15, 142
56, 142
4, 142
130, 142
21, 142
18, 142
100, 142
34, 142
2, 142
109, 142
103, 142
68, 142
81, 142
48, 142
29, 142
14, 142
60, 142
26, 142
23, 142
47, 142
55, 142
24, 142
17, 142
48, 142
55, 142
57, 142
46, 142
74, 142
3, 142
39, 142
2, 142
80, 142
44, 142
48, 142
15, 142
26, 142
9, 142
44, 142
31, 142
22, 142
59, 142
21, 142
130, 142
16, 142
88, 142
14, 142
8, 142
23, 142
7, 142
125, 142
42, 142
75, 142
13, 142
15, 142
11, 142
128, 142
9, 142
10, 142
85, 142
24, 142
44, 142
51, 142
98, 142
11, 142
16, 142
7, 142
28, 142
46, 142
110, 142
42, 142
3, 142
56, 142
17, 142
23, 142
5, 142
35, 142
18, 142
40, 142
46, 142
24, 142
123, 142
53, 142
92, 142
53, 142
4, 142
11, 142
20, 142
10, 142
53, 142
5, 142
29, 142
57, 142
43, 142
79, 142
4, 142
100, 142
14, 142
6, 142
18, 142
31, 142
22, 142
20, 142
52, 142
19, 142
8, 142
21, 142
51, 142
4, 142
6, 142
24, 142
19, 142
41, 142
7, 142
16, 142
14, 142
95, 142
4, 142
47, 142
14, 142
68, 142
18, 142
25, 142
13, 142
9, 142
12, 142
25, 142
41, 142
22, 142
30, 142
111, 142
21, 142
4, 142
20, 142
13, 142
115, 142
55, 142
23, 142
8, 142
11, 142
3, 142
47, 142
27, 142
16, 142
5, 142
103, 142
11, 142
97, 142
5, 142
23, 142
5, 142
26, 142
82, 142
44, 142
5, 142
44, 142
41, 142
15, 142
100, 142
49, 142
12, 142
115, 142
83, 142
50, 142
63, 142
0, 142
24, 142
26, 142
39, 142
16, 142
0, 142
25, 142
25, 142
31, 142
47, 142
8, 142
17, 142
73, 142
104, 142
22, 142
11, 142
16, 142
32, 142
51, 142
38, 142
49, 142
26, 142
90, 142
69, 142
102, 142
15, 142
5, 142
25, 142
105, 142
8, 142
116, 142
122, 142
60, 142
18, 142
75, 142
29, 142
18, 142
103, 142
42, 142
113, 142
33, 142
16, 142
56, 142
124, 142
119, 142
27, 142
105, 142
5, 142
18, 142
46, 142
104, 142
77, 142
43, 142
100, 142
18, 142
68, 142
35, 142
49, 142
53, 142
90, 142
111, 142
14, 142
110, 142
65, 142
104, 142
31, 142
10, 142
49, 142
9, 142
11, 142
63, 142
41, 142
30, 142
21, 142
70, 142
66, 142
65, 142
100, 142
65, 142
43, 142
27, 142
45, 142
55, 142
35, 142
11, 142
5, 142
1, 142
104, 142
87, 142
123, 142
61, 142
32, 142
71, 142
39, 142
58, 142
21, 142
65, 142
47, 142
20, 142
26, 142
2, 142
38, 142
9, 142
65, 142
65, 142
17, 142
21, 142
85, 142
32, 142
33, 142
41, 142
111, 142
85, 142
48, 142
78, 142
38, 142
28, 142
42, 142
127, 142
70, 142
64, 142
102, 142
111, 142
28, 142
17, 142
91, 142
27, 142
19, 142
4, 142
18, 142
115, 142
115, 142
15, 142
106, 142
30, 142
94, 142
60, 142
17, 142
13, 142
89, 142
71, 142
11, 142
31, 142
85, 142
62, 142
31, 142
80, 142
141, 142
10, 142
29, 142
59, 142
92, 142
48, 142
106, 142
106, 142
38, 142
6, 142
17, 142
21, 142
22, 142
28, 142
54, 142
24, 142
80, 142
42, 142
44, 142
15, 142
35, 142
89, 142
105, 142
89, 142
57, 142
49, 142
16, 142
11, 142
44, 142
13, 142
48, 142
30, 142
3, 142
46, 142
27, 142
126, 142
100, 142
125, 142
79, 142
105, 142
116, 142
24, 142
21, 142
122, 142
21, 142
75, 142
81, 142
42, 142
88, 142
7, 142
37, 142
142, 142
93, 142
81, 142
14, 142
13, 142
55, 142
28, 142
50, 142
14, 142
107, 142
9, 142
46, 142
106, 142
136, 142
30, 142
23, 142
46, 142
0, 142
47, 142
79, 142
121, 142
103, 142
27, 142
103, 142
31, 142
0, 142
47, 142
69, 142
5, 142
2, 142
46, 142
23, 142
18, 142
5, 142
60, 142
11, 142
12, 142
10, 142
33, 142
90, 142
27, 142
71, 142
23, 142
28, 142
53, 142
100, 142
25, 142
119, 142
112, 142
76, 142
46, 142
21, 142
9, 142
24, 142
21, 142
44, 142
34, 142
33, 142
103, 142
23, 142
3, 142
43, 142
34, 142
32, 142
44, 142
11, 142
9, 142
90, 142
30, 142
33, 142
178, 178
43, 178
36, 178
17, 178
54, 178
205, 205
22, 205
112, 205
115, 205
134, 205
18, 205
35, 205
10, 205
55, 205
1, 205
31, 205
50, 205
22, 205
68, 205
7, 205
40, 205
32, 205
40, 205
63, 205
56, 205
114, 205
17, 205
37, 205
109, 205
49, 205
111, 205
112, 205
20, 205
116, 205
44, 205
15, 205
3, 205
54, 205
8, 205
14, 205
11, 205
155, 205
87, 205
24, 205
119, 205
124, 205
8, 205
27, 205
28, 205
22, 205
118, 205
124, 205
102, 205
10, 205
158, 205
118, 205
67, 205
56, 205
128, 205
83, 205
33, 205
112, 205
14, 205
61, 205
8, 205
57, 205
126, 205
13, 205
95, 205
144, 205
152, 205
46, 205
19, 205
47, 205
24, 205
2, 205
68, 205
103, 205
23, 205
35, 205
9, 205
20, 205
42, 205
16, 205
17, 205
64, 205
86, 205
67, 205
7, 205
80, 205
108, 205
75, 205
104, 205
113, 205
40, 205
40, 205
158, 205
101, 205
94, 205
31, 205
28, 205
10, 205
8, 205
3, 205
25, 205
60, 205
11, 205
62, 205
61, 205
15, 205
150, 205
14, 205
33, 205
218, 218
78, 218
110, 218
30, 218
38, 218
131, 218
45, 218
81, 218
4, 218
25, 218
39, 218
73, 218
52, 218
6, 218
3, 218
110, 218
26, 218
17, 218
130, 218
14, 218
25, 218
46, 218
154, 218
58, 218
132, 218
15, 218
133, 218
14, 218
111, 218
109, 218
76, 218
106, 218
6, 218
20, 218
71, 218
64, 218
114, 218
66, 218
116, 218
106, 218
8, 218
146, 218
109, 218
125, 218
28, 218
64, 218
6, 218
112, 218
105, 218
65, 218
32, 218
8, 218
40, 218
3, 218
14, 218
22, 218
40, 218
95, 218
10, 218
54, 218
104, 218
136, 218
52, 218
25, 218
135, 218
123, 218
54, 218
106, 218
117, 218
67, 218
38, 218
23, 218
127, 218
11, 218
104, 218
135, 218
140, 218
4, 218
69, 218
35, 218
56, 218
64, 218
21, 218
96, 218
22, 218
112, 218
10, 218
107, 218
20, 218
5, 218
143, 218
6, 218
146, 218
36, 218
87, 218
20, 218
61, 218
64, 218
119, 218
112, 218
9, 218
118, 218
48, 218
103, 218
121, 218
56, 218
23, 218
201, 218
29, 218
137, 218
5, 218
20, 218
59, 218
118, 218
29, 218
107, 218
135, 218
174, 218
38, 218
85, 218
103, 218
33, 218
55, 218
57, 218
57, 218
39, 218
122, 218
143, 218
7, 218
31, 218
104, 218
42, 218
114, 218
103, 218
100, 218
104, 218
200, 218
31, 218
77, 218
52, 218
55, 218
12, 218
8, 218
38, 218
36, 218
44, 218
73, 218
92, 218
84, 218
1, 218
36, 218
18, 218
60, 218
48, 218
121, 218
12, 218
188, 218
119, 218
81, 218
91, 218
58, 218
130, 218
41, 218
55, 218
102, 218
102, 218
79, 218
54, 218
71, 218
121, 218
80, 218
26, 218
104, 218
62, 218
33, 218
24, 218
44, 218
79, 218
38, 218
58, 218
22, 218
100, 218
129, 218
22, 218
108, 218
18, 218
6, 218
12, 218
200, 218
40, 218
42, 218
88, 218
113, 218
128, 218
101, 218
2, 218
57, 218
55, 218
76, 218
155, 218
117, 218
72, 218
11, 218
25, 218
81, 218
145, 218
19, 218
121, 218
147, 218
116, 218
79, 218
119, 218
45, 218
112, 218
31, 218
83, 218
105, 218
113, 218
23, 218
62, 218
116, 218
30, 218
102, 218
70, 218
104, 218
47, 218
20, 218
112, 218
58, 218
47, 218
140, 218
78, 218
20, 218
104, 218
58, 218
146, 218
121, 218
12, 218
3, 218
162, 218
71, 218
72, 218
157, 218
46, 218
12, 218
111, 218
48, 218
56, 218
108, 218
11, 218
11, 218
109, 218
150, 218
29, 218
58, 218
110, 218
30, 218
83, 218
62, 218
117, 218
120, 218
6, 218
63, 218
128, 218
22, 218
8, 218
120, 218
71, 218
16, 218
18, 218
140, 218
105, 218
47, 218
45, 218
11, 218
101, 218
81, 218
23, 218
86, 218
155, 218
60, 218
112, 218
96, 218
115, 218
80, 218
162, 218
29, 218
41, 218
20, 218
6, 218
112, 218
43, 218
11, 218
121, 218
59, 218
22, 218
112, 218
7, 218
130, 218
9, 218
82, 218
77, 218
181, 218
126, 218
80, 218
27, 218
19, 218
24, 218
66, 218
114, 218
73, 218
63, 218
104, 218
85, 218
120, 218
102, 218
72, 218
21, 218
5, 218
122, 218
71, 218
187, 218
103, 218
23, 218
146, 218
34, 218
158, 218
15, 218
86, 218
93, 218
106, 218
106, 218
95, 218
23, 218
60, 218
7, 218
86, 218
69, 218
112, 218
9, 218
69, 218
90, 218
99, 218
103, 218
64, 218
26, 218
102, 218
99, 218
104, 218
75, 218
128, 218
113, 218
113, 218
75, 218
47, 218
143, 218
126, 218
18, 218
93, 218
102, 218
108, 218
159, 218
124, 218
162, 218
107, 218
176, 218
116, 218
61, 218
95, 218
50, 218
179, 218
125, 218
109, 218
101, 218
112, 218
164, 218
175, 218
41, 218
117, 218
105, 218
153, 218
67, 218
28, 218
214, 218
149, 218
157, 218
194, 218
130, 218
102, 218
158, 218
13, 218
204, 218
27, 218
117, 218
108, 218
113, 218
101, 218
170, 218
133, 218
109, 218
106, 218
154, 218
66, 218
74, 218
204, 218
38, 218
14, 218
88, 218
123, 218
79, 218
122, 218
124, 218
5, 218
10, 218
45, 218
58, 218
136, 218
133, 218
132, 218
19, 218
57, 218
143, 218
108, 218
45, 218
124, 218
114, 218
143, 218
143, 218
133, 218
95, 218
102, 218
213, 218
144, 218
140, 218
105, 218
32, 218
100, 218
42, 218
119, 218
163, 218
151, 218
161, 218
123, 218
156, 218
175, 218
141, 218
110, 218
120, 218
110, 218
160, 218
166, 218
139, 218
89, 218
145, 218
108, 218
56, 218
164, 218
138, 218
100, 218
162, 218
48, 218
206, 218
19, 218
8, 218
100, 218
107, 218
165, 218
155, 218
106, 218
49, 218
121, 218
178, 218
204, 218
150, 218
116, 218
121, 218
201, 218
159, 218
209, 218
163, 218
139, 218
203, 218
16, 218
210, 218
7, 218
129, 218
71, 218
152, 218
133, 218
146, 218
86, 218
8, 218
210, 218
19, 218
100, 218
35, 218
89, 218
157, 218
109, 218
165, 218
201, 218
124, 218
194, 218
181, 218
90, 218
154, 218
147, 218
118, 218
64, 218
168, 218
76, 218
162, 218
103, 218
77, 218
203, 218
102, 218
129, 218
104, 218
126, 218
29, 218
205, 218
34, 218
200, 218
113, 218
17, 218
191, 218
23, 218
135, 218
207, 218
14, 218
122, 218
115, 218
124, 218
141, 218
105, 218
139, 218
149, 218
123, 218
145, 218
48, 218
178, 218
155, 218
200, 218
180, 218
158, 218
207, 218
80, 218
13, 218
73, 218
95, 218
174, 218
65, 218
108, 218
122, 218
205, 218
202, 218
87, 218
6, 218
185, 218
146, 218
118, 218
203, 218
135, 218
200, 218
200, 218
202, 218
124, 218
201, 218
16, 218
118, 218
168, 218
156, 218
106, 218
132, 218
82, 218
84, 218
78, 218
194, 218
205, 218
141, 218
79, 218
27, 218
150, 218
123, 218
205, 218
154, 218
201, 218
120, 218
171, 218
194, 218
160, 218
203, 218
157, 218
104, 218
188, 218
117, 218
104, 218
202, 218
102, 218
82, 218
71, 218
136, 218
200, 218
109, 218
169, 218
201, 218
171, 218
56, 218
203, 218
200, 218
200, 218
121, 218
200, 218
40, 218
113, 218
193, 218
56, 218
33, 218
206, 218
105, 218
106, 218
15, 218
210, 218
121, 218
202, 218
185, 218
143, 218
41, 218
110, 218
202, 218
135, 218
205, 218
145, 218
55, 218
200, 218
200, 218
119, 218
15, 218
202, 218
187, 218
129, 218
153, 218
111, 218
15, 218
122, 218
214, 218
37, 218
82, 218
103, 218
104, 218
201, 218
56, 218
42, 218
208, 218
116, 218
59, 218
128, 218
156, 218
133, 218
219, 219
201, 219
196, 219
160, 219
201, 219
98, 219
3, 219
203, 219
128, 219
157, 219
165, 219
42, 219
147, 219
215, 219
104, 219
166, 219
201, 219
36, 219
145, 219
198, 219
132, 219
155, 219
103, 219
200, 219
203, 219
203, 219
191, 219
55, 219
99, 219
212, 219
107, 219
165, 219
78, 219
105, 219
202, 219
115, 219
204, 219
207, 219
60, 219
114, 219
29, 219
82, 219
211, 219
72, 219
206, 219
218, 219
179, 219
75, 219
202, 219
16, 219
112, 219
97, 219
206, 219
103, 219
28, 219
186, 219
20, 219
27, 219
113, 219
163, 219
9, 219
117, 219
131, 219
158, 219
179, 219
208, 219
158, 219
11, 219
206, 219
219, 219
120, 219
179, 219
146, 219
148, 219
42, 219
93, 219
159, 219
181, 219
201, 219
203, 219
110, 219
110, 219
167, 219
104, 219
129, 219
181, 219
153, 219
200, 219
111, 219
182, 219
102, 219
206, 219
202, 219
160, 219
70, 219
146, 219
169, 219
80, 219
137, 219
109, 219
117, 219
126, 219
152, 219
213, 219
207, 219
98, 219
200, 219
110, 219
65, 219
224, 224
119, 224
209, 224
114, 224
159, 224
159, 224
207, 224
101, 224
118, 224
196, 224
204, 224
212, 224
202, 224
134, 224
132, 224
216, 224
144, 224
196, 224
138, 224
200, 224
163, 224
154, 224
200, 224
136, 224
162, 224
159, 224
202, 224
90, 224
74, 224
135, 224
204, 224
197, 224
127, 224
201, 224
205, 224
204, 224
205, 224
201, 224
172, 224
122, 224
200, 224
204, 224
141, 224
127, 224
167, 224
160, 224
97, 224
200, 224
58, 224
196, 224
135, 224
201, 224
170, 224
127, 224
214, 224
201, 224
193, 224
205, 224
189, 224
133, 224
116, 224
200, 224
174, 224
144, 224
148, 224
204, 224
94, 224
202, 224
148, 224
138, 224
172, 224
200, 224
158, 224
201, 224
106, 224
200, 224
175, 224
183, 224
129, 224
221, 224
41, 224
105, 224
192, 224
158, 224
117, 224
52, 224
201, 224
201, 224
108, 224
71, 224
106, 224
200, 224
202, 224
202, 224
123, 224
203, 224
158, 224
151, 224
195, 224
200, 224
199, 224
21, 224
82, 224
106, 224
100, 224
153, 224
203, 224
200, 224
134, 224
214, 224
201, 224
164, 224
131, 224
181, 224
146, 224
32, 224
69, 224
201, 224
200, 224
48, 224
103, 224
19, 224
227, 227
119, 227
81, 227
184, 227
194, 227
201, 227
203, 227
73, 227
121, 227
102, 227
116, 227
159, 227
122, 227
210, 227
126, 227
145, 227
202, 227
19, 227
204, 227
167, 227
148, 227
187, 227
146, 227
158, 227
205, 227
53, 227
37, 227
209, 227
67, 227
131, 227
143, 227
167, 227
197, 227
105, 227
107, 227
200, 227
210, 227
201, 227
27, 227
186, 227
164, 227
80, 227
77, 227
193, 227
32, 227
3, 227
206, 227
211, 227
202, 227
108, 227
109, 227
160, 227
105, 227
159, 227
22, 227
66, 227
162, 227
127, 227
105, 227
110, 227
156, 227
206, 227
151, 227
202, 227
133, 227
206, 227
139, 227
59, 227
154, 227
142, 227
184, 227
206, 227
172, 227
138, 227
216, 227
179, 227
123, 227
211, 227
108, 227
206, 227
201, 227
164, 227
103, 227
205, 227
136, 227
108, 227
201, 227
206, 227
94, 227
205, 227
186, 227
133, 227
115, 227
168, 227
202, 227
82, 227
108, 227
203, 227
113, 227
130, 227
149, 227
203, 227
201, 227
117, 227
111, 227
209, 227
200, 227
214, 227
88, 227
117, 227
174, 227
133, 227
203, 227
154, 227
122, 227
155, 227
204, 227
106, 227
207, 227
150, 227
202, 227
203, 227
120, 227
192, 227
147, 227
203, 227
161, 227
211, 227
69, 227
89, 227
84, 227
67, 227
135, 227
202, 227
13, 227
115, 227
113, 227
204, 227
157, 227
207, 227
211, 227
203, 227
196, 227
40, 227
207, 227
139, 227
212, 227
124, 227
200, 227
201, 227
224, 227
105, 227
207, 227
200, 227
206, 227
153, 227
125, 227
111, 227
86, 227
114, 227
32, 227
156, 227
133, 227
172, 227
176, 227
208, 227
120, 227
187, 227
146, 227
211, 227
148, 227
203, 227
135, 227
106, 227
136, 227
135, 227
85, 227
212, 227
223, 227
137, 227
146, 227
203, 227
89, 227
79, 227
222, 227
114, 227
8, 227
156, 227
209, 227
201, 227
130, 227
204, 227
111, 227
132, 227
202, 227
209, 227
213, 227
207, 227
68, 227
111, 227
17, 227
115, 227
89, 227
158, 227
126, 227
240, 240
132, 240
132, 240
200, 240
121, 240
136, 240
244, 244
30, 244
56, 244
209, 244
135, 244
179, 244
228, 244
201, 244
144, 244
147, 244
218, 244
47, 244
218, 244
133, 244
204, 244
256, 256
52, 256
101, 256
75, 256
30, 256
190, 256
48, 256
83, 256
35, 256
207, 256
117, 256
209, 256
54, 256
182, 256
238, 256
184, 256
37, 256
95, 256
207, 256
127, 256
4, 256
114, 256
75, 256
154, 256
143, 256
142, 256
86, 256
122, 256
130, 256
44, 256
164, 256
118, 256
14, 256
111, 256
157, 256
119, 256
203, 256
181, 256
201, 256
166, 256
171, 256
189, 256
118, 256
35, 256
126, 256
202, 256
161, 256
143, 256
201, 256
185, 256
204, 256
100, 256
144, 256
36, 256
101, 256
140, 256
185, 256
200, 256
80, 256
179, 256
138, 256
211, 256
202, 256
200, 256
168, 256
202, 256
202, 256
82, 256
208, 256
89, 256
109, 256
94, 256
136, 256
25, 256
147, 256
164, 256
207, 256
202, 256
209, 256
93, 256
105, 256
210, 256
201, 256
200, 256
141, 256
13, 256
121, 256
200, 256
103, 256
51, 256
120, 256
201, 256
209, 256
111, 256
57, 256
6, 256
118, 256
154, 256
206, 256
190, 256
216, 256
164, 256
146, 256
164, 256
204, 256
55, 256
171, 256
130, 256
182, 256
151, 256
166, 256
123, 256
180, 256
39, 256
116, 256
145, 256
135, 256
108, 256
203, 256
179, 256
201, 256
117, 256
203, 256
147, 256
210, 256
190, 256
200, 256
203, 256
217, 256
203, 256
201, 256
113, 256
152, 256
201, 256
40, 256
216, 256
117, 256
88, 256
109, 256
203, 256
205, 256
207, 256
204, 256
105, 256
157, 256
200, 256
16, 256
61, 256
200, 256
23, 256
130, 256
82, 256
203, 256
96, 256
153, 256
204, 256
201, 256
174, 256
189, 256
218, 256
46, 256
160, 256
106, 256
212, 256
30, 256
16, 256
206, 256
147, 256
110, 256
201, 256
205, 256
204, 256
170, 256
52, 256
68, 256
203, 256
81, 256
217, 256
139, 256
32, 256
125, 256
206, 256
200, 256
190, 256
76, 256
40, 256
197, 256
167, 256
61, 256
29, 256
35, 256
204, 256
201, 256
115, 256
202, 256
69, 256
12, 256
20, 256
205, 256
200, 256
128, 256
112, 256
189, 256
30, 256
139, 256
168, 256
148, 256
129, 256
40, 256
184, 256
208, 256
203, 256
207, 256
32, 256
82, 256
145, 256
65, 256
202, 256
216, 256
49, 256
137, 256
42, 256
29, 256
115, 256
65, 256
11, 256
121, 256
42, 256
222, 256
137, 256
89, 256
98, 256
100, 256
195, 256
204, 256
172, 256
139, 256
17, 256
148, 256
126, 256
163, 256
164, 256
15, 256
77, 256
158, 256
111, 256
207, 256
100, 256
29, 256
133, 256
200, 256
138, 256
17, 256
54, 256
181, 256
102, 256
135, 256
142, 256
103, 256
110, 256
171, 256
217, 256
147, 256
204, 256
134, 256
211, 256
203, 256
203, 256
124, 256
172, 256
175, 256
204, 256
203, 256
201, 256
116, 256
53, 256
199, 256
206, 256
202, 256
118, 256
12, 256
212, 256
251, 256
140, 256
101, 256
204, 256
220, 256
249, 256
178, 256
206, 256
203, 256
226, 256
236, 256
169, 256
223, 256
168, 256
290, 290
212, 290
249, 290
157, 290
210, 290
201, 290
207, 290
211, 290
222, 290
212, 290
216, 290
226, 290
133, 290
123, 290
230, 290
215, 290
207, 290
204, 290
200, 290
229, 290
203, 290
219, 290
226, 290
220, 290
99, 290
234, 290
205, 290
225, 290
259, 290
201, 290
204, 290
217, 290
130, 290
203, 290
209, 290
200, 290
234, 290
200, 290
227, 290
203, 290
214, 290
208, 290
203, 290
50, 290
150, 290
205, 290
200, 290
49, 290
220, 290
54, 290
206, 290
133, 290
215, 290
210, 290
223, 290
122, 290
200, 290
103, 290
285, 290
201, 290
206, 290
207, 290
248, 290
57, 290
127, 290
201, 290
202, 290
206, 290
154, 290
113, 290
117, 290
211, 290
211, 290
218, 290
207, 290
205, 290
137, 290
212, 290
203, 290
253, 290
213, 290
149, 290
215, 290
231, 290
204, 290
210, 290
215, 290
208, 290
89, 290
213, 290
203, 290
207, 290
302, 302
217, 302
186, 302
124, 302
167, 302
163, 302
185, 302
160, 302
109, 302
218, 302
124, 302
106, 302
146, 302
239, 302
174, 302
144, 302
213, 302
205, 302
178, 302
105, 302
77, 302
134, 302
146, 302
211, 302
103, 302
178, 302
214, 302
137, 302
205, 302
240, 302
240, 302
201, 302
225, 302
203, 302
218, 302
243, 302
200, 302
208, 302
208, 302
220, 302
204, 302
102, 302
227, 302
204, 302
12, 302
227, 302
208, 302
204, 302
205, 302
200, 302
212, 302
239, 302
247, 302
201, 302
213, 302
83, 302
211, 302
192, 302
238, 302
65, 302
22, 302
214, 302
211, 302
104, 302
218, 302
234, 302
122, 302
202, 302
235, 302
122, 302
57, 302
117, 302
202, 302
206, 302
213, 302
221, 302
205, 302
292, 302
216, 302
264, 302
201, 302
205, 302
205, 302
207, 302
213, 302
203, 302
205, 302
201, 302
208, 302
208, 302
209, 302
222, 302
111, 302
200, 302
208, 302
201, 302
131, 302
217, 302
218, 302
220, 302
221, 302
232, 302
241, 302
203, 302
109, 302
214, 302
238, 302
211, 302
262, 302
243, 302
203, 302
174, 302
203, 302
205, 302
209, 302
234, 302
184, 302
58, 302
215, 302
211, 302
207, 302
92, 302
231, 302
151, 302
210, 302
211, 302
205, 302
239, 302
204, 302
72, 302
143, 302
234, 302
203, 302
207, 302
201, 302
204, 302
202, 302
207, 302
204, 302
206, 302
216, 302
210, 302
146, 302
227, 302
202, 302
216, 302
201, 302
213, 302
204, 302
188, 302
211, 302
111, 302
227, 302
215, 302
121, 302
210, 302
234, 302
141, 302
209, 302
220, 302
211, 302
200, 302
201, 302
186, 302
208, 302
238, 302
227, 302
201, 302
201, 302
229, 302
236, 302
202, 302
200, 302
217, 302
207, 302
205, 302
201, 302
210, 302
209, 302
150, 302
206, 302
226, 302
36, 302
88, 302
262, 302
63, 302
167, 302
219, 302
248, 302
224, 302
241, 302
209, 302
203, 302
232, 302
212, 302
207, 302
226, 302
218, 302
214, 302
219, 302
203, 302
104, 302
131, 302
209, 302
210, 302
211, 302
216, 302
207, 302
168, 302
202, 302
208, 302
206, 302
203, 302
138, 302
217, 302
206, 302
206, 302
302, 302
204, 302
202, 302
200, 302
206, 302
236, 302
239, 302
210, 302
200, 302
122, 302
233, 302
107, 302
207, 302
243, 302
206, 302
260, 302
95, 302
263, 302
216, 302
207, 302
58, 302
212, 302
237, 302
20, 302
134, 302
205, 302
215, 302
202, 302
210, 302
204, 302
121, 302
227, 302
222, 302
207, 302
204, 302
207, 302
207, 302
219, 302
206, 302
185, 302
202, 302
201, 302
157, 302
240, 302
280, 302
251, 302
197, 302
127, 302
219, 302
206, 302
228, 302
202, 302
228, 302
221, 302
234, 302
141, 302
64, 302
175, 302
210, 302
167, 302
225, 302
182, 302
203, 302
239, 302
201, 302
131, 302
203, 302
11, 302
240, 302
220, 302
178, 302
222, 302
220, 302
231, 302
216, 302
221, 302
207, 302
245, 302
210, 302
213, 302
195, 302
92, 302
210, 302
202, 302
215, 302
229, 302
220, 302
243, 302
233, 302
224, 302
217, 302
216, 302
217, 302
218, 302
212, 302
220, 302
249, 302
222, 302
218, 302
134, 302
30, 302
211, 302
215, 302
208, 302
206, 302
104, 302
249, 302
202, 302
232, 302
109, 302
202, 302
200, 302
214, 302
136, 302
167, 302
115, 302
209, 302
163, 302
207, 302
229, 302
209, 302
201, 302
117, 302
251, 302
199, 302
204, 302
258, 302
216, 302
220, 302
215, 302
211, 302
206, 302
145, 302
140, 302
230, 302
200, 302
202, 302
201, 302
61, 302
82, 302
193, 302
219, 302
209, 302
160, 302
234, 302
272, 302
129, 302
190, 302
117, 302
194, 302
218, 302
208, 302
212, 302
210, 302
309, 309
23, 309
212, 309
11, 309
214, 309
216, 309
230, 309
201, 309
215, 309
50, 309
203, 309
214, 309
218, 309
209, 309
125, 309
169, 309
219, 309
217, 309
247, 309
263, 309
206, 309
207, 309
222, 309
216, 309
187, 309
11, 309
209, 309
257, 309
174, 309
210, 309
285, 309
167, 309
192, 309
205, 309
228, 309
112, 309
203, 309
206, 309
142, 309
238, 309
283, 309
205, 309
202, 309
219, 309
290, 309
214, 309
217, 309
200, 309
236, 309
233, 309
205, 309
211, 309
205, 309
142, 309
101, 309
204, 309
61, 309
225, 309
19, 309
203, 309
241, 309
228, 309
229, 309
228, 309
6, 309
128, 309
203, 309
220, 309
216, 309
215, 309
29, 309
114, 309
116, 309
230, 309
7, 309
194, 309
136, 309
239, 309
123, 309
218, 309
136, 309
237, 309
216, 309
221, 309
202, 309
207, 309
209, 309
102, 309
208, 309
236, 309
200, 309
202, 309
160, 309
32, 309
232, 309
226, 309
216, 309
147, 309
189, 309
207, 309
211, 309
211, 309
214, 309
221, 309
202, 309
185, 309
167, 309
199, 309
223, 309
113, 309
224, 309
133, 309
224, 309
230, 309
122, 309
265, 309
216, 309
203, 309
203, 309
113, 309
168, 309
267, 309
209, 309
156, 309
223, 309
204, 309
153, 309
206, 309
190, 309
211, 309
165, 309
207, 309
125, 309
207, 309
222, 309
204, 309
168, 309
160, 309
158, 309
144, 309
208, 309
112, 309
201, 309
246, 309
201, 309
211, 309
149, 309
201, 309
208, 309
229, 309
221, 309
213, 309
200, 309
202, 309
258, 309
207, 309
237, 309
209, 309
205, 309
226, 309
158, 309
247, 309
233, 309
115, 309
200, 309
200, 309
221, 309
212, 309
119, 309
209, 309
211, 309
206, 309
250, 309
79, 309
203, 309
204, 309
155, 309
224, 309
211, 309
10, 309
205, 309
223, 309
194, 309
144, 309
209, 309
202, 309
205, 309
216, 309
210, 309
112, 309
202, 309
227, 309
268, 309
220, 309
214, 309
203, 309
223, 309
215, 309
229, 309
220, 309
228, 309
195, 309
210, 309
200, 309
237, 309
210, 309
214, 309
150, 309
203, 309
203, 309
167, 309
153, 309
209, 309
216, 309
218, 309
211, 309
217, 309
221, 309
203, 309
209, 309
214, 309
182, 309
175, 309
207, 309
209, 309
182, 309
137, 309
220, 309
152, 309
31, 309
204, 309
223, 309
212, 309
159, 309
202, 309
208, 309
241, 309
211, 309
235, 309
181, 309
229, 309
7, 309
168, 309
143, 309
120, 309
106, 309
179, 309
147, 309
102, 309
135, 309
200, 309
220, 309
245, 309
112, 309
134, 309
109, 309
202, 309
153, 309
220, 309
210, 309
162, 309
158, 309
217, 309
224, 309
206, 309
202, 309
245, 309
210, 309
205, 309
201, 309
211, 309
219, 309
236, 309
44, 309
208, 309
216, 309
260, 309
146, 309
104, 309
203, 309
235, 309
105, 309
218, 309
158, 309
201, 309
208, 309
216, 309
230, 309
212, 309
235, 309
216, 309
258, 309
208, 309
326, 326
146, 326
144, 326
138, 326
189, 326
235, 326
206, 326
92, 326
204, 326
202, 326
226, 326
271, 326
230, 326
255, 326
223, 326
210, 326
206, 326
212, 326
122, 326
208, 326
202, 326
219, 326
247, 326
210, 326
218, 326
303, 326
217, 326
204, 326
210, 326
245, 326
200, 326
231, 326
208, 326
213, 326
203, 326
211, 326
206, 326
238, 326
205, 326
204, 326
208, 326
201, 326
178, 326
211, 326
203, 326
209, 326
207, 326
203, 326
205, 326
231, 326
188, 326
210, 326
251, 326
200, 326
212, 326
210, 326
232, 326
215, 326
204, 326
206, 326
201, 326
204, 326
42, 326
201, 326
219, 326
229, 326
209, 326
205, 326
212, 326
208, 326
200, 326
211, 326
208, 326
204, 326
201, 326
220, 326
204, 326
217, 326
210, 326
220, 326
208, 326
231, 326
220, 326
210, 326
269, 326
210, 326
230, 326
242, 326
205, 326
71, 326
212, 326
128, 326
64, 326
244, 326
240, 326
219, 326
257, 326
236, 326
213, 326
219, 326
233, 326
215, 326
215, 326
204, 326
118, 326
222, 326
205, 326
185, 326
253, 326
233, 326
203, 326
241, 326
206, 326
238, 326
226, 326
220, 326
221, 326
19, 326
212, 326
134, 326
25, 326
185, 326
114, 326
228, 326
215, 326
240, 326
201, 326
215, 326
239, 326
206, 326
221, 326
233, 326
210, 326
211, 326
208, 326
261, 326
162, 326
221, 326
105, 326
200, 326
213, 326
203, 326
200, 326
209, 326
233, 326
296, 326
211, 326
207, 326
204, 326
266, 326
200, 326
252, 326
98, 326
158, 326
268, 326
154, 326
219, 326
203, 326
257, 326
203, 326
204, 326
217, 326
211, 326
149, 326
206, 326
201, 326
201, 326
200, 326
228, 326
175, 326
209, 326
173, 326
206, 326
204, 326
218, 326
166, 326
198, 326
154, 326
201, 326
212, 326
184, 326
202, 326
240, 326
115, 326
200, 326
216, 326
114, 326
202, 326
93, 326
252, 326
101, 326
200, 326
234, 326
202, 326
172, 326
203, 326
211, 326
142, 326
227, 326
209, 326
218, 326
240, 326
144, 326
164, 326
252, 326
267, 326
200, 326
208, 326
218, 326
228, 326
152, 326
117, 326
194, 326
137, 326
204, 326
164, 326
209, 326
212, 326
197, 326
2, 326
206, 326
38, 326
118, 326
111, 326
231, 326
220, 326
217, 326
210, 326
119, 326
213, 326
252, 326
207, 326
142, 326
221, 326
206, 326
220, 326
305, 326
208, 326
81, 326
241, 326
170, 326
82, 326
39, 326
130, 326
85, 326
74, 326
166, 326
125, 326
76, 326
14, 326
176, 326
12, 326
161, 326
226, 326
214, 326
38, 326
132, 326
240, 326
201, 326
142, 326
19, 326
207, 326
211, 326
167, 326
24, 326
214, 326
224, 326
209, 326
200, 326
202, 326
220, 326
215, 326
212, 326
202, 326
201, 326
233, 326
201, 326
127, 326
204, 326
256, 326
216, 326
208, 326
229, 326
210, 326
160, 326
232, 326
105, 326
155, 326
76, 326
204, 326
110, 326
180, 326
154, 326
211, 326
170, 326
182, 326
162, 326
193, 326
283, 326
202, 326
200, 326
213, 326
234, 326
208, 326
171, 326
108, 326
217, 326
203, 326
230, 326
225, 326
208, 326
219, 326
187, 326
206, 326
203, 326
209, 326
137, 326
224, 326
240, 326
229, 326
205, 326
199, 326
166, 326
216, 326
217, 326
245, 326
239, 326
219, 326
130, 326
207, 326
205, 326
83, 326
218, 326
131, 326
153, 326
242, 326
168, 326
231, 326
264, 326
223, 326
280, 326
112, 326
203, 326
203, 326
162, 326
214, 326
205, 326
216, 326
218, 326
206, 326
222, 326
201, 326
211, 326
224, 326
220, 326
126, 326
110, 326
256, 326
169, 326
279, 326
169, 326
246, 326
221, 326
218, 326
212, 326
185, 326
201, 326
226, 326
84, 326
204, 326
227, 326
261, 326
205, 326
201, 326
205, 326
199, 326
134, 326
235, 326
200, 326
245, 326
237, 326
190, 326
236, 326
111, 326
150, 326
211, 326
208, 326
229, 326
39, 326
145, 326
109, 326
201, 326
207, 326
177, 326
144, 326
172, 326
219, 326
228, 326
254, 326
203, 326
204, 326
194, 326
225, 326
207, 326
206, 326
207, 326
183, 326
256, 326
108, 326
296, 326
260, 326
136, 326
200, 326
245, 326
212, 326
209, 326
219, 326
207, 326
124, 326
157, 326
248, 326
240, 326
169, 326
235, 326
200, 326
216, 326
212, 326
280, 326
259, 326
253, 326
91, 326
141, 326
214, 326
264, 326
203, 326
252, 326
210, 326
241, 326
215, 326
279, 326
176, 326
225, 326
103, 326
219, 326
232, 326
209, 326
221, 326
207, 326
217, 326
211, 326
232, 326
264, 326
163, 326
241, 326
241, 326
208, 326
234, 326
308, 326
186, 326
54, 326
54, 326
109, 326
232, 326
216, 326
130, 326
212, 326
219, 326
216, 326
225, 326
224, 326
209, 326
200, 326
230, 326
223, 326
203, 326
209, 326
231, 326
246, 326
210, 326
218, 326
201, 326
214, 326
207, 326
205, 326
204, 326
223, 326
261, 326
221, 326
222, 326
206, 326
120, 326
127, 326
210, 326
203, 326
252, 326
209, 326
123, 326
302, 326
121, 326
137, 326
217, 326
205, 326
226, 326
156, 326
117, 326
103, 326
209, 326
147, 326
37, 326
111, 326
124, 326
24, 326
80, 326
118, 326
166, 326
245, 326
183, 326
155, 326
204, 326
224, 326
163, 326
212, 326
213, 326
64, 326
226, 326
19, 326
155, 326
251, 326
9, 326
85, 326
196, 326
157, 326
198, 326
215, 326
208, 326
209, 326
215, 326
163, 326
181, 326
268, 326
207, 326
216, 326
206, 326
230, 326
226, 326
212, 326
183, 326
200, 326
203, 326
218, 326
134, 326
300, 326
200, 326
202, 326
108, 326
266, 326
138, 326
214, 326
114, 326
239, 326
206, 326
60, 326
207, 326
281, 326
227, 326
149, 326
236, 326
19, 326
210, 326
212, 326
264, 326
51, 326
201, 326
227, 326
214, 326
218, 326
226, 326
213, 326
237, 326
210, 326
241, 326
258, 326
160, 326
246, 326
216, 326
217, 326
236, 326
254, 326
230, 326
164, 326
201, 326
218, 326
248, 326
214, 326
136, 326
203, 326
226, 326
207, 326
207, 326
229, 326
243, 326
212, 326
204, 326
249, 326
245, 326
203, 326
107, 326
203, 326
124, 326
202, 326
204, 326
125, 326
218, 326
259, 326
219, 326
234, 326
181, 326
288, 326
144, 326
203, 326
211, 326
207, 326
134, 326
243, 326
202, 326
202, 326
222, 326
208, 326
259, 326
219, 326
216, 326
217, 326
212, 326
204, 326
83, 326
215, 326
206, 326
238, 326
204, 326
210, 326
203, 326
201, 326
202, 326
126, 326
221, 326
202, 326
209, 326
169, 326
205, 326
228, 326
203, 326
213, 326
116, 326
217, 326
144, 326
138, 326
218, 326
118, 326
279, 326
226, 326
34, 326
202, 326
208, 326
210, 326
218, 326
175, 326
208, 326
158, 326
189, 326
146, 326
204, 326
247, 326
203, 326
224, 326
229, 326
184, 326
298, 326
217, 326
221, 326
278, 326
299, 326
219, 326
202, 326
206, 326
208, 326
314, 326
175, 326
209, 326
228, 326
227, 326
236, 326
229, 326
205, 326
241, 326
242, 326
245, 326
218, 326
241, 326
189, 326
205, 326
274, 326
216, 326
210, 326
213, 326
218, 326
209, 326
96, 326
217, 326
172, 326
224, 326
239, 326
254, 326
200, 326
208, 326
83, 326
90, 326
109, 326
139, 326
216, 326
191, 326
136, 326
9, 326
197, 326
157, 326
211, 326
119, 326
174, 326
149, 326
132, 326
18, 326
183, 326
202, 326
217, 326
151, 326
99, 326
127, 326
161, 326
97, 326
103, 326
211, 326
202, 326
226, 326
205, 326
208, 326
222, 326
229, 326
184, 326
226, 326
148, 326
125, 326
149, 326
207, 326
143, 326
37, 326
207, 326
211, 326
219, 326
215, 326
211, 326
201, 326
84, 326
111, 326
205, 326
134, 326
208, 326
5, 326
240, 326
68, 326
235, 326
185, 326
204, 326
213, 326
142, 326
163, 326
166, 326
5, 326
139, 326
127, 326
202, 326
201, 326
213, 326
91, 326
123, 326
172, 326
133, 326
210, 326
149, 326
153, 326
157, 326
220, 326
203, 326
203, 326
108, 326
269, 326
59, 326
200, 326
160, 326
47, 326
206, 326
220, 326
213, 326
203, 326
154, 326
140, 326
95, 326
244, 326
211, 326
239, 326
133, 326
257, 326
118, 326
207, 326
151, 326
147, 326
178, 326
217, 326
198, 326
220, 326
206, 326
165, 326
220, 326
40, 326
178, 326
120, 326
161, 326
110, 326
216, 326
118, 326
157, 326
63, 326
217, 326
158, 326
212, 326
144, 326
41, 326
164, 326
46, 326
220, 326
207, 326
147, 326
205, 326
67, 326
205, 326
214, 326
251, 326
231, 326
209, 326
207, 326
204, 326
162, 326
215, 326
191, 326
219, 326
206, 326
245, 326
127, 326
303, 326
206, 326
227, 326
117, 326
33, 326
232, 326
233, 326
178, 326
201, 326
102, 326
142, 326
245, 326
284, 326
66, 326
157, 326
235, 326
245, 326
208, 326
203, 326
118, 326
22, 326
118, 326
237, 326
216, 326
201, 326
211, 326
202, 326
121, 326
178, 326
30, 326
71, 326
201, 326
15, 326
65, 326
183, 326
130, 326
132, 326
86, 326
124, 326
198, 326
200, 326
202, 326
127, 326
183, 326
194, 326
111, 326
25, 326
221, 326
63, 326
177, 326
68, 326
213, 326
83, 326
67, 326
217, 326
73, 326
139, 326
58, 326
208, 326
208, 326
112, 326
111, 326
83, 326
200, 326
201, 326
192, 326
194, 326
216, 326
110, 326
206, 326
178, 326
236, 326
124, 326
144, 326
165, 326
209, 326
102, 326
204, 326
45, 326
8, 326
100, 326
203, 326
250, 326
202, 326
261, 326
191, 326
203, 326
219, 326
131, 326
207, 326
151, 326
130, 326
161, 326
158, 326
18, 326
206, 326
201, 326
100, 326
142, 326
111, 326
217, 326
154, 326
8, 326
161, 326
209, 326
145, 326
206, 326
203, 326
244, 326
211, 326
232, 326
201, 326
219, 326
202, 326
201, 326
206, 326
209, 326
201, 326
208, 326
208, 326
213, 326
203, 326
220, 326
204, 326
94, 326
204, 326
229, 326
288, 326
255, 326
157, 326
51, 326
1, 326
30, 326
207, 326
201, 326
124, 326
144, 326
121, 326
123, 326
232, 326
216, 326
173, 326
82, 326
222, 326
201, 326
133, 326
46, 326
191, 326
4, 326
157, 326
189, 326
246, 326
207, 326
139, 326
214, 326
3, 326
224, 326
204, 326
255, 326
218, 326
232, 326
218, 326
219, 326
202, 326
120, 326
204, 326
205, 326
213, 326
114, 326
21, 326
127, 326
62, 326
36, 326
105, 326
59, 326
103, 326
81, 326
106, 326
136, 326
90, 326
114, 326
119, 326
83, 326
5, 326
15, 326
36, 326
106, 326
100, 326
2, 326
131, 326
10, 326
71, 326
111, 326
90, 326
55, 326
149, 326
54, 326
94, 326
107, 326
136, 326
155, 326
114, 326
39, 326
4, 326
126, 326
18, 326
157, 326
115, 326
10, 326
120, 326
183, 326
42, 326
165, 326
100, 326
16, 326
168, 326
126, 326
132, 326
22, 326
104, 326
121, 326
122, 326
100, 326
122, 326
127, 326
112, 326
150, 326
104, 326
100, 326
155, 326
127, 326
113, 326
103, 326
205, 326
110, 326
159, 326
101, 326
145, 326
106, 326
104, 326
122, 326
44, 326
11, 326
155, 326
33, 326
30, 326
105, 326
162, 326
23, 326
105, 326
78, 326
116, 326
112, 326
123, 326
211, 326
31, 326
105, 326
130, 326
119, 326
104, 326
111, 326
24, 326
101, 326
176, 326
138, 326
105, 326
113, 326
151, 326
7, 326
101, 326
191, 326
8, 326
48, 326
77, 326
154, 326
4, 326
111, 326
54, 326
134, 326
16, 326
132, 326
118, 326
125, 326
54, 326
102, 326
35, 326
35, 326
109, 326
102, 326
48, 326
142, 326
108, 326
51, 326
119, 326
26, 326
131, 326
113, 326
186, 326
203, 326
100, 326
102, 326
116, 326
130, 326
153, 326
104, 326
124, 326
100, 326
5, 326
120, 326
7, 326
105, 326
101, 326
93, 326
108, 326
124, 326
108, 326
109, 326
114, 326
154, 326
113, 326
105, 326
127, 326
131, 326
135, 326
115, 326
120, 326
73, 326
112, 326
114, 326
137, 326
95, 326
107, 326
2, 326
214, 326
92, 326
60, 326
116, 326
75, 326
136, 326
88, 326
104, 326
120, 326
63, 326
200, 326
119, 326
132, 326
115, 326
121, 326
108, 326
126, 326
121, 326
113, 326
155, 326
113, 326
105, 326
129, 326
114, 326
102, 326
106, 326
148, 326
38, 326
121, 326
100, 326
129, 326
162, 326
124, 326
135, 326
140, 326
112, 326
127, 326
151, 326
129, 326
109, 326
122, 326
112, 326
231, 326
182, 326
148, 326
52, 326
96, 326
131, 326
36, 326
89, 326
9, 326
32, 326
39, 326
227, 326
98, 326
104, 326
140, 326
4, 326
160, 326
171, 326
12, 326
105, 326
118, 326
115, 326
134, 326
162, 326
106, 326
202, 326
17, 326
130, 326
137, 326
233, 326
132, 326
105, 326
105, 326
118, 326
136, 326
171, 326
170, 326
40, 326
56, 326
10, 326
156, 326
137, 326
215, 326
86, 326
100, 326
123, 326
109, 326
213, 326
167, 326
94, 326
104, 326
114, 326
101, 326
110, 326
113, 326
106, 326
110, 326
55, 326
211, 326
118, 326
141, 326
105, 326
215, 326
118, 326
102, 326
163, 326
172, 326
126, 326
137, 326
157, 326
158, 326
156, 326
260, 326
160, 326
113, 326
131, 326
113, 326
132, 326
121, 326
111, 326
124, 326
110, 326
117, 326
158, 326
128, 326
100, 326
113, 326
120, 326
112, 326
106, 326
132, 326
118, 326
140, 326
126, 326
164, 326
100, 326
111, 326
201, 326
121, 326
105, 326
186, 326
119, 326
108, 326
101, 326
146, 326
143, 326
154, 326
158, 326
120, 326
143, 326
3, 326
1, 326
16, 326
159, 326
2, 326
15, 326
108, 326
140, 326
44, 326
160, 326
200, 326
132, 326
123, 326
133, 326
136, 326
105, 326
144, 326
144, 326
107, 326
138, 326
108, 326
149, 326
114, 326
101, 326
116, 326
117, 326
108, 326
139, 326
120, 326
102, 326
100, 326
106, 326
174, 326
155, 326
116, 326
103, 326
145, 326
129, 326
119, 326
104, 326
142, 326
168, 326
104, 326
109, 326
154, 326
111, 326
103, 326
124, 326
102, 326
117, 326
102, 326
112, 326
108, 326
117, 326
105, 326
136, 326
100, 326
189, 326
129, 326
102, 326
134, 326
121, 326
102, 326
108, 326
110, 326
127, 326
234, 326
155, 326
201, 326
139, 326
142, 326
103, 326
112, 326
186, 326
147, 326
238, 326
111, 326
135, 326
223, 326
242, 326
207, 326
116, 326
115, 326
201, 326
250, 326
214, 326
201, 326
169, 326
203, 326
123, 326
118, 326
141, 326
208, 326
130, 326
233, 326
159, 326
183, 326
185, 326
107, 326
108, 326
101, 326
161, 326
152, 326
125, 326
218, 326
103, 326
173, 326
144, 326
194, 326
74, 326
126, 326
161, 326
93, 326
146, 326
9, 326
163, 326
210, 326
261, 326
150, 326
178, 326
127, 326
117, 326
142, 326
173, 326
124, 326
110, 326
121, 326
103, 326
154, 326
110, 326
80, 326
16, 326
184, 326
72, 326
172, 326
112, 326
142, 326
184, 326
107, 326
102, 326
150, 326
187, 326
183, 326
148, 326
132, 326
218, 326
32, 326
123, 326
188, 326
210, 326
131, 326
19, 326
125, 326
127, 326
117, 326
120, 326
101, 326
107, 326
128, 326
217, 326
118, 326
110, 326
156, 326
52, 326
178, 326
112, 326
127, 326
132, 326
150, 326
172, 326
136, 326
105, 326
124, 326
168, 326
125, 326
107, 326
136, 326
110, 326
182, 326
111, 326
65, 326
109, 326
166, 326
153, 326
127, 326
102, 326
101, 326
119, 326
141, 326
157, 326
129, 326
115, 326
128, 326
157, 326
104, 326
112, 326
210, 326
169, 326
129, 326
103, 326
112, 326
140, 326
100, 326
147, 326
160, 326
203, 326
164, 326
108, 326
149, 326
113, 326
103, 326
127, 326
105, 326
104, 326
150, 326
175, 326
121, 326
119, 326
110, 326
102, 326
132, 326
166, 326
118, 326
10, 326
44, 326
101, 326
108, 326
84, 326
126, 326
30, 326
119, 326
64, 326
17, 326
92, 326
39, 326
6, 326
136, 326
85, 326
13, 326
41, 326
148, 326
42, 326
138, 326
125, 326
137, 326
25, 326
61, 326
83, 326
140, 326
191, 326
60, 326
90, 326
231, 326
113, 326
19, 326
122, 326
138, 326
229, 326
65, 326
177, 326
18, 326
157, 326
222, 326
231, 326
211, 326
240, 326
31, 326
27, 326
204, 326
14, 326
158, 326
