#Algorithm: Qlearning, Speed: 5, Boost: 4, PM: True, Env size: (100, 100), Car size: (25, 20),
#Counter: 100, Nsteps: 10000000, Gamma: 1, LearnRate: 0.01, Eps: 0.5, Epsdecay: 0.9
386, 386
217, 386
216, 386
403, 403
310, 403
347, 403
400, 403
404, 404
427, 427
1205, 1205
1211, 1211
1200, 1211
1200, 1211
1203, 1211
1202, 1211
1200, 1211
1210, 1211
1204, 1211
1203, 1211
1210, 1211
1216, 1216
1245, 1245
1211, 1245
1218, 1245
1201, 1245
1228, 1245
1231, 1245
1212, 1245
1203, 1245
1201, 1245
1218, 1245
1202, 1245
1201, 1245
1205, 1245
1200, 1245
1205, 1245
1207, 1245
1206, 1245
1202, 1245
1215, 1245
1214, 1245
1204, 1245
1203, 1245
1200, 1245
1200, 1245
1203, 1245
1204, 1245
1202, 1245
1205, 1245
1206, 1245
1206, 1245
1212, 1245
1205, 1245
1203, 1245
1208, 1245
1218, 1245
1202, 1245
1202, 1245
1218, 1245
1225, 1245
1204, 1245
1211, 1245
1206, 1245
1212, 1245
1213, 1245
1211, 1245
1201, 1245
1201, 1245
1203, 1245
1213, 1245
1232, 1245
1220, 1245
1209, 1245
1227, 1245
1200, 1245
1229, 1245
1209, 1245
1201, 1245
1210, 1245
1201, 1245
1201, 1245
1203, 1245
1204, 1245
1208, 1245
1207, 1245
1204, 1245
1206, 1245
1224, 1245
1202, 1245
1213, 1245
1206, 1245
1233, 1245
1201, 1245
1216, 1245
1202, 1245
1211, 1245
1203, 1245
1241, 1245
1203, 1245
1206, 1245
1200, 1245
1208, 1245
1203, 1245
1204, 1245
1241, 1245
1203, 1245
1201, 1245
1233, 1245
1211, 1245
1209, 1245
1201, 1245
1232, 1245
1217, 1245
1232, 1245
1214, 1245
1201, 1245
1204, 1245
1219, 1245
1208, 1245
1205, 1245
1207, 1245
1200, 1245
1219, 1245
1203, 1245
1205, 1245
1204, 1245
1207, 1245
1211, 1245
1201, 1245
1207, 1245
1201, 1245
1220, 1245
1210, 1245
1205, 1245
1209, 1245
1217, 1245
1210, 1245
1200, 1245
1203, 1245
1200, 1245
1205, 1245
1204, 1245
1203, 1245
1229, 1245
1224, 1245
1209, 1245
1219, 1245
1205, 1245
1220, 1245
1213, 1245
1230, 1245
1200, 1245
1206, 1245
1202, 1245
1207, 1245
1201, 1245
1206, 1245
1200, 1245
1204, 1245
1204, 1245
1214, 1245
1222, 1245
1200, 1245
1200, 1245
1233, 1245
1202, 1245
1208, 1245
1201, 1245
1222, 1245
1203, 1245
1200, 1245
1205, 1245
1213, 1245
1209, 1245
1209, 1245
1202, 1245
1201, 1245
1210, 1245
1202, 1245
1205, 1245
1201, 1245
1205, 1245
1214, 1245
1200, 1245
1201, 1245
1213, 1245
1215, 1245
1201, 1245
1212, 1245
1208, 1245
1236, 1245
1239, 1245
1216, 1245
1206, 1245
1209, 1245
1208, 1245
1216, 1245
1204, 1245
1202, 1245
1207, 1245
1223, 1245
1205, 1245
1205, 1245
1209, 1245
1200, 1245
1209, 1245
1202, 1245
1237, 1245
1206, 1245
1200, 1245
1200, 1245
1209, 1245
1211, 1245
1203, 1245
1204, 1245
1200, 1245
1210, 1245
1222, 1245
1205, 1245
1244, 1245
1203, 1245
1203, 1245
1230, 1245
1203, 1245
1204, 1245
1204, 1245
1200, 1245
1200, 1245
1210, 1245
1224, 1245
1216, 1245
1202, 1245
1210, 1245
1211, 1245
1202, 1245
1208, 1245
1220, 1245
1201, 1245
1207, 1245
1220, 1245
1200, 1245
1213, 1245
1203, 1245
1200, 1245
1200, 1245
1204, 1245
1230, 1245
1207, 1245
1207, 1245
1226, 1245
1205, 1245
1201, 1245
1234, 1245
1207, 1245
1211, 1245
1200, 1245
1209, 1245
1202, 1245
1216, 1245
1205, 1245
1240, 1245
1215, 1245
1207, 1245
1203, 1245
1205, 1245
1216, 1245
1207, 1245
1249, 1249
1202, 1249
1219, 1249
1211, 1249
1226, 1249
1215, 1249
1218, 1249
1201, 1249
1213, 1249
1229, 1249
1202, 1249
1203, 1249
1202, 1249
1208, 1249
1208, 1249
1208, 1249
1201, 1249
1204, 1249
1206, 1249
1204, 1249
1209, 1249
1200, 1249
1208, 1249
1223, 1249
1218, 1249
1228, 1249
1217, 1249
1203, 1249
1217, 1249
1204, 1249
1220, 1249
1201, 1249
1201, 1249
1204, 1249
1200, 1249
1210, 1249
1204, 1249
1200, 1249
1205, 1249
1209, 1249
1224, 1249
1204, 1249
1218, 1249
1211, 1249
1202, 1249
1211, 1249
1228, 1249
1202, 1249
1201, 1249
1202, 1249
1224, 1249
1207, 1249
1203, 1249
1215, 1249
1200, 1249
1204, 1249
1217, 1249
1215, 1249
1207, 1249
1215, 1249
1210, 1249
1203, 1249
1205, 1249
1210, 1249
1203, 1249
1222, 1249
1202, 1249
1208, 1249
1228, 1249
1207, 1249
1210, 1249
1224, 1249
1239, 1249
1202, 1249
1245, 1249
1221, 1249
1204, 1249
1204, 1249
1201, 1249
1205, 1249
1200, 1249
1201, 1249
1209, 1249
1205, 1249
1201, 1249
1214, 1249
1201, 1249
1203, 1249
1210, 1249
1219, 1249
1243, 1249
1213, 1249
1211, 1249
1233, 1249
1203, 1249
1207, 1249
1205, 1249
1215, 1249
1200, 1249
1210, 1249
1209, 1249
1208, 1249
1204, 1249
1201, 1249
1213, 1249
1212, 1249
1211, 1249
1201, 1249
1201, 1249
1203, 1249
1233, 1249
1204, 1249
1221, 1249
1202, 1249
1206, 1249
1204, 1249
1202, 1249
1209, 1249
1200, 1249
1229, 1249
1209, 1249
1202, 1249
1222, 1249
1202, 1249
1202, 1249
1200, 1249
1213, 1249
1200, 1249
1223, 1249
1200, 1249
1223, 1249
1220, 1249
1210, 1249
1210, 1249
1216, 1249
1209, 1249
1204, 1249
1200, 1249
1201, 1249
1225, 1249
1207, 1249
1200, 1249
1205, 1249
1200, 1249
1206, 1249
1201, 1249
1204, 1249
1200, 1249
1213, 1249
1210, 1249
1201, 1249
1228, 1249
1201, 1249
1207, 1249
1200, 1249
1206, 1249
1209, 1249
1201, 1249
1211, 1249
1211, 1249
1200, 1249
1207, 1249
1226, 1249
1220, 1249
1205, 1249
1200, 1249
1204, 1249
1200, 1249
1208, 1249
1204, 1249
1220, 1249
1200, 1249
1228, 1249
1202, 1249
1216, 1249
1226, 1249
1225, 1249
1202, 1249
1205, 1249
1224, 1249
1201, 1249
1215, 1249
1208, 1249
1208, 1249
1211, 1249
1205, 1249
1203, 1249
1235, 1249
1201, 1249
1203, 1249
1201, 1249
1218, 1249
1200, 1249
1206, 1249
1217, 1249
1204, 1249
1200, 1249
1206, 1249
1202, 1249
1203, 1249
1241, 1249
1246, 1249
1213, 1249
1204, 1249
1213, 1249
1202, 1249
1207, 1249
1202, 1249
1207, 1249
1205, 1249
1218, 1249
1211, 1249
1203, 1249
1241, 1249
1200, 1249
1210, 1249
1200, 1249
1216, 1249
1201, 1249
1203, 1249
1200, 1249
1207, 1249
1203, 1249
1204, 1249
1226, 1249
1208, 1249
1207, 1249
1201, 1249
1208, 1249
1202, 1249
1203, 1249
1230, 1249
1200, 1249
1202, 1249
1205, 1249
1220, 1249
1217, 1249
1234, 1249
1204, 1249
1222, 1249
1205, 1249
1229, 1249
1205, 1249
1207, 1249
1216, 1249
1201, 1249
1212, 1249
1219, 1249
1218, 1249
1202, 1249
1241, 1249
1209, 1249
1218, 1249
1200, 1249
1201, 1249
1216, 1249
1205, 1249
1217, 1249
1200, 1249
1220, 1249
1211, 1249
1207, 1249
1204, 1249
1201, 1249
1202, 1249
1201, 1249
1207, 1249
1200, 1249
1200, 1249
1211, 1249
1238, 1249
1210, 1249
1214, 1249
1206, 1249
1203, 1249
1205, 1249
1211, 1249
1202, 1249
1224, 1249
1203, 1249
1227, 1249
1200, 1249
1219, 1249
1205, 1249
1209, 1249
1200, 1249
1200, 1249
1202, 1249
1202, 1249
1207, 1249
1201, 1249
1200, 1249
1202, 1249
1205, 1249
1231, 1249
1205, 1249
1208, 1249
1206, 1249
1202, 1249
1202, 1249
1213, 1249
1206, 1249
1201, 1249
1200, 1249
1206, 1249
1203, 1249
1209, 1249
1201, 1249
1200, 1249
1201, 1249
1218, 1249
1213, 1249
1203, 1249
1204, 1249
1224, 1249
1204, 1249
1210, 1249
1228, 1249
1218, 1249
1203, 1249
1201, 1249
1205, 1249
1203, 1249
1208, 1249
1202, 1249
1207, 1249
1220, 1249
1215, 1249
1213, 1249
1204, 1249
1205, 1249
1206, 1249
1229, 1249
1203, 1249
1206, 1249
1205, 1249
1203, 1249
1202, 1249
1217, 1249
1216, 1249
1215, 1249
1208, 1249
1200, 1249
1208, 1249
1204, 1249
1204, 1249
1205, 1249
1200, 1249
1202, 1249
1208, 1249
1200, 1249
1201, 1249
1200, 1249
1209, 1249
1207, 1249
1225, 1249
1212, 1249
1202, 1249
1224, 1249
1201, 1249
1200, 1249
1205, 1249
1219, 1249
1219, 1249
1200, 1249
1215, 1249
1202, 1249
1200, 1249
1202, 1249
1204, 1249
1213, 1249
1231, 1249
1207, 1249
1204, 1249
1205, 1249
1216, 1249
1200, 1249
1201, 1249
1205, 1249
1203, 1249
1211, 1249
1214, 1249
1201, 1249
1207, 1249
1200, 1249
1220, 1249
1217, 1249
1209, 1249
1207, 1249
1223, 1249
1211, 1249
1210, 1249
1222, 1249
1214, 1249
1206, 1249
1210, 1249
1208, 1249
1203, 1249
1224, 1249
1212, 1249
1202, 1249
1206, 1249
1205, 1249
1217, 1249
1202, 1249
1224, 1249
1213, 1249
1208, 1249
1234, 1249
1213, 1249
1210, 1249
1220, 1249
1244, 1249
1201, 1249
1207, 1249
1211, 1249
1205, 1249
1209, 1249
1201, 1249
1225, 1249
1207, 1249
1218, 1249
1215, 1249
1205, 1249
1202, 1249
1202, 1249
1210, 1249
1231, 1249
1207, 1249
1214, 1249
1216, 1249
1202, 1249
1208, 1249
1214, 1249
1200, 1249
1215, 1249
1226, 1249
1213, 1249
1204, 1249
1210, 1249
1203, 1249
1200, 1249
1201, 1249
1204, 1249
1200, 1249
1207, 1249
1200, 1249
1210, 1249
1212, 1249
1200, 1249
1217, 1249
1200, 1249
1203, 1249
1209, 1249
1218, 1249
1205, 1249
1211, 1249
1207, 1249
1210, 1249
1208, 1249
1221, 1249
1216, 1249
1217, 1249
1203, 1249
1201, 1249
1203, 1249
1201, 1249
1208, 1249
1206, 1249
1204, 1249
