#Algorithm: ExpectedSARSA, Speed: 1, Boost: 1, PM: True, Env size: (20, 20), Car size: (5, 4),
#Counter: 100, Nsteps: 1000000, Gamma: 1, LearnRate: 0.01, Eps: 0.5, Epsdecay: 0.9
7, 7
6, 7
0, 7
2, 7
1, 7
4, 7
1, 7
2, 7
2, 7
5, 7
3, 7
4, 7
3, 7
0, 7
5, 7
0, 7
0, 7
16, 16
0, 16
11, 16
2, 16
0, 16
1, 16
1, 16
2, 16
11, 16
6, 16
5, 16
2, 16
5, 16
1, 16
0, 16
1, 16
2, 16
4, 16
2, 16
0, 16
7, 16
4, 16
1, 16
0, 16
1, 16
52, 52
6, 52
8, 52
6, 52
6, 52
0, 52
1, 52
5, 52
5, 52
2, 52
18, 52
15, 52
7, 52
0, 52
3, 52
1, 52
0, 52
6, 52
3, 52
1, 52
4, 52
6, 52
1, 52
0, 52
10, 52
3, 52
2, 52
1, 52
6, 52
14, 52
1, 52
2, 52
1, 52
14, 52
4, 52
9, 52
6, 52
0, 52
0, 52
48, 52
10, 52
18, 52
0, 52
1, 52
7, 52
8, 52
0, 52
0, 52
9, 52
12, 52
0, 52
0, 52
3, 52
8, 52
10, 52
5, 52
0, 52
1, 52
8, 52
1, 52
0, 52
29, 52
21, 52
3, 52
4, 52
3, 52
6, 52
10, 52
9, 52
128, 128
103, 128
5, 128
14, 128
9, 128
10, 128
10, 128
104, 128
112, 128
2, 128
5, 128
1, 128
1, 128
0, 128
1, 128
105, 128
4, 128
69, 128
104, 128
1, 128
5, 128
0, 128
1, 128
1, 128
4, 128
5, 128
6, 128
56, 128
19, 128
115, 128
109, 128
0, 128
15, 128
17, 128
3, 128
7, 128
13, 128
13, 128
9, 128
7, 128
4, 128
9, 128
44, 128
46, 128
18, 128
146, 146
115, 146
1, 146
20, 146
0, 146
0, 146
7, 146
11, 146
3, 146
29, 146
243, 243
205, 243
304, 304
381, 381
309, 381
320, 381
333, 381
304, 381
300, 381
310, 381
311, 381
302, 381
364, 381
304, 381
312, 381
320, 381
309, 381
304, 381
318, 381
308, 381
322, 381
304, 381
319, 381
304, 381
304, 381
309, 381
307, 381
320, 381
307, 381
327, 381
303, 381
321, 381
305, 381
300, 381
308, 381
311, 381
384, 384
322, 384
333, 384
302, 384
301, 384
303, 384
330, 384
309, 384
311, 384
301, 384
328, 384
309, 384
302, 384
302, 384
312, 384
319, 384
300, 384
304, 384
312, 384
306, 384
328, 384
323, 384
305, 384
300, 384
300, 384
314, 384
323, 384
306, 384
303, 384
332, 384
362, 384
304, 384
300, 384
303, 384
301, 384
328, 384
307, 384
303, 384
319, 384
305, 384
300, 384
303, 384
311, 384
303, 384
318, 384
322, 384
302, 384
312, 384
304, 384
300, 384
301, 384
325, 384
301, 384
332, 384
305, 384
312, 384
306, 384
320, 384
306, 384
303, 384
325, 384
300, 384
315, 384
303, 384
309, 384
304, 384
331, 384
313, 384
326, 384
336, 384
302, 384
301, 384
307, 384
322, 384
322, 384
324, 384
320, 384
310, 384
301, 384
323, 384
304, 384
306, 384
301, 384
303, 384
302, 384
301, 384
309, 384
348, 384
306, 384
308, 384
335, 384
367, 384
319, 384
314, 384
318, 384
306, 384
319, 384
307, 384
316, 384
305, 384
300, 384
300, 384
313, 384
300, 384
333, 384
300, 384
316, 384
312, 384
363, 384
351, 384
319, 384
319, 384
324, 384
302, 384
315, 384
314, 384
346, 384
302, 384
335, 384
351, 384
302, 384
311, 384
343, 384
306, 384
338, 384
306, 384
301, 384
300, 384
311, 384
312, 384
311, 384
308, 384
313, 384
327, 384
311, 384
301, 384
300, 384
302, 384
304, 384
303, 384
311, 384
326, 384
309, 384
322, 384
308, 384
305, 384
302, 384
306, 384
359, 384
318, 384
348, 384
323, 384
301, 384
303, 384
324, 384
304, 384
359, 384
312, 384
318, 384
303, 384
305, 384
308, 384
316, 384
309, 384
301, 384
319, 384
304, 384
318, 384
302, 384
300, 384
307, 384
309, 384
310, 384
333, 384
317, 384
307, 384
305, 384
311, 384
304, 384
305, 384
300, 384
350, 384
311, 384
304, 384
324, 384
306, 384
316, 384
317, 384
303, 384
320, 384
310, 384
302, 384
307, 384
310, 384
302, 384
303, 384
300, 384
305, 384
306, 384
360, 384
317, 384
350, 384
340, 384
315, 384
317, 384
318, 384
323, 384
302, 384
321, 384
308, 384
306, 384
323, 384
318, 384
304, 384
316, 384
300, 384
313, 384
