#Algorithm: Qlearning, Speed: 1, Boost: 5, PM: False, Env size: (20, 20), Car size: (6, 5),
#Counter: 10000000, Nsteps: 10000000, Gamma: 1, LearnRate: 0.01, Eps: 0.5, Epsdecay: 0.9
0, 0
0, 0
0, 0
0, 0
0, 0
0, 0
0, 0
1, 1
1, 1
3, 3
0, 3
1, 3
2, 3
1, 3
0, 3
0, 3
0, 3
1, 3
1, 3
1, 3
0, 3
3, 3
0, 3
1, 3
1, 3
2, 3
2, 3
2, 3
0, 3
0, 3
3, 3
0, 3
0, 3
2, 3
4, 4
0, 4
1, 4
1, 4
2, 4
0, 4
2, 4
1, 4
0, 4
0, 4
4, 4
1, 4
0, 4
5, 5
2, 5
4, 5
1, 5
3, 5
1, 5
2, 5
3, 5
5, 5
1, 5
2, 5
4, 5
0, 5
9, 9
3, 9
1, 9
5, 9
5, 9
0, 9
1, 9
4, 9
3, 9
0, 9
1, 9
4, 9
0, 9
0, 9
0, 9
0, 9
3, 9
0, 9
1, 9
9, 9
11, 11
7, 11
1, 11
1, 11
1, 11
2, 11
0, 11
1, 11
1, 11
2, 11
2, 11
1, 11
3, 11
5, 11
10, 11
2, 11
11, 11
9, 11
3, 11
3, 11
1, 11
1, 11
1, 11
5, 11
0, 11
2, 11
2, 11
5, 11
2, 11
3, 11
1, 11
0, 11
0, 11
1, 11
0, 11
6, 11
1, 11
2, 11
1, 11
6, 11
3, 11
1, 11
2, 11
2, 11
3, 11
0, 11
3, 11
5, 11
1, 11
0, 11
2, 11
0, 11
3, 11
2, 11
2, 11
2, 11
1, 11
1, 11
3, 11
3, 11
7, 11
5, 11
6, 11
2, 11
3, 11
3, 11
0, 11
0, 11
2, 11
2, 11
9, 11
1, 11
2, 11
3, 11
3, 11
1, 11
4, 11
0, 11
8, 11
2, 11
5, 11
2, 11
4, 11
0, 11
0, 11
7, 11
7, 11
4, 11
4, 11
1, 11
3, 11
0, 11
0, 11
4, 11
1, 11
0, 11
0, 11
0, 11
0, 11
2, 11
1, 11
1, 11
5, 11
5, 11
1, 11
3, 11
1, 11
5, 11
5, 11
0, 11
1, 11
0, 11
1, 11
7, 11
0, 11
0, 11
2, 11
3, 11
4, 11
0, 11
0, 11
2, 11
10, 11
0, 11
5, 11
2, 11
6, 11
3, 11
10, 11
8, 11
6, 11
12, 12
6, 12
2, 12
8, 12
3, 12
2, 12
4, 12
0, 12
0, 12
4, 12
3, 12
5, 12
2, 12
3, 12
1, 12
3, 12
6, 12
4, 12
0, 12
2, 12
8, 12
5, 12
14, 14
3, 14
3, 14
3, 14
8, 14
2, 14
2, 14
0, 14
0, 14
0, 14
8, 14
26, 26
7, 26
13, 26
0, 26
1, 26
6, 26
0, 26
1, 26
2, 26
1, 26
4, 26
2, 26
15, 26
5, 26
6, 26
0, 26
1, 26
6, 26
0, 26
0, 26
2, 26
0, 26
0, 26
0, 26
3, 26
0, 26
8, 26
0, 26
0, 26
0, 26
0, 26
3, 26
3, 26
5, 26
1, 26
2, 26
1, 26
2, 26
0, 26
3, 26
2, 26
7, 26
10, 26
0, 26
1, 26
0, 26
0, 26
0, 26
4, 26
6, 26
1, 26
9, 26
1, 26
0, 26
2, 26
5, 26
1, 26
4, 26
5, 26
3, 26
8, 26
3, 26
4, 26
0, 26
1, 26
0, 26
0, 26
1, 26
2, 26
5, 26
14, 26
1, 26
11, 26
2, 26
11, 26
7, 26
4, 26
0, 26
17, 26
2, 26
5, 26
7, 26
0, 26
3, 26
2, 26
16, 26
3, 26
7, 26
0, 26
3, 26
8, 26
10, 26
2, 26
1, 26
4, 26
0, 26
0, 26
0, 26
7, 26
5, 26
0, 26
0, 26
8, 26
3, 26
3, 26
10, 26
3, 26
0, 26
5, 26
1, 26
22, 26
7, 26
3, 26
9, 26
6, 26
3, 26
0, 26
4, 26
2, 26
1, 26
3, 26
2, 26
11, 26
7, 26
4, 26
12, 26
4, 26
6, 26
5, 26
6, 26
0, 26
0, 26
14, 26
18, 26
6, 26
4, 26
3, 26
1, 26
20, 26
1, 26
10, 26
5, 26
9, 26
6, 26
0, 26
2, 26
1, 26
6, 26
8, 26
0, 26
2, 26
2, 26
5, 26
0, 26
4, 26
1, 26
15, 26
2, 26
2, 26
2, 26
8, 26
5, 26
1, 26
11, 26
6, 26
0, 26
11, 26
0, 26
6, 26
0, 26
1, 26
1, 26
12, 26
14, 26
3, 26
0, 26
6, 26
3, 26
2, 26
8, 26
0, 26
4, 26
15, 26
4, 26
7, 26
0, 26
8, 26
3, 26
10, 26
1, 26
6, 26
1, 26
3, 26
0, 26
5, 26
0, 26
11, 26
2, 26
12, 26
2, 26
2, 26
0, 26
2, 26
12, 26
0, 26
2, 26
4, 26
2, 26
10, 26
0, 26
11, 26
3, 26
11, 26
2, 26
6, 26
9, 26
2, 26
4, 26
7, 26
4, 26
9, 26
3, 26
1, 26
0, 26
4, 26
7, 26
9, 26
0, 26
4, 26
1, 26
5, 26
21, 26
18, 26
7, 26
1, 26
1, 26
4, 26
0, 26
11, 26
0, 26
10, 26
0, 26
1, 26
2, 26
3, 26
2, 26
0, 26
8, 26
8, 26
11, 26
0, 26
1, 26
2, 26
5, 26
15, 26
2, 26
8, 26
13, 26
3, 26
0, 26
1, 26
12, 26
0, 26
7, 26
2, 26
6, 26
5, 26
15, 26
3, 26
1, 26
4, 26
0, 26
12, 26
5, 26
0, 26
2, 26
6, 26
19, 26
0, 26
7, 26
2, 26
6, 26
3, 26
7, 26
5, 26
2, 26
1, 26
4, 26
0, 26
4, 26
1, 26
1, 26
2, 26
5, 26
3, 26
2, 26
0, 26
3, 26
2, 26
6, 26
1, 26
5, 26
1, 26
15, 26
2, 26
4, 26
0, 26
6, 26
1, 26
0, 26
0, 26
0, 26
2, 26
1, 26
0, 26
1, 26
8, 26
10, 26
5, 26
2, 26
4, 26
11, 26
0, 26
6, 26
6, 26
0, 26
0, 26
2, 26
3, 26
0, 26
0, 26
0, 26
8, 26
1, 26
4, 26
4, 26
9, 26
3, 26
0, 26
1, 26
8, 26
1, 26
2, 26
0, 26
6, 26
1, 26
8, 26
0, 26
0, 26
0, 26
6, 26
4, 26
3, 26
0, 26
3, 26
2, 26
39, 39
7, 39
0, 39
11, 39
4, 39
5, 39
3, 39
1, 39
4, 39
6, 39
1, 39
3, 39
1, 39
1, 39
7, 39
1, 39
0, 39
0, 39
6, 39
3, 39
16, 39
5, 39
8, 39
1, 39
9, 39
4, 39
10, 39
0, 39
0, 39
2, 39
5, 39
2, 39
10, 39
3, 39
3, 39
5, 39
12, 39
1, 39
15, 39
4, 39
8, 39
7, 39
9, 39
4, 39
8, 39
3, 39
11, 39
0, 39
7, 39
6, 39
9, 39
0, 39
1, 39
2, 39
18, 39
31, 39
7, 39
1, 39
11, 39
1, 39
4, 39
0, 39
4, 39
0, 39
5, 39
2, 39
4, 39
1, 39
13, 39
5, 39
2, 39
6, 39
5, 39
3, 39
3, 39
0, 39
3, 39
0, 39
6, 39
2, 39
4, 39
0, 39
1, 39
2, 39
7, 39
17, 39
13, 39
1, 39
1, 39
0, 39
18, 39
10, 39
9, 39
3, 39
0, 39
1, 39
1, 39
0, 39
10, 39
10, 39
3, 39
0, 39
4, 39
9, 39
0, 39
2, 39
2, 39
8, 39
1, 39
2, 39
10, 39
0, 39
12, 39
11, 39
12, 39
6, 39
0, 39
4, 39
4, 39
5, 39
3, 39
2, 39
5, 39
9, 39
0, 39
1, 39
1, 39
7, 39
0, 39
4, 39
9, 39
4, 39
1, 39
2, 39
3, 39
0, 39
1, 39
10, 39
0, 39
5, 39
12, 39
9, 39
14, 39
0, 39
1, 39
13, 39
12, 39
4, 39
8, 39
11, 39
10, 39
11, 39
0, 39
2, 39
5, 39
33, 39
3, 39
19, 39
5, 39
3, 39
16, 39
4, 39
4, 39
1, 39
4, 39
2, 39
1, 39
1, 39
14, 39
9, 39
17, 39
8, 39
2, 39
0, 39
11, 39
12, 39
6, 39
10, 39
15, 39
1, 39
11, 39
2, 39
0, 39
2, 39
4, 39
14, 39
2, 39
0, 39
2, 39
4, 39
1, 39
11, 39
7, 39
4, 39
1, 39
3, 39
4, 39
1, 39
1, 39
10, 39
2, 39
0, 39
9, 39
1, 39
5, 39
0, 39
1, 39
6, 39
15, 39
11, 39
0, 39
19, 39
2, 39
23, 39
1, 39
29, 39
6, 39
15, 39
7, 39
13, 39
1, 39
6, 39
12, 39
3, 39
6, 39
10, 39
6, 39
4, 39
2, 39
16, 39
16, 39
15, 39
1, 39
3, 39
7, 39
6, 39
2, 39
3, 39
37, 39
8, 39
3, 39
6, 39
12, 39
23, 39
2, 39
9, 39
7, 39
0, 39
1, 39
2, 39
35, 39
5, 39
2, 39
12, 39
28, 39
4, 39
5, 39
2, 39
5, 39
8, 39
17, 39
1, 39
2, 39
0, 39
25, 39
4, 39
3, 39
40, 40
6, 40
2, 40
1, 40
1, 40
9, 40
3, 40
9, 40
2, 40
7, 40
1, 40
6, 40
5, 40
8, 40
11, 40
7, 40
5, 40
7, 40
9, 40
8, 40
19, 40
3, 40
15, 40
4, 40
4, 40
1, 40
10, 40
21, 40
14, 40
6, 40
9, 40
4, 40
1, 40
4, 40
4, 40
4, 40
5, 40
2, 40
7, 40
2, 40
19, 40
2, 40
6, 40
1, 40
12, 40
4, 40
6, 40
15, 40
0, 40
1, 40
4, 40
22, 40
5, 40
30, 40
0, 40
3, 40
1, 40
2, 40
4, 40
6, 40
30, 40
11, 40
6, 40
3, 40
7, 40
5, 40
2, 40
4, 40
3, 40
9, 40
5, 40
16, 40
8, 40
4, 40
31, 40
8, 40
1, 40
7, 40
20, 40
0, 40
11, 40
14, 40
38, 40
9, 40
0, 40
17, 40
1, 40
13, 40
27, 40
8, 40
4, 40
11, 40
13, 40
13, 40
9, 40
2, 40
36, 40
4, 40
9, 40
9, 40
1, 40
1, 40
2, 40
3, 40
2, 40
12, 40
19, 40
5, 40
11, 40
0, 40
4, 40
20, 40
8, 40
13, 40
8, 40
4, 40
4, 40
16, 40
18, 40
15, 40
23, 40
2, 40
6, 40
5, 40
18, 40
1, 40
4, 40
11, 40
17, 40
26, 40
18, 40
6, 40
3, 40
2, 40
30, 40
30, 40
2, 40
21, 40
10, 40
6, 40
9, 40
5, 40
6, 40
8, 40
17, 40
17, 40
15, 40
13, 40
1, 40
20, 40
1, 40
6, 40
8, 40
6, 40
13, 40
10, 40
4, 40
9, 40
1, 40
17, 40
3, 40
13, 40
18, 40
2, 40
7, 40
9, 40
22, 40
10, 40
7, 40
17, 40
1, 40
0, 40
10, 40
0, 40
18, 40
5, 40
9, 40
26, 40
12, 40
3, 40
11, 40
9, 40
15, 40
26, 40
3, 40
27, 40
28, 40
24, 40
6, 40
21, 40
0, 40
4, 40
13, 40
28, 40
5, 40
36, 40
9, 40
7, 40
45, 45
27, 45
15, 45
26, 45
9, 45
22, 45
2, 45
6, 45
16, 45
9, 45
13, 45
13, 45
5, 45
3, 45
25, 45
8, 45
2, 45
9, 45
11, 45
22, 45
37, 45
5, 45
25, 45
28, 45
7, 45
1, 45
2, 45
2, 45
1, 45
1, 45
1, 45
22, 45
2, 45
7, 45
12, 45
4, 45
8, 45
3, 45
10, 45
13, 45
3, 45
42, 45
2, 45
12, 45
13, 45
20, 45
5, 45
39, 45
20, 45
7, 45
19, 45
10, 45
3, 45
29, 45
35, 45
30, 45
100, 100
4, 100
0, 100
3, 100
38, 100
57, 100
48, 100
21, 100
11, 100
6, 100
46, 100
2, 100
0, 100
190, 190
49, 190
1, 190
26, 190
63, 190
26, 190
29, 190
41, 190
35, 190
36, 190
12, 190
22, 190
5, 190
14, 190
2, 190
0, 190
3, 190
111, 190
70, 190
0, 190
86, 190
10, 190
7, 190
26, 190
40, 190
16, 190
36, 190
16, 190
38, 190
22, 190
15, 190
18, 190
2, 190
26, 190
2, 190
30, 190
26, 190
14, 190
7, 190
10, 190
7, 190
9, 190
12, 190
6, 190
2, 190
21, 190
18, 190
21, 190
8, 190
2, 190
28, 190
13, 190
154, 190
12, 190
36, 190
7, 190
33, 190
7, 190
6, 190
0, 190
29, 190
14, 190
3, 190
1, 190
43, 190
3, 190
7, 190
10, 190
24, 190
0, 190
8, 190
16, 190
1, 190
3, 190
32, 190
42, 190
32, 190
19, 190
0, 190
17, 190
7, 190
30, 190
40, 190
32, 190
43, 190
2, 190
14, 190
66, 190
32, 190
33, 190
11, 190
7, 190
39, 190
16, 190
37, 190
33, 190
70, 190
36, 190
8, 190
44, 190
36, 190
68, 190
11, 190
8, 190
37, 190
13, 190
5, 190
6, 190
87, 190
4, 190
10, 190
31, 190
35, 190
60, 190
3, 190
6, 190
63, 190
36, 190
2, 190
12, 190
57, 190
9, 190
24, 190
83, 190
15, 190
41, 190
107, 190
44, 190
18, 190
14, 190
74, 190
54, 190
9, 190
4, 190
2, 190
19, 190
7, 190
60, 190
18, 190
28, 190
2, 190
46, 190
3, 190
64, 190
2, 190
21, 190
6, 190
15, 190
20, 190
58, 190
60, 190
6, 190
26, 190
21, 190
9, 190
37, 190
26, 190
26, 190
0, 190
24, 190
41, 190
10, 190
40, 190
49, 190
4, 190
9, 190
6, 190
25, 190
1, 190
38, 190
0, 190
56, 190
60, 190
43, 190
5, 190
19, 190
32, 190
7, 190
48, 190
4, 190
1, 190
25, 190
87, 190
14, 190
61, 190
24, 190
34, 190
6, 190
57, 190
4, 190
15, 190
9, 190
19, 190
7, 190
22, 190
63, 190
30, 190
0, 190
37, 190
13, 190
49, 190
5, 190
46, 190
30, 190
3, 190
33, 190
7, 190
58, 190
22, 190
49, 190
62, 190
20, 190
21, 190
2, 190
54, 190
5, 190
95, 190
18, 190
3, 190
177, 190
12, 190
4, 190
20, 190
17, 190
71, 190
22, 190
8, 190
5, 190
17, 190
37, 190
31, 190
29, 190
16, 190
46, 190
56, 190
26, 190
3, 190
13, 190
41, 190
10, 190
44, 190
2, 190
84, 190
21, 190
7, 190
26, 190
12, 190
38, 190
45, 190
11, 190
7, 190
7, 190
22, 190
10, 190
47, 190
40, 190
6, 190
34, 190
20, 190
27, 190
2, 190
45, 190
72, 190
44, 190
112, 190
38, 190
18, 190
19, 190
10, 190
26, 190
20, 190
72, 190
26, 190
16, 190
151, 190
17, 190
39, 190
37, 190
17, 190
19, 190
14, 190
39, 190
59, 190
20, 190
25, 190
68, 190
4, 190
25, 190
34, 190
48, 190
63, 190
6, 190
48, 190
1, 190
48, 190
40, 190
27, 190
10, 190
1, 190
33, 190
24, 190
14, 190
8, 190
25, 190
1, 190
4, 190
48, 190
36, 190
2, 190
1, 190
20, 190
33, 190
22, 190
13, 190
39, 190
11, 190
13, 190
2, 190
7, 190
6, 190
12, 190
19, 190
23, 190
4, 190
10, 190
2, 190
12, 190
10, 190
22, 190
25, 190
9, 190
33, 190
19, 190
17, 190
6, 190
12, 190
55, 190
12, 190
38, 190
7, 190
10, 190
15, 190
6, 190
15, 190
12, 190
43, 190
8, 190
9, 190
3, 190
14, 190
39, 190
21, 190
15, 190
11, 190
38, 190
28, 190
2, 190
2, 190
54, 190
7, 190
8, 190
22, 190
4, 190
23, 190
8, 190
32, 190
53, 190
4, 190
1, 190
10, 190
28, 190
12, 190
43, 190
2, 190
16, 190
9, 190
9, 190
9, 190
17, 190
12, 190
7, 190
30, 190
29, 190
17, 190
19, 190
10, 190
9, 190
2, 190
43, 190
9, 190
15, 190
4, 190
6, 190
3, 190
9, 190
13, 190
12, 190
19, 190
9, 190
6, 190
18, 190
8, 190
5, 190
30, 190
32, 190
12, 190
8, 190
15, 190
15, 190
44, 190
43, 190
24, 190
18, 190
10, 190
84, 190
7, 190
35, 190
11, 190
67, 190
72, 190
39, 190
43, 190
70, 190
24, 190
73, 190
99, 190
20, 190
11, 190
59, 190
55, 190
6, 190
32, 190
47, 190
22, 190
29, 190
0, 190
36, 190
124, 190
3, 190
3, 190
4, 190
64, 190
70, 190
2, 190
7, 190
38, 190
4, 190
9, 190
9, 190
10, 190
7, 190
14, 190
30, 190
64, 190
37, 190
7, 190
4, 190
3, 190
0, 190
3, 190
1, 190
12, 190
19, 190
34, 190
15, 190
18, 190
51, 190
95, 190
60, 190
8, 190
0, 190
6, 190
115, 190
15, 190
0, 190
4, 190
25, 190
10, 190
34, 190
31, 190
72, 190
17, 190
46, 190
3, 190
4, 190
4, 190
21, 190
75, 190
124, 190
23, 190
3, 190
21, 190
0, 190
5, 190
21, 190
17, 190
7, 190
11, 190
8, 190
24, 190
16, 190
11, 190
0, 190
5, 190
16, 190
3, 190
34, 190
5, 190
14, 190
14, 190
23, 190
7, 190
10, 190
6, 190
44, 190
11, 190
11, 190
15, 190
9, 190
30, 190
12, 190
31, 190
7, 190
18, 190
13, 190
2, 190
13, 190
14, 190
6, 190
2, 190
5, 190
44, 190
7, 190
35, 190
55, 190
4, 190
36, 190
12, 190
15, 190
73, 190
23, 190
6, 190
21, 190
32, 190
52, 190
18, 190
10, 190
0, 190
2, 190
19, 190
4, 190
17, 190
66, 190
14, 190
21, 190
4, 190
24, 190
28, 190
15, 190
19, 190
68, 190
3, 190
28, 190
8, 190
14, 190
16, 190
10, 190
7, 190
3, 190
25, 190
44, 190
10, 190
11, 190
11, 190
14, 190
8, 190
36, 190
32, 190
12, 190
9, 190
2, 190
8, 190
10, 190
14, 190
19, 190
5, 190
30, 190
11, 190
48, 190
10, 190
21, 190
68, 190
3, 190
29, 190
1, 190
6, 190
38, 190
4, 190
39, 190
52, 190
4, 190
104, 190
53, 190
10, 190
3, 190
37, 190
30, 190
6, 190
84, 190
7, 190
21, 190
57, 190
97, 190
5, 190
197, 197
21, 197
40, 197
19, 197
23, 197
48, 197
68, 197
12, 197
16, 197
23, 197
16, 197
75, 197
6, 197
196, 197
43, 197
53, 197
19, 197
41, 197
26, 197
16, 197
15, 197
165, 197
24, 197
5, 197
12, 197
55, 197
77, 197
1, 197
30, 197
16, 197
23, 197
15, 197
29, 197
34, 197
26, 197
3, 197
1, 197
26, 197
4, 197
67, 197
74, 197
64, 197
8, 197
0, 197
19, 197
109, 197
28, 197
96, 197
213, 213
35, 213
49, 213
11, 213
29, 213
12, 213
14, 213
2, 213
16, 213
15, 213
2, 213
18, 213
19, 213
7, 213
9, 213
29, 213
26, 213
7, 213
7, 213
4, 213
44, 213
5, 213
14, 213
35, 213
5, 213
4, 213
6, 213
23, 213
25, 213
14, 213
7, 213
12, 213
107, 213
42, 213
11, 213
3, 213
15, 213
11, 213
3, 213
29, 213
17, 213
6, 213
2, 213
6, 213
21, 213
9, 213
14, 213
20, 213
78, 213
13, 213
8, 213
48, 213
4, 213
7, 213
22, 213
32, 213
5, 213
80, 213
9, 213
7, 213
18, 213
33, 213
1, 213
12, 213
45, 213
6, 213
39, 213
75, 213
16, 213
14, 213
90, 213
15, 213
19, 213
40, 213
3, 213
7, 213
17, 213
8, 213
26, 213
91, 213
4, 213
19, 213
24, 213
19, 213
27, 213
11, 213
34, 213
66, 213
50, 213
50, 213
13, 213
134, 213
12, 213
126, 213
117, 213
80, 213
61, 213
63, 213
12, 213
70, 213
2, 213
7, 213
10, 213
10, 213
35, 213
19, 213
5, 213
0, 213
6, 213
16, 213
9, 213
11, 213
30, 213
27, 213
26, 213
32, 213
14, 213
32, 213
62, 213
7, 213
91, 213
35, 213
4, 213
0, 213
25, 213
18, 213
18, 213
41, 213
38, 213
3, 213
73, 213
15, 213
32, 213
101, 213
32, 213
6, 213
20, 213
7, 213
2, 213
13, 213
9, 213
59, 213
38, 213
100, 213
24, 213
4, 213
19, 213
14, 213
16, 213
74, 213
10, 213
7, 213
35, 213
2, 213
2, 213
53, 213
20, 213
12, 213
60, 213
7, 213
9, 213
16, 213
11, 213
1, 213
2, 213
15, 213
48, 213
1, 213
3, 213
16, 213
3, 213
0, 213
5, 213
19, 213
49, 213
4, 213
19, 213
45, 213
33, 213
0, 213
7, 213
19, 213
44, 213
2, 213
23, 213
34, 213
28, 213
61, 213
4, 213
56, 213
42, 213
19, 213
2, 213
18, 213
40, 213
9, 213
6, 213
4, 213
11, 213
37, 213
15, 213
70, 213
8, 213
2, 213
1, 213
14, 213
19, 213
10, 213
22, 213
98, 213
22, 213
42, 213
7, 213
5, 213
9, 213
17, 213
7, 213
5, 213
50, 213
1, 213
12, 213
14, 213
83, 213
6, 213
170, 213
55, 213
25, 213
40, 213
8, 213
6, 213
17, 213
2, 213
4, 213
9, 213
31, 213
84, 213
67, 213
49, 213
13, 213
86, 213
3, 213
48, 213
9, 213
16, 213
59, 213
10, 213
68, 213
13, 213
18, 213
25, 213
19, 213
59, 213
20, 213
31, 213
181, 213
98, 213
26, 213
27, 213
8, 213
93, 213
30, 213
1, 213
13, 213
51, 213
48, 213
18, 213
35, 213
2, 213
48, 213
25, 213
0, 213
8, 213
1, 213
28, 213
7, 213
9, 213
33, 213
18, 213
5, 213
1, 213
34, 213
8, 213
18, 213
2, 213
19, 213
81, 213
53, 213
25, 213
27, 213
27, 213
106, 213
3, 213
27, 213
2, 213
3, 213
1, 213
3, 213
8, 213
17, 213
45, 213
2, 213
12, 213
53, 213
6, 213
72, 213
14, 213
5, 213
12, 213
21, 213
36, 213
12, 213
20, 213
28, 213
69, 213
50, 213
24, 213
52, 213
12, 213
53, 213
217, 217
0, 217
2, 217
88, 217
7, 217
21, 217
10, 217
40, 217
9, 217
106, 217
2, 217
39, 217
46, 217
13, 217
83, 217
142, 217
9, 217
52, 217
41, 217
0, 217
29, 217
4, 217
3, 217
15, 217
30, 217
10, 217
162, 217
29, 217
16, 217
5, 217
1, 217
36, 217
4, 217
81, 217
14, 217
60, 217
4, 217
84, 217
31, 217
2, 217
9, 217
22, 217
10, 217
7, 217
68, 217
16, 217
26, 217
0, 217
20, 217
37, 217
26, 217
82, 217
8, 217
38, 217
49, 217
64, 217
17, 217
2, 217
35, 217
14, 217
82, 217
271, 271
46, 271
2, 271
46, 271
0, 271
34, 271
51, 271
3, 271
29, 271
60, 271
85, 271
102, 271
9, 271
104, 271
20, 271
61, 271
56, 271
17, 271
100, 271
5, 271
13, 271
172, 271
3, 271
44, 271
36, 271
93, 271
66, 271
4, 271
18, 271
43, 271
1, 271
63, 271
1, 271
45, 271
1, 271
35, 271
20, 271
11, 271
28, 271
96, 271
97, 271
29, 271
55, 271
3, 271
56, 271
73, 271
4, 271
23, 271
103, 271
14, 271
19, 271
66, 271
18, 271
3, 271
53, 271
2, 271
111, 271
124, 271
7, 271
61, 271
9, 271
7, 271
0, 271
11, 271
47, 271
40, 271
21, 271
30, 271
76, 271
6, 271
4, 271
10, 271
2, 271
13, 271
5, 271
6, 271
5, 271
31, 271
113, 271
18, 271
28, 271
16, 271
12, 271
4, 271
91, 271
60, 271
137, 271
15, 271
42, 271
9, 271
10, 271
27, 271
27, 271
77, 271
11, 271
5, 271
8, 271
10, 271
2, 271
20, 271
57, 271
44, 271
22, 271
5, 271
6, 271
5, 271
121, 271
41, 271
4, 271
5, 271
22, 271
9, 271
3, 271
15, 271
10, 271
32, 271
13, 271
17, 271
7, 271
65, 271
44, 271
6, 271
11, 271
30, 271
37, 271
39, 271
64, 271
32, 271
43, 271
21, 271
1, 271
24, 271
66, 271
15, 271
34, 271
66, 271
6, 271
51, 271
115, 271
21, 271
137, 271
9, 271
15, 271
2, 271
30, 271
11, 271
2, 271
0, 271
64, 271
108, 271
1, 271
37, 271
6, 271
37, 271
2, 271
91, 271
26, 271
30, 271
46, 271
147, 271
18, 271
47, 271
27, 271
217, 271
34, 271
7, 271
9, 271
24, 271
7, 271
36, 271
20, 271
11, 271
8, 271
73, 271
2, 271
15, 271
16, 271
2, 271
22, 271
2, 271
1, 271
55, 271
15, 271
80, 271
10, 271
33, 271
25, 271
7, 271
37, 271
18, 271
8, 271
97, 271
29, 271
32, 271
25, 271
40, 271
55, 271
84, 271
4, 271
20, 271
26, 271
75, 271
94, 271
1, 271
32, 271
55, 271
41, 271
8, 271
102, 271
92, 271
53, 271
52, 271
2, 271
19, 271
12, 271
196, 271
65, 271
1, 271
17, 271
10, 271
7, 271
147, 271
17, 271
20, 271
168, 271
9, 271
21, 271
54, 271
37, 271
33, 271
6, 271
21, 271
2, 271
72, 271
9, 271
60, 271
8, 271
5, 271
172, 271
57, 271
10, 271
5, 271
29, 271
25, 271
13, 271
36, 271
89, 271
74, 271
5, 271
84, 271
10, 271
3, 271
46, 271
21, 271
347, 347
60, 347
168, 347
7, 347
38, 347
21, 347
84, 347
295, 347
276, 347
26, 347
21, 347
165, 347
2, 347
137, 347
18, 347
26, 347
25, 347
118, 347
33, 347
47, 347
29, 347
74, 347
50, 347
17, 347
3, 347
81, 347
20, 347
54, 347
42, 347
41, 347
11, 347
14, 347
49, 347
67, 347
14, 347
30, 347
54, 347
119, 347
197, 347
41, 347
8, 347
72, 347
132, 347
55, 347
31, 347
55, 347
46, 347
17, 347
31, 347
23, 347
9, 347
24, 347
4, 347
152, 347
26, 347
39, 347
24, 347
3, 347
6, 347
14, 347
45, 347
35, 347
209, 347
37, 347
56, 347
69, 347
138, 347
7, 347
133, 347
66, 347
66, 347
188, 347
96, 347
6, 347
3, 347
8, 347
15, 347
22, 347
38, 347
6, 347
2, 347
43, 347
10, 347
13, 347
12, 347
3, 347
71, 347
61, 347
62, 347
34, 347
23, 347
3, 347
21, 347
48, 347
237, 347
141, 347
15, 347
109, 347
32, 347
123, 347
4, 347
4, 347
94, 347
18, 347
39, 347
73, 347
2, 347
83, 347
6, 347
16, 347
18, 347
51, 347
67, 347
15, 347
66, 347
13, 347
20, 347
30, 347
13, 347
70, 347
11, 347
22, 347
31, 347
18, 347
10, 347
25, 347
320, 347
18, 347
9, 347
90, 347
20, 347
22, 347
6, 347
97, 347
171, 347
21, 347
18, 347
13, 347
25, 347
93, 347
51, 347
4, 347
14, 347
63, 347
16, 347
38, 347
12, 347
27, 347
46, 347
53, 347
81, 347
11, 347
6, 347
54, 347
1, 347
11, 347
65, 347
2, 347
49, 347
14, 347
18, 347
1, 347
4, 347
144, 347
4, 347
10, 347
50, 347
12, 347
40, 347
1, 347
14, 347
15, 347
55, 347
1, 347
78, 347
72, 347
83, 347
48, 347
5, 347
49, 347
37, 347
17, 347
7, 347
63, 347
94, 347
58, 347
2, 347
14, 347
3, 347
5, 347
31, 347
18, 347
19, 347
4, 347
20, 347
43, 347
63, 347
20, 347
49, 347
34, 347
16, 347
36, 347
6, 347
63, 347
38, 347
16, 347
64, 347
9, 347
29, 347
101, 347
15, 347
7, 347
39, 347
214, 347
24, 347
137, 347
20, 347
31, 347
7, 347
10, 347
30, 347
17, 347
64, 347
8, 347
91, 347
146, 347
47, 347
172, 347
15, 347
39, 347
1, 347
98, 347
51, 347
24, 347
85, 347
21, 347
88, 347
6, 347
293, 347
71, 347
86, 347
79, 347
151, 347
49, 347
7, 347
8, 347
6, 347
9, 347
104, 347
24, 347
22, 347
11, 347
33, 347
146, 347
29, 347
109, 347
41, 347
50, 347
143, 347
52, 347
53, 347
93, 347
38, 347
47, 347
6, 347
139, 347
16, 347
2, 347
22, 347
48, 347
192, 347
50, 347
2, 347
8, 347
64, 347
55, 347
5, 347
6, 347
59, 347
83, 347
12, 347
3, 347
34, 347
77, 347
18, 347
23, 347
27, 347
53, 347
10, 347
67, 347
19, 347
82, 347
29, 347
10, 347
2, 347
50, 347
123, 347
2, 347
64, 347
157, 347
38, 347
13, 347
131, 347
94, 347
203, 347
23, 347
37, 347
46, 347
137, 347
248, 347
91, 347
38, 347
82, 347
47, 347
267, 347
1, 347
1, 347
1, 347
25, 347
31, 347
78, 347
29, 347
8, 347
87, 347
55, 347
30, 347
5, 347
161, 347
408, 408
123, 408
75, 408
6, 408
141, 408
193, 408
62, 408
71, 408
72, 408
69, 408
53, 408
15, 408
18, 408
110, 408
199, 408
76, 408
76, 408
209, 408
22, 408
27, 408
46, 408
45, 408
189, 408
166, 408
3, 408
7, 408
6, 408
507, 507
10, 507
20, 507
133, 507
140, 507
1, 507
35, 507
88, 507
5, 507
24, 507
120, 507
0, 507
25, 507
121, 507
16, 507
97, 507
77, 507
103, 507
37, 507
27, 507
7, 507
114, 507
25, 507
14, 507
13, 507
15, 507
0, 507
14, 507
23, 507
82, 507
117, 507
63, 507
13, 507
6, 507
84, 507
244, 507
11, 507
19, 507
2, 507
8, 507
5, 507
24, 507
47, 507
125, 507
29, 507
27, 507
54, 507
1, 507
33, 507
135, 507
41, 507
58, 507
10, 507
31, 507
12, 507
20, 507
8, 507
55, 507
8, 507
3, 507
74, 507
84, 507
37, 507
29, 507
58, 507
64, 507
25, 507
48, 507
11, 507
38, 507
116, 507
71, 507
13, 507
64, 507
42, 507
91, 507
39, 507
23, 507
9, 507
128, 507
27, 507
45, 507
26, 507
9, 507
81, 507
36, 507
2, 507
17, 507
62, 507
78, 507
26, 507
153, 507
12, 507
36, 507
175, 507
41, 507
33, 507
88, 507
42, 507
3, 507
13, 507
84, 507
95, 507
3, 507
111, 507
70, 507
125, 507
77, 507
27, 507
61, 507
11, 507
33, 507
8, 507
251, 507
590, 590
364, 590
3, 590
90, 590
20, 590
108, 590
30, 590
316, 590
37, 590
36, 590
82, 590
494, 590
79, 590
109, 590
384, 590
44, 590
126, 590
11, 590
27, 590
403, 590
1649, 1649
421, 1649
28, 1649
216, 1649
52, 1649
19, 1649
2319, 2319
19, 2319
4246, 4246
4438, 4438
2715, 4438
409363, 409363
