#Algorithm: Qlearning, Speed: 1, Boost: 4, PM: False, Env size: (20, 20), Car size: (5, 4),
#Counter: 10000000, Nsteps: 10000000, Gamma: 1, LearnRate: 0.01, Eps: 0.5, Epsdecay: 0.9
1, 1
1, 1
0, 1
0, 1
1, 1
1, 1
1, 1
4, 4
3, 4
0, 4
2, 4
4, 4
0, 4
0, 4
2, 4
0, 4
0, 4
0, 4
1, 4
5, 5
2, 5
1, 5
0, 5
0, 5
2, 5
14, 14
1, 14
8, 14
5, 14
2, 14
4, 14
0, 14
2, 14
4, 14
1, 14
1, 14
7, 14
1, 14
2, 14
3, 14
5, 14
3, 14
4, 14
3, 14
10, 14
3, 14
9, 14
0, 14
6, 14
10, 14
0, 14
1, 14
12, 14
0, 14
3, 14
10, 14
2, 14
0, 14
9, 14
3, 14
1, 14
4, 14
3, 14
3, 14
4, 14
1, 14
2, 14
12, 14
5, 14
4, 14
4, 14
18, 18
22, 22
13, 22
6, 22
6, 22
10, 22
11, 22
2, 22
1, 22
0, 22
1, 22
5, 22
0, 22
1, 22
1, 22
2, 22
1, 22
11, 22
1, 22
0, 22
1, 22
4, 22
10, 22
0, 22
3, 22
5, 22
13, 22
13, 22
1, 22
3, 22
10, 22
4, 22
1, 22
2, 22
0, 22
1, 22
3, 22
7, 22
25, 25
1, 25
0, 25
3, 25
8, 25
3, 25
2, 25
8, 25
3, 25
23, 25
1, 25
11, 25
0, 25
5, 25
2, 25
7, 25
4, 25
9, 25
6, 25
2, 25
2, 25
40, 40
5, 40
30, 40
22, 40
5, 40
3, 40
3, 40
5, 40
1, 40
13, 40
9, 40
1, 40
6, 40
9, 40
13, 40
5, 40
6, 40
1, 40
22, 40
0, 40
6, 40
5, 40
18, 40
5, 40
5, 40
13, 40
25, 40
8, 40
2, 40
7, 40
6, 40
21, 40
24, 40
3, 40
11, 40
33, 40
4, 40
7, 40
12, 40
7, 40
1, 40
8, 40
3, 40
5, 40
3, 40
8, 40
4, 40
5, 40
5, 40
7, 40
9, 40
5, 40
2, 40
1, 40
5, 40
1, 40
4, 40
2, 40
3, 40
1, 40
4, 40
3, 40
10, 40
14, 40
5, 40
23, 40
28, 40
1, 40
3, 40
0, 40
2, 40
3, 40
11, 40
19, 40
4, 40
38, 40
30, 40
12, 40
3, 40
7, 40
9, 40
6, 40
22, 40
25, 40
40, 40
0, 40
1, 40
12, 40
3, 40
70, 70
23, 70
12, 70
0, 70
3, 70
4, 70
30, 70
9, 70
6, 70
11, 70
42, 70
8, 70
10, 70
16, 70
0, 70
16, 70
5, 70
18, 70
3, 70
31, 70
9, 70
134, 134
6, 134
5, 134
15, 134
19, 134
22, 134
21, 134
21, 134
10, 134
17, 134
13, 134
1, 134
0, 134
14, 134
8, 134
5, 134
10, 134
4, 134
3, 134
10, 134
14, 134
11, 134
35, 134
31, 134
3, 134
8, 134
8, 134
3, 134
66, 134
6, 134
10, 134
30, 134
13, 134
5, 134
89, 134
35, 134
10, 134
43, 134
22, 134
19, 134
92, 134
14, 134
0, 134
4, 134
10, 134
0, 134
12, 134
26, 134
37, 134
8, 134
1, 134
9, 134
1, 134
76, 134
79, 134
20, 134
17, 134
17, 134
22, 134
7, 134
14, 134
34, 134
8, 134
11, 134
2, 134
8, 134
13, 134
1, 134
0, 134
17, 134
26, 134
91, 134
13, 134
19, 134
17, 134
72, 134
8, 134
19, 134
11, 134
6, 134
13, 134
34, 134
3, 134
86, 134
32, 134
8, 134
5, 134
17, 134
8, 134
2, 134
62, 134
3, 134
23, 134
15, 134
2, 134
19, 134
24, 134
17, 134
49, 134
15, 134
7, 134
6, 134
63, 134
22, 134
6, 134
8, 134
8, 134
6, 134
0, 134
10, 134
0, 134
20, 134
6, 134
26, 134
22, 134
54, 134
32, 134
8, 134
15, 134
14, 134
0, 134
26, 134
19, 134
0, 134
41, 134
14, 134
4, 134
43, 134
89, 134
8, 134
10, 134
9, 134
13, 134
20, 134
11, 134
9, 134
5, 134
0, 134
8, 134
3, 134
10, 134
11, 134
3, 134
16, 134
28, 134
16, 134
9, 134
31, 134
13, 134
9, 134
1, 134
4, 134
5, 134
16, 134
35, 134
8, 134
12, 134
5, 134
8, 134
1, 134
25, 134
1, 134
0, 134
15, 134
7, 134
2, 134
2, 134
7, 134
15, 134
4, 134
7, 134
22, 134
18, 134
4, 134
28, 134
9, 134
13, 134
2, 134
18, 134
1, 134
13, 134
23, 134
6, 134
19, 134
1, 134
20, 134
1, 134
7, 134
3, 134
3, 134
26, 134
4, 134
1, 134
5, 134
4, 134
29, 134
18, 134
4, 134
21, 134
14, 134
10, 134
12, 134
17, 134
4, 134
6, 134
26, 134
6, 134
8, 134
0, 134
0, 134
30, 134
18, 134
9, 134
23, 134
9, 134
89, 134
11, 134
65, 134
87, 134
21, 134
3, 134
23, 134
9, 134
12, 134
4, 134
22, 134
56, 134
60, 134
50, 134
76, 134
26, 134
11, 134
14, 134
23, 134
43, 134
23, 134
40, 134
51, 134
10, 134
15, 134
9, 134
30, 134
4, 134
14, 134
21, 134
40, 134
93, 134
14, 134
55, 134
139, 139
4, 139
4, 139
7, 139
7, 139
22, 139
13, 139
24, 139
12, 139
23, 139
8, 139
17, 139
38, 139
10, 139
52, 139
19, 139
59, 139
23, 139
28, 139
47, 139
14, 139
80, 139
18, 139
6, 139
41, 139
14, 139
21, 139
4, 139
25, 139
16, 139
28, 139
39, 139
9, 139
6, 139
19, 139
44, 139
15, 139
31, 139
4, 139
39, 139
27, 139
35, 139
7, 139
79, 139
16, 139
10, 139
19, 139
6, 139
51, 139
17, 139
18, 139
16, 139
20, 139
46, 139
45, 139
21, 139
52, 139
74, 139
28, 139
4, 139
5, 139
28, 139
46, 139
3, 139
30, 139
83, 139
28, 139
42, 139
3, 139
9, 139
52, 139
62, 139
53, 139
62, 139
23, 139
26, 139
7, 139
15, 139
3, 139
47, 139
5, 139
7, 139
4, 139
16, 139
12, 139
7, 139
43, 139
51, 139
19, 139
28, 139
62, 139
25, 139
5, 139
16, 139
23, 139
4, 139
2, 139
26, 139
43, 139
71, 139
48, 139
20, 139
2, 139
8, 139
14, 139
23, 139
5, 139
15, 139
13, 139
8, 139
66, 139
49, 139
96, 139
15, 139
48, 139
5, 139
4, 139
66, 139
4, 139
19, 139
25, 139
11, 139
24, 139
70, 139
32, 139
21, 139
15, 139
12, 139
17, 139
8, 139
26, 139
6, 139
3, 139
27, 139
33, 139
0, 139
5, 139
56, 139
75, 139
69, 139
5, 139
16, 139
24, 139
15, 139
2, 139
6, 139
13, 139
69, 139
41, 139
38, 139
72, 139
40, 139
0, 139
21, 139
19, 139
72, 139
25, 139
12, 139
4, 139
21, 139
32, 139
25, 139
16, 139
23, 139
19, 139
2, 139
11, 139
15, 139
41, 139
18, 139
79, 139
7, 139
15, 139
5, 139
65, 139
9, 139
6, 139
35, 139
36, 139
2, 139
42, 139
2, 139
14, 139
34, 139
4, 139
60, 139
24, 139
40, 139
80, 139
29, 139
2, 139
29, 139
32, 139
7, 139
20, 139
27, 139
6, 139
20, 139
38, 139
27, 139
67, 139
9, 139
39, 139
12, 139
11, 139
47, 139
83, 139
5, 139
16, 139
13, 139
31, 139
39, 139
38, 139
20, 139
8, 139
18, 139
3, 139
76, 139
47, 139
45, 139
27, 139
105, 139
28, 139
14, 139
9, 139
106, 139
12, 139
29, 139
5, 139
5, 139
34, 139
35, 139
51, 139
10, 139
5, 139
77, 139
93, 139
11, 139
1, 139
106, 139
23, 139
18, 139
20, 139
56, 139
43, 139
12, 139
12, 139
33, 139
15, 139
37, 139
55, 139
12, 139
19, 139
44, 139
89, 139
3, 139
77, 139
6, 139
9, 139
21, 139
6, 139
8, 139
0, 139
60, 139
46, 139
51, 139
99, 139
44, 139
16, 139
4, 139
23, 139
14, 139
100, 139
15, 139
87, 139
57, 139
10, 139
13, 139
58, 139
15, 139
18, 139
19, 139
9, 139
32, 139
18, 139
33, 139
13, 139
2, 139
77, 139
20, 139
38, 139
11, 139
35, 139
19, 139
33, 139
15, 139
71, 139
9, 139
44, 139
31, 139
47, 139
13, 139
2, 139
21, 139
13, 139
20, 139
130, 139
43, 139
46, 139
31, 139
54, 139
27, 139
12, 139
71, 139
64, 139
97, 139
115, 139
53, 139
56, 139
131, 139
94, 139
38, 139
13, 139
84, 139
28, 139
35, 139
29, 139
21, 139
36, 139
110, 139
77, 139
148, 148
76, 148
18, 148
21, 148
100, 148
44, 148
54, 148
26, 148
78, 148
38, 148
18, 148
58, 148
56, 148
31, 148
40, 148
5, 148
87, 148
86, 148
109, 148
40, 148
23, 148
118, 148
160, 160
64, 160
15, 160
106, 160
10, 160
45, 160
109, 160
76, 160
39, 160
87, 160
176, 176
50, 176
44, 176
60, 176
36, 176
84, 176
132, 176
6, 176
128, 176
42, 176
56, 176
12, 176
130, 176
52, 176
70, 176
75, 176
54, 176
66, 176
4, 176
16, 176
23, 176
60, 176
41, 176
80, 176
18, 176
15, 176
3, 176
18, 176
83, 176
48, 176
82, 176
46, 176
86, 176
57, 176
137, 176
15, 176
117, 176
38, 176
208, 208
28, 208
7, 208
26, 208
21, 208
15, 208
19, 208
84, 208
96, 208
32, 208
43, 208
21, 208
84, 208
13, 208
85, 208
84, 208
9, 208
106, 208
50, 208
123, 208
146, 208
10, 208
28, 208
5, 208
63, 208
31, 208
57, 208
124, 208
28, 208
29, 208
37, 208
108, 208
20, 208
49, 208
45, 208
73, 208
6, 208
9, 208
97, 208
32, 208
26, 208
44, 208
23, 208
221, 221
50, 221
1, 221
10, 221
27, 221
30, 221
35, 221
76, 221
74, 221
2, 221
113, 221
25, 221
48, 221
73, 221
34, 221
55, 221
51, 221
11, 221
25, 221
61, 221
18, 221
109, 221
14, 221
21, 221
40, 221
63, 221
7, 221
81, 221
62, 221
120, 221
37, 221
67, 221
22, 221
58, 221
125, 221
38, 221
118, 221
59, 221
6, 221
20, 221
32, 221
4, 221
126, 221
34, 221
19, 221
58, 221
8, 221
63, 221
98, 221
73, 221
119, 221
150, 221
8, 221
33, 221
51, 221
182, 221
68, 221
43, 221
134, 221
82, 221
71, 221
8, 221
14, 221
81, 221
30, 221
11, 221
16, 221
69, 221
196, 221
85, 221
11, 221
15, 221
43, 221
6, 221
9, 221
78, 221
20, 221
8, 221
50, 221
9, 221
182, 221
0, 221
16, 221
139, 221
16, 221
40, 221
48, 221
94, 221
55, 221
25, 221
91, 221
24, 221
32, 221
14, 221
152, 221
30, 221
67, 221
13, 221
62, 221
82, 221
27, 221
78, 221
66, 221
18, 221
16, 221
38, 221
23, 221
34, 221
64, 221
19, 221
12, 221
133, 221
225, 225
118, 225
207, 225
12, 225
10, 225
14, 225
122, 225
39, 225
64, 225
43, 225
61, 225
81, 225
5, 225
10, 225
112, 225
13, 225
97, 225
11, 225
7, 225
65, 225
39, 225
158, 225
16, 225
25, 225
63, 225
27, 225
13, 225
12, 225
37, 225
80, 225
20, 225
199, 225
13, 225
65, 225
149, 225
14, 225
54, 225
36, 225
37, 225
2, 225
61, 225
1, 225
128, 225
44, 225
14, 225
27, 225
17, 225
5, 225
9, 225
82, 225
87, 225
28, 225
31, 225
125, 225
85, 225
36, 225
39, 225
127, 225
116, 225
16, 225
58, 225
34, 225
1, 225
42, 225
8, 225
85, 225
24, 225
62, 225
67, 225
112, 225
2, 225
6, 225
3, 225
87, 225
11, 225
28, 225
18, 225
101, 225
66, 225
34, 225
50, 225
10, 225
11, 225
64, 225
78, 225
18, 225
118, 225
136, 225
65, 225
73, 225
10, 225
90, 225
104, 225
26, 225
85, 225
15, 225
37, 225
23, 225
18, 225
184, 225
111, 225
90, 225
28, 225
19, 225
17, 225
45, 225
173, 225
3, 225
18, 225
33, 225
34, 225
4, 225
44, 225
52, 225
26, 225
93, 225
34, 225
42, 225
111, 225
13, 225
73, 225
31, 225
28, 225
14, 225
169, 225
31, 225
5, 225
18, 225
95, 225
50, 225
10, 225
29, 225
74, 225
5, 225
2, 225
83, 225
334, 334
79, 334
43, 334
324, 334
37, 334
50, 334
42, 334
181, 334
242, 334
378, 378
25, 378
35, 378
115, 378
53, 378
75, 378
12, 378
14, 378
44, 378
56, 378
64, 378
48, 378
78, 378
54, 378
17, 378
24, 378
80, 378
9, 378
158, 378
78, 378
26, 378
18, 378
61, 378
111, 378
27, 378
45, 378
52, 378
18, 378
33, 378
45, 378
56, 378
186, 378
5, 378
40, 378
16, 378
12, 378
20, 378
29, 378
18, 378
25, 378
7, 378
126, 378
42, 378
20, 378
10, 378
166, 378
104, 378
70, 378
27, 378
7, 378
64, 378
71, 378
71, 378
23, 378
116, 378
22, 378
29, 378
93, 378
15, 378
7, 378
154, 378
71, 378
3, 378
30, 378
63, 378
77, 378
83, 378
214, 378
21, 378
5, 378
4, 378
16, 378
25, 378
142, 378
52, 378
40, 378
48, 378
40, 378
20, 378
14, 378
6, 378
14, 378
23, 378
185, 378
83, 378
41, 378
52, 378
13, 378
40, 378
36, 378
16, 378
5, 378
22, 378
34, 378
40, 378
69, 378
29, 378
22, 378
21, 378
13, 378
30, 378
73, 378
131, 378
109, 378
111, 378
201, 378
30, 378
39, 378
81, 378
184, 378
217, 378
5, 378
9, 378
29, 378
33, 378
787, 787
212, 787
309, 787
205, 787
233, 787
170, 787
21, 787
595, 787
65, 787
76, 787
345, 787
50, 787
66, 787
28, 787
92, 787
23, 787
288, 787
58, 787
29, 787
41, 787
35, 787
13, 787
53, 787
108, 787
18, 787
154, 787
47, 787
35, 787
33, 787
57, 787
118, 787
25, 787
62, 787
34, 787
15, 787
12, 787
16, 787
26, 787
96, 787
69, 787
90, 787
25, 787
139, 787
19, 787
12, 787
44, 787
40, 787
4, 787
42, 787
3, 787
16, 787
43, 787
254, 787
7, 787
45, 787
7, 787
44, 787
19, 787
86, 787
28, 787
6, 787
136, 787
133, 787
144, 787
13, 787
79, 787
24, 787
35, 787
172, 787
17, 787
15, 787
70, 787
4, 787
24, 787
13, 787
8, 787
135, 787
70, 787
48, 787
100, 787
133, 787
107, 787
184, 787
92, 787
67, 787
200, 787
84, 787
64, 787
41, 787
30, 787
7, 787
61, 787
21, 787
64, 787
185, 787
43, 787
158, 787
145, 787
21, 787
21, 787
22, 787
78, 787
82, 787
24, 787
88, 787
71, 787
103, 787
50, 787
25, 787
89, 787
44, 787
2, 787
12, 787
48, 787
218, 787
3, 787
27, 787
6, 787
165, 787
24, 787
109, 787
20, 787
53, 787
124, 787
62, 787
109, 787
141, 787
74, 787
17, 787
278, 787
103, 787
76, 787
45, 787
115, 787
38, 787
41, 787
161, 787
125, 787
232, 787
78, 787
238, 787
108, 787
107, 787
9, 787
53, 787
102, 787
3, 787
48, 787
32, 787
37, 787
41, 787
32, 787
85, 787
10, 787
344, 787
230, 787
52, 787
395, 787
243, 787
89, 787
27, 787
51, 787
43, 787
72, 787
105, 787
69, 787
74, 787
27, 787
66, 787
189, 787
38, 787
13, 787
118, 787
27, 787
172, 787
161, 787
96, 787
63, 787
12, 787
146, 787
41, 787
37, 787
34, 787
7, 787
14, 787
3, 787
13, 787
12, 787
6, 787
3, 787
8, 787
33, 787
73, 787
59, 787
7, 787
82, 787
7, 787
22, 787
18, 787
52, 787
22, 787
59, 787
38, 787
113, 787
113, 787
3, 787
0, 787
32, 787
148, 787
74, 787
183, 787
18, 787
108, 787
80, 787
19, 787
49, 787
181, 787
4, 787
125, 787
19, 787
107, 787
19, 787
125, 787
87, 787
121, 787
180, 787
28, 787
13, 787
18, 787
103, 787
25, 787
201, 787
15, 787
50, 787
113, 787
443, 787
169, 787
231, 787
14, 787
178, 787
18, 787
818, 818
193, 818
56, 818
173, 818
20, 818
247, 818
65, 818
451, 818
40, 818
103, 818
8, 818
13, 818
597, 818
17, 818
153, 818
240, 818
229, 818
28, 818
22, 818
130, 818
33, 818
49, 818
108, 818
125, 818
84, 818
271, 818
73, 818
162, 818
7, 818
64, 818
149, 818
21, 818
137, 818
153, 818
119, 818
48, 818
304, 818
134, 818
21, 818
171, 818
78, 818
15, 818
43, 818
110, 818
221, 818
58, 818
90, 818
52, 818
309, 818
17, 818
360, 818
90, 818
122, 818
100, 818
302, 818
50, 818
498, 818
55, 818
18, 818
209, 818
255, 818
153, 818
24, 818
95, 818
232, 818
67, 818
123, 818
57, 818
394, 818
229, 818
190, 818
12, 818
10, 818
458, 818
246, 818
149, 818
157, 818
213, 818
113, 818
206, 818
8, 818
192, 818
90, 818
411, 818
23, 818
45, 818
25, 818
86, 818
386, 818
130, 818
18, 818
454, 818
158, 818
156, 818
92, 818
305, 818
141, 818
413, 818
85, 818
72, 818
45, 818
8, 818
233, 818
111, 818
224, 818
29, 818
346, 818
149, 818
96, 818
46, 818
343, 818
99, 818
90, 818
28, 818
409, 818
69, 818
25, 818
37, 818
274, 818
852, 852
207, 852
208, 852
93, 852
136, 852
169, 852
135, 852
180, 852
14, 852
81, 852
206, 852
107, 852
315, 852
44, 852
297, 852
539, 852
323, 852
32, 852
165, 852
342, 852
341, 852
636, 852
41, 852
370, 852
306, 852
429, 852
427, 852
9, 852
133, 852
231, 852
49, 852
870, 870
307, 870
126, 870
84, 870
300, 870
131, 870
163, 870
17, 870
54, 870
36, 870
123, 870
168, 870
153, 870
76, 870
128, 870
244, 870
70, 870
113, 870
43, 870
153, 870
70, 870
100, 870
204, 870
951, 951
328, 951
161, 951
48, 951
204, 951
298, 951
172, 951
195, 951
148, 951
77, 951
781, 951
16, 951
124, 951
22, 951
127, 951
68, 951
42, 951
193, 951
128, 951
332, 951
94, 951
207, 951
45, 951
52, 951
284, 951
49, 951
145, 951
13, 951
105, 951
223, 951
31, 951
684, 951
168, 951
142, 951
38, 951
244, 951
292, 951
7, 951
319, 951
38, 951
65, 951
90, 951
233, 951
63, 951
49, 951
92, 951
69, 951
133, 951
200, 951
146, 951
46, 951
166, 951
155, 951
311, 951
171, 951
156, 951
187, 951
576, 951
475, 951
339, 951
30, 951
23, 951
46, 951
208, 951
321, 951
63, 951
16, 951
13, 951
34, 951
72, 951
28, 951
81, 951
21, 951
327, 951
110, 951
113, 951
70, 951
144, 951
40, 951
185, 951
21, 951
306, 951
212, 951
92, 951
111, 951
10, 951
28, 951
182, 951
47, 951
47, 951
113, 951
91, 951
110, 951
429, 951
41, 951
187, 951
150, 951
86, 951
571, 951
31, 951
84, 951
80, 951
160, 951
75, 951
156, 951
213, 951
86, 951
74, 951
54, 951
295, 951
65, 951
488, 951
240, 951
146, 951
24, 951
157, 951
80, 951
14, 951
44, 951
98, 951
222, 951
113, 951
307, 951
343, 951
11, 951
349, 951
282, 951
958, 958
47, 958
20, 958
593, 958
23, 958
58, 958
113, 958
451, 958
62, 958
310, 958
101, 958
302, 958
140, 958
237, 958
27, 958
215, 958
231, 958
156, 958
52, 958
93, 958
64, 958
595, 958
950, 958
9, 958
126, 958
152, 958
21, 958
264, 958
391, 958
89, 958
48, 958
163, 958
74, 958
461, 958
163, 958
132, 958
22, 958
66, 958
582, 958
31, 958
131, 958
34, 958
14, 958
71, 958
98, 958
67, 958
61, 958
137, 958
188, 958
27, 958
165, 958
13, 958
174, 958
202, 958
38, 958
16, 958
57, 958
160, 958
47, 958
31, 958
29, 958
90, 958
187, 958
281, 958
261, 958
170, 958
158, 958
58, 958
172, 958
108, 958
170, 958
95, 958
472, 958
344, 958
52, 958
197, 958
169, 958
320, 958
63, 958
119, 958
59, 958
269, 958
139, 958
185, 958
103, 958
673, 958
90, 958
141, 958
212, 958
105, 958
337, 958
210, 958
103, 958
75, 958
249, 958
36, 958
277, 958
542, 958
136, 958
222, 958
58, 958
456, 958
657, 958
833, 958
354, 958
226, 958
1168, 1168
13, 1168
376, 1168
182, 1168
15, 1168
135, 1168
232, 1168
27, 1168
351, 1168
15, 1168
150, 1168
31, 1168
148, 1168
181, 1168
85, 1168
177, 1168
233, 1168
12, 1168
119, 1168
827, 1168
60, 1168
8, 1168
59, 1168
171, 1168
70, 1168
237, 1168
64, 1168
1013, 1168
433, 1168
688, 1168
210, 1168
74, 1168
71, 1168
314, 1168
160, 1168
771, 1168
249, 1168
363, 1168
139, 1168
23, 1168
33, 1168
26, 1168
62, 1168
11, 1168
52, 1168
214, 1168
250, 1168
293, 1168
200, 1168
147, 1168
486, 1168
343, 1168
366, 1168
84, 1168
368, 1168
38, 1168
82, 1168
120, 1168
71, 1168
205, 1168
144, 1168
78, 1168
21, 1168
372, 1168
36, 1168
412, 1168
77, 1168
376, 1168
131, 1168
118, 1168
183, 1168
283, 1168
91, 1168
152, 1168
271, 1168
150, 1168
7, 1168
725, 1168
200, 1168
85, 1168
93, 1168
781, 1168
89, 1168
117, 1168
110, 1168
124, 1168
20, 1168
19, 1168
219, 1168
32, 1168
22, 1168
22, 1168
42, 1168
364, 1168
213, 1168
231, 1168
239, 1168
177, 1168
513, 1168
371, 1168
12, 1168
34, 1168
373, 1168
159, 1168
432, 1168
346, 1168
6, 1168
34, 1168
169, 1168
31, 1168
210, 1168
150, 1168
1726, 1726
255, 1726
113, 1726
246, 1726
34, 1726
205, 1726
547, 1726
239, 1726
150, 1726
22, 1726
1510, 1726
28, 1726
63, 1726
227, 1726
266, 1726
561, 1726
402, 1726
381, 1726
174, 1726
14, 1726
513, 1726
61, 1726
537, 1726
97, 1726
78, 1726
620, 1726
112, 1726
23, 1726
93, 1726
127, 1726
187, 1726
168, 1726
227, 1726
344, 1726
642, 1726
48, 1726
156, 1726
306, 1726
40, 1726
333, 1726
221, 1726
76, 1726
88, 1726
170, 1726
380, 1726
202, 1726
142, 1726
57, 1726
156, 1726
275, 1726
125, 1726
962, 1726
148, 1726
299, 1726
478, 1726
72, 1726
106, 1726
198, 1726
183, 1726
51, 1726
692, 1726
34, 1726
489, 1726
46, 1726
587, 1726
35, 1726
15, 1726
25, 1726
220, 1726
344, 1726
251, 1726
52, 1726
94, 1726
76, 1726
561, 1726
95, 1726
611, 1726
389, 1726
44, 1726
143, 1726
127, 1726
257, 1726
49, 1726
317, 1726
759, 1726
381, 1726
46, 1726
46, 1726
221, 1726
290, 1726
455, 1726
235, 1726
183, 1726
293, 1726
273, 1726
60, 1726
91, 1726
214, 1726
8, 1726
226, 1726
75, 1726
1066, 1726
221, 1726
81, 1726
503, 1726
325, 1726
38, 1726
41, 1726
614, 1726
427, 1726
1043, 1726
25, 1726
226, 1726
271, 1726
41, 1726
107, 1726
8, 1726
44, 1726
1038, 1726
1112, 1726
340, 1726
34, 1726
127, 1726
830, 1726
118, 1726
135, 1726
87, 1726
19, 1726
84, 1726
51, 1726
18, 1726
347, 1726
42, 1726
22, 1726
17, 1726
98, 1726
91, 1726
88, 1726
143, 1726
507, 1726
26, 1726
21, 1726
371, 1726
295, 1726
229, 1726
248, 1726
509, 1726
179, 1726
306, 1726
101, 1726
183, 1726
99, 1726
49, 1726
389, 1726
361, 1726
106, 1726
142, 1726
81, 1726
6, 1726
166, 1726
46, 1726
201, 1726
482, 1726
370, 1726
22, 1726
11, 1726
772, 1726
25, 1726
318, 1726
173, 1726
63, 1726
21, 1726
126, 1726
150, 1726
689, 1726
24, 1726
39, 1726
203, 1726
212, 1726
44, 1726
102, 1726
79, 1726
489, 1726
77, 1726
196, 1726
175, 1726
50, 1726
418, 1726
194, 1726
654, 1726
92, 1726
111, 1726
42, 1726
66, 1726
311, 1726
67, 1726
268, 1726
40, 1726
511, 1726
280, 1726
433, 1726
153, 1726
336, 1726
46, 1726
291, 1726
518, 1726
33, 1726
256, 1726
18, 1726
133, 1726
102, 1726
351, 1726
90, 1726
163, 1726
292, 1726
256, 1726
103, 1726
58, 1726
26, 1726
691, 1726
70, 1726
342, 1726
134, 1726
646, 1726
240, 1726
713, 1726
33, 1726
183, 1726
257, 1726
16, 1726
17, 1726
306, 1726
559, 1726
234, 1726
577, 1726
392, 1726
233, 1726
240, 1726
112, 1726
46, 1726
459, 1726
136, 1726
50, 1726
224, 1726
383, 1726
72, 1726
6, 1726
23, 1726
353, 1726
164, 1726
45, 1726
54, 1726
71, 1726
190, 1726
482, 1726
238, 1726
69, 1726
84, 1726
132, 1726
24, 1726
242, 1726
595, 1726
175, 1726
597, 1726
330, 1726
231, 1726
119, 1726
783, 1726
64, 1726
245, 1726
202, 1726
673, 1726
13, 1726
76, 1726
583, 1726
248, 1726
69, 1726
6, 1726
16, 1726
68, 1726
146, 1726
85, 1726
634, 1726
41, 1726
63, 1726
43, 1726
243, 1726
135, 1726
432, 1726
46, 1726
297, 1726
226, 1726
315, 1726
369, 1726
326, 1726
72, 1726
263, 1726
650, 1726
36, 1726
836, 1726
172, 1726
180, 1726
208, 1726
173, 1726
105, 1726
41, 1726
82, 1726
338, 1726
30, 1726
271, 1726
97, 1726
93, 1726
58, 1726
368, 1726
116, 1726
130, 1726
713, 1726
123, 1726
212, 1726
261, 1726
73, 1726
833, 1726
588, 1726
313, 1726
45, 1726
229, 1726
21, 1726
46, 1726
36, 1726
396, 1726
333, 1726
111, 1726
216, 1726
347, 1726
270, 1726
3, 1726
217, 1726
121, 1726
310, 1726
257, 1726
434, 1726
9, 1726
194, 1726
509, 1726
113, 1726
215, 1726
25, 1726
36, 1726
271, 1726
85, 1726
11, 1726
95, 1726
292, 1726
214, 1726
157, 1726
17, 1726
220, 1726
244, 1726
16, 1726
43, 1726
111, 1726
33, 1726
130, 1726
266, 1726
173, 1726
51, 1726
213, 1726
132, 1726
93, 1726
473, 1726
432, 1726
167, 1726
22, 1726
106, 1726
263, 1726
293, 1726
153, 1726
107, 1726
213, 1726
285, 1726
154, 1726
60, 1726
238, 1726
63, 1726
223, 1726
147, 1726
134, 1726
755, 1726
166, 1726
12, 1726
193, 1726
42, 1726
17, 1726
99, 1726
110, 1726
208, 1726
267, 1726
311, 1726
171, 1726
132, 1726
55, 1726
100, 1726
57, 1726
216, 1726
80, 1726
7, 1726
114, 1726
513, 1726
70, 1726
30, 1726
89, 1726
42, 1726
304, 1726
19, 1726
61, 1726
20, 1726
284, 1726
14, 1726
111, 1726
53, 1726
75, 1726
108, 1726
111, 1726
274, 1726
101, 1726
10, 1726
673, 1726
613, 1726
262, 1726
16, 1726
379, 1726
282, 1726
252, 1726
30, 1726
102, 1726
139, 1726
57, 1726
157, 1726
156, 1726
38, 1726
119, 1726
79, 1726
329, 1726
7, 1726
182, 1726
466, 1726
70, 1726
65, 1726
601, 1726
58, 1726
763, 1726
346, 1726
278, 1726
14, 1726
278, 1726
261, 1726
336, 1726
259, 1726
161, 1726
171, 1726
122, 1726
633, 1726
497, 1726
179, 1726
128, 1726
214, 1726
208, 1726
18, 1726
65, 1726
290, 1726
118, 1726
189, 1726
125, 1726
350, 1726
163, 1726
91, 1726
24, 1726
786, 1726
175, 1726
119, 1726
529, 1726
485, 1726
220, 1726
766, 1726
110, 1726
347, 1726
487, 1726
110, 1726
863, 1726
366, 1726
711, 1726
264, 1726
52, 1726
196, 1726
39, 1726
4, 1726
336, 1726
55, 1726
235, 1726
32, 1726
9, 1726
381, 1726
335, 1726
171, 1726
43, 1726
373, 1726
84, 1726
38, 1726
191, 1726
68, 1726
81, 1726
250, 1726
31, 1726
209, 1726
692, 1726
99, 1726
73, 1726
595, 1726
115, 1726
41, 1726
791, 1726
72, 1726
42, 1726
100, 1726
14, 1726
49, 1726
351, 1726
847, 1726
203, 1726
154, 1726
180, 1726
52, 1726
74, 1726
274, 1726
92, 1726
43, 1726
66, 1726
146, 1726
327, 1726
203, 1726
73, 1726
370, 1726
479, 1726
29, 1726
12, 1726
143, 1726
287, 1726
33, 1726
210, 1726
47, 1726
8, 1726
775, 1726
619, 1726
433, 1726
435, 1726
189, 1726
78, 1726
262, 1726
141, 1726
131, 1726
54, 1726
439, 1726
86, 1726
125, 1726
36, 1726
194, 1726
299, 1726
286, 1726
21, 1726
177, 1726
232, 1726
50, 1726
40, 1726
71, 1726
312, 1726
199, 1726
102, 1726
88, 1726
136, 1726
169, 1726
702, 1726
66, 1726
15, 1726
256, 1726
176, 1726
254, 1726
58, 1726
219, 1726
49, 1726
58, 1726
85, 1726
3, 1726
189, 1726
105, 1726
158, 1726
466, 1726
321, 1726
271, 1726
326, 1726
83, 1726
533, 1726
406, 1726
241, 1726
1053, 1726
186, 1726
478, 1726
331, 1726
171, 1726
165, 1726
245, 1726
45, 1726
40, 1726
438, 1726
191, 1726
296, 1726
160, 1726
81, 1726
18, 1726
85, 1726
93, 1726
721, 1726
80, 1726
189, 1726
40, 1726
42, 1726
411, 1726
367, 1726
221, 1726
63, 1726
125, 1726
159, 1726
109, 1726
77, 1726
94, 1726
226, 1726
120, 1726
416, 1726
26, 1726
329, 1726
48, 1726
290, 1726
607, 1726
179, 1726
397, 1726
22, 1726
273, 1726
110, 1726
20, 1726
288, 1726
167, 1726
91, 1726
105, 1726
199, 1726
298, 1726
177, 1726
125, 1726
63, 1726
116, 1726
14, 1726
418, 1726
67, 1726
1322, 1726
161, 1726
299, 1726
87, 1726
609, 1726
101, 1726
589, 1726
168, 1726
138, 1726
71, 1726
451, 1726
29, 1726
10, 1726
153, 1726
389, 1726
57, 1726
246, 1726
274, 1726
386, 1726
65, 1726
565, 1726
47, 1726
244, 1726
665, 1726
167, 1726
4, 1726
146, 1726
53, 1726
82, 1726
264, 1726
348, 1726
597, 1726
132, 1726
419, 1726
182, 1726
527, 1726
85, 1726
366, 1726
30, 1726
272, 1726
137, 1726
279, 1726
480, 1726
638, 1726
80, 1726
37, 1726
361, 1726
117, 1726
83, 1726
276, 1726
4, 1726
175, 1726
251, 1726
161, 1726
74, 1726
243, 1726
120, 1726
699, 1726
204, 1726
515, 1726
82, 1726
394, 1726
41, 1726
93, 1726
30, 1726
39, 1726
198, 1726
101, 1726
65, 1726
466, 1726
28, 1726
97, 1726
67, 1726
119, 1726
194, 1726
240, 1726
155, 1726
447, 1726
182, 1726
410, 1726
223, 1726
257, 1726
406, 1726
57, 1726
339, 1726
233, 1726
164, 1726
69, 1726
100, 1726
280, 1726
809, 1726
110, 1726
19, 1726
197, 1726
117, 1726
441, 1726
172, 1726
188, 1726
357, 1726
32, 1726
223, 1726
174, 1726
274, 1726
143, 1726
341, 1726
77, 1726
126, 1726
46, 1726
149, 1726
72, 1726
851, 1726
99, 1726
110, 1726
168, 1726
53, 1726
306, 1726
60, 1726
131, 1726
186, 1726
6, 1726
138, 1726
656, 1726
29, 1726
97, 1726
573, 1726
369, 1726
88, 1726
1512, 1726
188, 1726
275, 1726
105, 1726
224, 1726
173, 1726
319, 1726
166, 1726
189, 1726
103, 1726
175, 1726
30, 1726
434, 1726
41, 1726
304, 1726
339, 1726
199, 1726
89, 1726
422, 1726
31, 1726
90, 1726
12, 1726
65, 1726
34, 1726
259, 1726
154, 1726
170, 1726
463, 1726
93, 1726
249, 1726
35, 1726
141, 1726
415, 1726
269, 1726
492, 1726
332, 1726
131, 1726
304, 1726
111, 1726
291, 1726
308, 1726
132, 1726
258, 1726
621, 1726
10, 1726
315, 1726
43, 1726
104, 1726
216, 1726
64, 1726
86, 1726
377, 1726
378, 1726
271, 1726
83, 1726
821, 1726
453, 1726
179, 1726
283, 1726
91, 1726
178, 1726
24, 1726
368, 1726
95, 1726
171, 1726
32, 1726
115, 1726
11, 1726
117, 1726
395, 1726
142, 1726
110, 1726
455, 1726
240, 1726
30, 1726
18, 1726
10, 1726
93, 1726
46, 1726
21, 1726
196, 1726
208, 1726
280, 1726
265, 1726
306, 1726
58, 1726
84, 1726
16, 1726
72, 1726
63, 1726
41, 1726
133, 1726
435, 1726
257, 1726
381, 1726
410, 1726
6, 1726
178, 1726
100, 1726
158, 1726
61, 1726
544, 1726
74, 1726
111, 1726
22, 1726
114, 1726
676, 1726
59, 1726
655, 1726
23, 1726
941, 1726
869, 1726
90, 1726
41, 1726
107, 1726
248, 1726
79, 1726
223, 1726
174, 1726
6, 1726
51, 1726
625, 1726
40, 1726
928, 1726
143, 1726
31, 1726
248, 1726
354, 1726
274, 1726
346, 1726
20, 1726
112, 1726
43, 1726
195, 1726
203, 1726
73, 1726
70, 1726
147, 1726
138, 1726
246, 1726
57, 1726
276, 1726
321, 1726
73, 1726
284, 1726
151, 1726
43, 1726
366, 1726
376, 1726
273, 1726
113, 1726
149, 1726
29, 1726
517, 1726
284, 1726
111, 1726
44, 1726
238, 1726
127, 1726
250, 1726
406, 1726
59, 1726
262, 1726
102, 1726
3, 1726
208, 1726
342, 1726
10, 1726
344, 1726
106, 1726
273, 1726
57, 1726
38, 1726
28, 1726
531, 1726
204, 1726
459, 1726
741, 1726
305, 1726
32, 1726
370, 1726
133, 1726
202, 1726
167, 1726
164, 1726
105, 1726
50, 1726
303, 1726
33, 1726
174, 1726
97, 1726
4, 1726
175, 1726
519, 1726
391, 1726
19, 1726
54, 1726
264, 1726
333, 1726
158, 1726
259, 1726
151, 1726
882, 1726
21, 1726
81, 1726
126, 1726
227, 1726
327, 1726
347, 1726
56, 1726
41, 1726
7, 1726
43, 1726
338, 1726
7, 1726
32, 1726
394, 1726
611, 1726
621, 1726
608, 1726
135, 1726
68, 1726
40, 1726
135, 1726
108, 1726
144, 1726
186, 1726
477, 1726
283, 1726
137, 1726
422, 1726
225, 1726
151, 1726
139, 1726
116, 1726
176, 1726
88, 1726
78, 1726
172, 1726
240, 1726
54, 1726
68, 1726
37, 1726
749, 1726
44, 1726
75, 1726
306, 1726
17, 1726
125, 1726
177, 1726
85, 1726
656, 1726
804, 1726
123, 1726
30, 1726
115, 1726
337, 1726
22, 1726
27, 1726
354, 1726
196, 1726
448, 1726
83, 1726
56, 1726
251, 1726
226, 1726
143, 1726
10, 1726
147, 1726
174, 1726
338, 1726
992, 1726
724, 1726
131, 1726
122, 1726
132, 1726
167, 1726
667, 1726
195, 1726
182, 1726
984, 1726
510, 1726
52, 1726
201, 1726
475, 1726
266, 1726
267, 1726
104, 1726
239, 1726
39, 1726
240, 1726
270, 1726
92, 1726
147, 1726
33, 1726
271, 1726
144, 1726
147, 1726
190, 1726
258, 1726
781, 1726
212, 1726
354, 1726
88, 1726
72, 1726
83, 1726
620, 1726
69, 1726
296, 1726
106, 1726
30, 1726
71, 1726
63, 1726
87, 1726
536, 1726
88, 1726
360, 1726
274, 1726
38, 1726
197, 1726
82, 1726
319, 1726
27, 1726
86, 1726
1029, 1726
245, 1726
700, 1726
292, 1726
89, 1726
11, 1726
104, 1726
434, 1726
89, 1726
73, 1726
66, 1726
79, 1726
88, 1726
82, 1726
44, 1726
107, 1726
79, 1726
235, 1726
662, 1726
22, 1726
46, 1726
495, 1726
84, 1726
22, 1726
12, 1726
345, 1726
436, 1726
26, 1726
143, 1726
20, 1726
50, 1726
252, 1726
623, 1726
298, 1726
208, 1726
398, 1726
147, 1726
50, 1726
33, 1726
345, 1726
88, 1726
120, 1726
416, 1726
355, 1726
135, 1726
27, 1726
158, 1726
230, 1726
40, 1726
120, 1726
54, 1726
102, 1726
166, 1726
270, 1726
640, 1726
185, 1726
226, 1726
546, 1726
102, 1726
342, 1726
748, 1726
352, 1726
142, 1726
221, 1726
760, 1726
16, 1726
25, 1726
28, 1726
194, 1726
162, 1726
235, 1726
19, 1726
24, 1726
91, 1726
96, 1726
154, 1726
77, 1726
175, 1726
184, 1726
395, 1726
135, 1726
17, 1726
86, 1726
389, 1726
41, 1726
28, 1726
275, 1726
829, 1726
80, 1726
390, 1726
34, 1726
190, 1726
203, 1726
247, 1726
54, 1726
66, 1726
720, 1726
14, 1726
65, 1726
216, 1726
858, 1726
71, 1726
175, 1726
220, 1726
416, 1726
189, 1726
118, 1726
72, 1726
64, 1726
227, 1726
499, 1726
145, 1726
508, 1726
21, 1726
250, 1726
367, 1726
38, 1726
439, 1726
209, 1726
110, 1726
359, 1726
385, 1726
271, 1726
50, 1726
12, 1726
61, 1726
323, 1726
136, 1726
214, 1726
14, 1726
184, 1726
666, 1726
120, 1726
227, 1726
19, 1726
114, 1726
314, 1726
38, 1726
70, 1726
197, 1726
100, 1726
640, 1726
137, 1726
82, 1726
144, 1726
20, 1726
552, 1726
69, 1726
376, 1726
325, 1726
104, 1726
30, 1726
37, 1726
206, 1726
17, 1726
114, 1726
31, 1726
320, 1726
325, 1726
101, 1726
239, 1726
70, 1726
12, 1726
21, 1726
159, 1726
388, 1726
118, 1726
174, 1726
143, 1726
243, 1726
433, 1726
706, 1726
28, 1726
138, 1726
613, 1726
169, 1726
143, 1726
173, 1726
317, 1726
51, 1726
212, 1726
153, 1726
184, 1726
262, 1726
93, 1726
120, 1726
331, 1726
237, 1726
357, 1726
141, 1726
491, 1726
16, 1726
644, 1726
113, 1726
231, 1726
157, 1726
195, 1726
594, 1726
65, 1726
178, 1726
694, 1726
333, 1726
279, 1726
104, 1726
174, 1726
180, 1726
194, 1726
367, 1726
199, 1726
84, 1726
13, 1726
427, 1726
418, 1726
483, 1726
160, 1726
132, 1726
64, 1726
559, 1726
150, 1726
64, 1726
472, 1726
134, 1726
76, 1726
374, 1726
231, 1726
81, 1726
1435, 1726
242, 1726
266, 1726
44, 1726
272, 1726
366, 1726
122, 1726
441, 1726
74, 1726
222, 1726
67, 1726
284, 1726
96, 1726
74, 1726
167, 1726
243, 1726
1036, 1726
6, 1726
789, 1726
58, 1726
101, 1726
536, 1726
129, 1726
337, 1726
220, 1726
93, 1726
371, 1726
27, 1726
707, 1726
243, 1726
76, 1726
254, 1726
338, 1726
341, 1726
322, 1726
274, 1726
62, 1726
783, 1726
137, 1726
206, 1726
50, 1726
16, 1726
82, 1726
76, 1726
16, 1726
12, 1726
73, 1726
122, 1726
160, 1726
212, 1726
172, 1726
95, 1726
78, 1726
271, 1726
56, 1726
172, 1726
19, 1726
576, 1726
221, 1726
5, 1726
38, 1726
377, 1726
68, 1726
297, 1726
89, 1726
471, 1726
61, 1726
239, 1726
227, 1726
185, 1726
29, 1726
186, 1726
168, 1726
84, 1726
270, 1726
340, 1726
9, 1726
657, 1726
218, 1726
35, 1726
121, 1726
564, 1726
339, 1726
98, 1726
106, 1726
141, 1726
69, 1726
725, 1726
42, 1726
75, 1726
186, 1726
16, 1726
22, 1726
313, 1726
611, 1726
182, 1726
27, 1726
462, 1726
85, 1726
217, 1726
20, 1726
104, 1726
55, 1726
409, 1726
256, 1726
111, 1726
41, 1726
91, 1726
120, 1726
112, 1726
180, 1726
109, 1726
72, 1726
125, 1726
9, 1726
27, 1726
119, 1726
181, 1726
115, 1726
85, 1726
228, 1726
52, 1726
7, 1726
198, 1726
361, 1726
72, 1726
359, 1726
305, 1726
70, 1726
511, 1726
76, 1726
174, 1726
42, 1726
47, 1726
201, 1726
171, 1726
333, 1726
43, 1726
143, 1726
63, 1726
468, 1726
207, 1726
70, 1726
86, 1726
588, 1726
5, 1726
60, 1726
107, 1726
152, 1726
79, 1726
26, 1726
59, 1726
322, 1726
122, 1726
90, 1726
134, 1726
135, 1726
57, 1726
132, 1726
130, 1726
236, 1726
795, 1726
219, 1726
317, 1726
296, 1726
196, 1726
660, 1726
537, 1726
207, 1726
304, 1726
84, 1726
51, 1726
33, 1726
148, 1726
20, 1726
20, 1726
133, 1726
113, 1726
346, 1726
129, 1726
28, 1726
33, 1726
231, 1726
411, 1726
60, 1726
284, 1726
228, 1726
40, 1726
194, 1726
386, 1726
246, 1726
147, 1726
331, 1726
144, 1726
17, 1726
84, 1726
510, 1726
5, 1726
81, 1726
45, 1726
141, 1726
61, 1726
32, 1726
208, 1726
340, 1726
78, 1726
761, 1726
273, 1726
326, 1726
34, 1726
284, 1726
70, 1726
262, 1726
76, 1726
11, 1726
232, 1726
106, 1726
269, 1726
57, 1726
19, 1726
87, 1726
285, 1726
263, 1726
77, 1726
50, 1726
53, 1726
52, 1726
304, 1726
708, 1726
92, 1726
278, 1726
190, 1726
167, 1726
391, 1726
