#Algorithm: Qlearning, Speed: 1, Boost: 3, PM: False, Env size: (20, 20), Car size: (3, 2),
#Counter: 100, Nsteps: 10000000, Gamma: 1, LearnRate: 0.01, Eps: 0.5, Epsdecay: 0.9
1, 1
18, 18
8, 18
52, 52
22, 52
2, 52
55, 55
27, 55
210, 210
337, 337
991, 991
489, 991
1242, 1242
61, 1242
1185, 1242
220, 1242
1238, 1242
1207, 1242
1432, 1432
1212, 1432
882, 1432
689, 1432
1483, 1483
1411, 1483
524, 1483
726, 1483
208, 1483
268, 1483
1406, 1483
1433, 1483
1061, 1483
1438, 1483
1421, 1483
501, 1483
1409, 1483
1419, 1483
1, 1483
1406, 1483
1460, 1483
1029, 1483
1445, 1483
1225, 1483
114, 1483
1191, 1483
1406, 1483
817, 1483
1103, 1483
1419, 1483
1276, 1483
1193, 1483
1231, 1483
1209, 1483
1418, 1483
1421, 1483
810, 1483
1045, 1483
1396, 1483
1410, 1483
1407, 1483
1415, 1483
544, 1483
1468, 1483
1408, 1483
1413, 1483
1436, 1483
1434, 1483
887, 1483
1299, 1483
732, 1483
896, 1483
1404, 1483
1412, 1483
1470, 1483
972, 1483
1403, 1483
778, 1483
880, 1483
1409, 1483
1418, 1483
1409, 1483
1388, 1483
820, 1483
1401, 1483
1401, 1483
1400, 1483
531, 1483
1417, 1483
835, 1483
772, 1483
1443, 1483
838, 1483
1407, 1483
724, 1483
956, 1483
1404, 1483
1402, 1483
9, 1483
1414, 1483
1408, 1483
479, 1483
1414, 1483
1408, 1483
1431, 1483
1403, 1483
1404, 1483
193, 1483
1412, 1483
1420, 1483
1442, 1483
1412, 1483
1400, 1483
1406, 1483
1429, 1483
1401, 1483
1402, 1483
1406, 1483
1446, 1483
909, 1483
738, 1483
1420, 1483
1411, 1483
1400, 1483
830, 1483
1407, 1483
944, 1483
1320, 1483
1420, 1483
986, 1483
1406, 1483
1401, 1483
1422, 1483
1401, 1483
743, 1483
898, 1483
1416, 1483
1429, 1483
1424, 1483
1414, 1483
1407, 1483
1135, 1483
1411, 1483
1259, 1483
1405, 1483
1005, 1483
1401, 1483
1427, 1483
1412, 1483
1404, 1483
1402, 1483
1421, 1483
1406, 1483
1411, 1483
1413, 1483
1407, 1483
1433, 1483
861, 1483
900, 1483
105, 1483
1331, 1483
1413, 1483
1480, 1483
1406, 1483
1410, 1483
1431, 1483
1051, 1483
1403, 1483
853, 1483
956, 1483
1421, 1483
1409, 1483
1415, 1483
1048, 1483
972, 1483
1420, 1483
1409, 1483
1413, 1483
719, 1483
1400, 1483
1105, 1483
1426, 1483
1409, 1483
949, 1483
1110, 1483
1403, 1483
1441, 1483
1408, 1483
1412, 1483
988, 1483
1437, 1483
1401, 1483
1410, 1483
1022, 1483
1417, 1483
711, 1483
1439, 1483
860, 1483
763, 1483
1401, 1483
1428, 1483
1416, 1483
785, 1483
1419, 1483
719, 1483
1406, 1483
1413, 1483
1406, 1483
1402, 1483
841, 1483
909, 1483
1402, 1483
1352, 1483
1104, 1483
1409, 1483
1431, 1483
1406, 1483
1411, 1483
1411, 1483
1402, 1483
1396, 1483
832, 1483
1407, 1483
1409, 1483
1430, 1483
1417, 1483
1404, 1483
1406, 1483
1407, 1483
1028, 1483
1411, 1483
743, 1483
1031, 1483
867, 1483
1377, 1483
1420, 1483
1411, 1483
1421, 1483
1395, 1483
1401, 1483
1418, 1483
1423, 1483
1401, 1483
1411, 1483
1413, 1483
976, 1483
1402, 1483
1406, 1483
1437, 1483
1184, 1483
1187, 1483
1411, 1483
1430, 1483
1402, 1483
1406, 1483
1423, 1483
1414, 1483
798, 1483
1196, 1483
1440, 1483
1405, 1483
1422, 1483
1402, 1483
1409, 1483
1406, 1483
1435, 1483
1402, 1483
1403, 1483
1419, 1483
1442, 1483
767, 1483
1433, 1483
1308, 1483
1447, 1483
1403, 1483
1412, 1483
1403, 1483
1444, 1483
1418, 1483
1475, 1483
999, 1483
1409, 1483
1408, 1483
1413, 1483
1400, 1483
1067, 1483
1420, 1483
1075, 1483
1444, 1483
1407, 1483
1404, 1483
1425, 1483
1447, 1483
1413, 1483
703, 1483
1126, 1483
1412, 1483
1405, 1483
1410, 1483
1405, 1483
1424, 1483
803, 1483
1411, 1483
1401, 1483
1419, 1483
816, 1483
1400, 1483
1413, 1483
1402, 1483
1401, 1483
884, 1483
1107, 1483
1430, 1483
1403, 1483
955, 1483
1410, 1483
1420, 1483
356, 1483
1303, 1483
1409, 1483
1406, 1483
1433, 1483
1306, 1483
1405, 1483
1419, 1483
1413, 1483
1402, 1483
1443, 1483
1079, 1483
1421, 1483
1435, 1483
1459, 1483
1451, 1483
1402, 1483
1401, 1483
842, 1483
1402, 1483
1419, 1483
1325, 1483
1414, 1483
1303, 1483
1429, 1483
1412, 1483
1403, 1483
1407, 1483
1401, 1483
1403, 1483
1404, 1483
1400, 1483
1492, 1492
1402, 1492
1424, 1492
1403, 1492
1401, 1492
1414, 1492
1401, 1492
1413, 1492
1423, 1492
1422, 1492
882, 1492
1421, 1492
1414, 1492
1411, 1492
1469, 1492
1412, 1492
1402, 1492
1325, 1492
1401, 1492
1435, 1492
1446, 1492
1445, 1492
1198, 1492
1378, 1492
1421, 1492
1438, 1492
1425, 1492
817, 1492
1389, 1492
1424, 1492
1408, 1492
1402, 1492
1400, 1492
1408, 1492
1411, 1492
1097, 1492
1409, 1492
1182, 1492
1403, 1492
1401, 1492
1433, 1492
921, 1492
911, 1492
1418, 1492
762, 1492
1411, 1492
1462, 1492
1406, 1492
1308, 1492
1431, 1492
1079, 1492
1352, 1492
979, 1492
1415, 1492
1404, 1492
1384, 1492
1421, 1492
1409, 1492
1315, 1492
818, 1492
1400, 1492
1406, 1492
1404, 1492
1403, 1492
1452, 1492
1427, 1492
1400, 1492
1125, 1492
1418, 1492
1443, 1492
1401, 1492
1409, 1492
1407, 1492
1421, 1492
1449, 1492
1418, 1492
1375, 1492
826, 1492
1404, 1492
1415, 1492
1402, 1492
1459, 1492
1414, 1492
1400, 1492
1402, 1492
1065, 1492
1142, 1492
1401, 1492
1401, 1492
1420, 1492
1409, 1492
1433, 1492
1461, 1492
1411, 1492
1404, 1492
1459, 1492
1415, 1492
1417, 1492
1407, 1492
1410, 1492
1451, 1492
1362, 1492
972, 1492
1074, 1492
1328, 1492
1055, 1492
1400, 1492
1425, 1492
1427, 1492
1408, 1492
1422, 1492
1409, 1492
1432, 1492
1417, 1492
1410, 1492
1400, 1492
1400, 1492
1056, 1492
1410, 1492
788, 1492
1405, 1492
1426, 1492
954, 1492
1411, 1492
1400, 1492
1403, 1492
1424, 1492
722, 1492
879, 1492
1329, 1492
1421, 1492
1405, 1492
828, 1492
920, 1492
1417, 1492
808, 1492
1425, 1492
1412, 1492
1411, 1492
1111, 1492
1429, 1492
1400, 1492
1405, 1492
1402, 1492
1435, 1492
1465, 1492
1404, 1492
1310, 1492
1400, 1492
1412, 1492
1140, 1492
841, 1492
1110, 1492
1143, 1492
1401, 1492
1428, 1492
1432, 1492
1440, 1492
1295, 1492
1402, 1492
728, 1492
1408, 1492
1400, 1492
1413, 1492
1401, 1492
1090, 1492
1400, 1492
1436, 1492
742, 1492
1402, 1492
1407, 1492
1408, 1492
1422, 1492
727, 1492
1007, 1492
1410, 1492
1408, 1492
1177, 1492
762, 1492
1462, 1492
1402, 1492
1357, 1492
1148, 1492
1034, 1492
1417, 1492
1411, 1492
969, 1492
1409, 1492
1401, 1492
1403, 1492
1420, 1492
1409, 1492
1441, 1492
1412, 1492
1400, 1492
859, 1492
1403, 1492
1416, 1492
735, 1492
1400, 1492
914, 1492
1405, 1492
1400, 1492
1404, 1492
1350, 1492
1102, 1492
1403, 1492
1407, 1492
1407, 1492
1455, 1492
1003, 1492
1407, 1492
1405, 1492
1413, 1492
1431, 1492
1434, 1492
1411, 1492
1177, 1492
1403, 1492
1407, 1492
1422, 1492
1405, 1492
989, 1492
1482, 1492
1415, 1492
1424, 1492
1410, 1492
1410, 1492
1405, 1492
897, 1492
717, 1492
1403, 1492
1409, 1492
1440, 1492
1400, 1492
1162, 1492
1401, 1492
1406, 1492
1080, 1492
1434, 1492
1427, 1492
1419, 1492
1420, 1492
1428, 1492
1406, 1492
1412, 1492
814, 1492
1404, 1492
1401, 1492
1412, 1492
1415, 1492
1457, 1492
1401, 1492
974, 1492
1401, 1492
1401, 1492
802, 1492
1400, 1492
1443, 1492
1327, 1492
741, 1492
1418, 1492
1409, 1492
1411, 1492
1420, 1492
1435, 1492
1404, 1492
1194, 1492
1422, 1492
986, 1492
1402, 1492
852, 1492
1416, 1492
1410, 1492
1412, 1492
1432, 1492
705, 1492
1414, 1492
1418, 1492
809, 1492
1146, 1492
1408, 1492
715, 1492
1416, 1492
860, 1492
968, 1492
1402, 1492
1400, 1492
789, 1492
730, 1492
1413, 1492
853, 1492
775, 1492
812, 1492
1415, 1492
1477, 1492
1412, 1492
997, 1492
1414, 1492
1431, 1492
755, 1492
1411, 1492
1407, 1492
1403, 1492
1413, 1492
1423, 1492
942, 1492
1409, 1492
768, 1492
845, 1492
1437, 1492
1166, 1492
1402, 1492
1431, 1492
1410, 1492
1446, 1492
793, 1492
711, 1492
1151, 1492
1024, 1492
1400, 1492
1183, 1492
1400, 1492
956, 1492
1407, 1492
1401, 1492
783, 1492
1407, 1492
1405, 1492
1408, 1492
1423, 1492
840, 1492
810, 1492
946, 1492
1416, 1492
1431, 1492
1420, 1492
1409, 1492
1407, 1492
822, 1492
1106, 1492
1403, 1492
1434, 1492
1411, 1492
1409, 1492
1410, 1492
1063, 1492
1413, 1492
1437, 1492
1458, 1492
1413, 1492
1445, 1492
1426, 1492
1405, 1492
804, 1492
833, 1492
1401, 1492
1071, 1492
1417, 1492
1400, 1492
1406, 1492
1426, 1492
1405, 1492
1173, 1492
714, 1492
1197, 1492
1400, 1492
1433, 1492
1405, 1492
1406, 1492
1422, 1492
1402, 1492
1407, 1492
1412, 1492
784, 1492
1141, 1492
1402, 1492
1423, 1492
1401, 1492
1112, 1492
701, 1492
1401, 1492
1427, 1492
984, 1492
1336, 1492
1337, 1492
1445, 1492
1401, 1492
1411, 1492
1400, 1492
1415, 1492
1006, 1492
1411, 1492
1029, 1492
1407, 1492
1409, 1492
1401, 1492
1321, 1492
1422, 1492
1406, 1492
1154, 1492
762, 1492
1411, 1492
1419, 1492
1401, 1492
1069, 1492
1377, 1492
1400, 1492
1462, 1492
1127, 1492
1405, 1492
1426, 1492
1452, 1492
1404, 1492
1408, 1492
1410, 1492
1400, 1492
1402, 1492
1436, 1492
1104, 1492
1412, 1492
1405, 1492
720, 1492
1404, 1492
1416, 1492
1406, 1492
1420, 1492
1406, 1492
1412, 1492
1417, 1492
1410, 1492
1407, 1492
1412, 1492
1417, 1492
1402, 1492
1402, 1492
1405, 1492
842, 1492
1419, 1492
1416, 1492
1413, 1492
1410, 1492
1124, 1492
1431, 1492
1156, 1492
869, 1492
1483, 1492
1405, 1492
1438, 1492
1419, 1492
1400, 1492
1038, 1492
1348, 1492
1400, 1492
1402, 1492
1406, 1492
751, 1492
705, 1492
1404, 1492
1410, 1492
881, 1492
1412, 1492
1403, 1492
1407, 1492
1413, 1492
1414, 1492
1199, 1492
752, 1492
979, 1492
713, 1492
1401, 1492
1410, 1492
748, 1492
1459, 1492
1434, 1492
1428, 1492
1413, 1492
1442, 1492
1409, 1492
1154, 1492
1416, 1492
1419, 1492
841, 1492
1076, 1492
1441, 1492
1410, 1492
1400, 1492
1466, 1492
1401, 1492
1466, 1492
1024, 1492
1402, 1492
729, 1492
1115, 1492
1352, 1492
1433, 1492
1428, 1492
1405, 1492
1370, 1492
1424, 1492
1357, 1492
1410, 1492
1451, 1492
1407, 1492
1420, 1492
809, 1492
1413, 1492
879, 1492
1413, 1492
1414, 1492
1435, 1492
1401, 1492
1418, 1492
1403, 1492
1410, 1492
749, 1492
1194, 1492
1422, 1492
924, 1492
1423, 1492
1401, 1492
1422, 1492
1405, 1492
1416, 1492
1424, 1492
1418, 1492
1405, 1492
1405, 1492
856, 1492
1404, 1492
1090, 1492
1410, 1492
1043, 1492
1002, 1492
1401, 1492
1411, 1492
1401, 1492
1405, 1492
1406, 1492
1414, 1492
1407, 1492
713, 1492
990, 1492
996, 1492
809, 1492
912, 1492
1429, 1492
1423, 1492
1403, 1492
982, 1492
1402, 1492
1338, 1492
1421, 1492
1414, 1492
1430, 1492
1409, 1492
1147, 1492
1406, 1492
1074, 1492
1417, 1492
1403, 1492
1423, 1492
1443, 1492
1408, 1492
996, 1492
1400, 1492
1321, 1492
1402, 1492
1156, 1492
901, 1492
1033, 1492
1411, 1492
738, 1492
1412, 1492
1424, 1492
1414, 1492
1406, 1492
1025, 1492
1422, 1492
771, 1492
1092, 1492
1169, 1492
1406, 1492
1377, 1492
1409, 1492
1411, 1492
1408, 1492
982, 1492
1408, 1492
1418, 1492
1405, 1492
1404, 1492
1406, 1492
1407, 1492
1401, 1492
1428, 1492
1405, 1492
1425, 1492
1329, 1492
1422, 1492
1401, 1492
1408, 1492
1422, 1492
1418, 1492
1402, 1492
1408, 1492
1402, 1492
1386, 1492
1403, 1492
1435, 1492
1410, 1492
1412, 1492
1433, 1492
1400, 1492
778, 1492
1404, 1492
1359, 1492
712, 1492
1403, 1492
1402, 1492
1400, 1492
1422, 1492
1401, 1492
1403, 1492
1490, 1492
1422, 1492
1151, 1492
1411, 1492
1443, 1492
1439, 1492
788, 1492
1412, 1492
1408, 1492
1409, 1492
1455, 1492
1413, 1492
1409, 1492
1412, 1492
1417, 1492
999, 1492
1416, 1492
840, 1492
1410, 1492
1437, 1492
1406, 1492
1401, 1492
1437, 1492
783, 1492
1425, 1492
1414, 1492
1406, 1492
1368, 1492
922, 1492
1428, 1492
1408, 1492
1406, 1492
962, 1492
1413, 1492
1411, 1492
1410, 1492
1405, 1492
1449, 1492
1433, 1492
1454, 1492
1404, 1492
937, 1492
1417, 1492
1407, 1492
1416, 1492
958, 1492
1422, 1492
1408, 1492
1441, 1492
1417, 1492
1414, 1492
750, 1492
1401, 1492
1323, 1492
1186, 1492
1469, 1492
839, 1492
830, 1492
1407, 1492
1155, 1492
1407, 1492
1424, 1492
915, 1492
1436, 1492
1402, 1492
1402, 1492
1403, 1492
1406, 1492
1428, 1492
1412, 1492
1403, 1492
1440, 1492
1416, 1492
1404, 1492
1400, 1492
1421, 1492
1419, 1492
1424, 1492
1408, 1492
1041, 1492
1411, 1492
902, 1492
1402, 1492
1407, 1492
1410, 1492
1402, 1492
770, 1492
949, 1492
1407, 1492
1468, 1492
1415, 1492
851, 1492
1167, 1492
1327, 1492
1400, 1492
1078, 1492
1473, 1492
1401, 1492
1402, 1492
1401, 1492
1400, 1492
1412, 1492
1439, 1492
1410, 1492
1412, 1492
1401, 1492
1427, 1492
1401, 1492
1418, 1492
1084, 1492
1402, 1492
1422, 1492
1128, 1492
1401, 1492
1458, 1492
990, 1492
1414, 1492
1347, 1492
784, 1492
1431, 1492
1404, 1492
958, 1492
1402, 1492
1418, 1492
1418, 1492
1412, 1492
1404, 1492
1411, 1492
1450, 1492
1191, 1492
1417, 1492
1404, 1492
1414, 1492
1044, 1492
1444, 1492
1418, 1492
1017, 1492
1466, 1492
1404, 1492
1456, 1492
1409, 1492
764, 1492
1410, 1492
724, 1492
736, 1492
1406, 1492
1409, 1492
1089, 1492
1406, 1492
1418, 1492
1365, 1492
898, 1492
1456, 1492
748, 1492
1417, 1492
1340, 1492
1407, 1492
1410, 1492
746, 1492
1412, 1492
1400, 1492
1426, 1492
1461, 1492
1405, 1492
1400, 1492
1412, 1492
1416, 1492
1406, 1492
1417, 1492
1420, 1492
1412, 1492
1420, 1492
1401, 1492
1414, 1492
1436, 1492
1423, 1492
1403, 1492
1481, 1492
1405, 1492
1405, 1492
989, 1492
1402, 1492
735, 1492
1408, 1492
1412, 1492
795, 1492
1455, 1492
1426, 1492
1423, 1492
1420, 1492
1403, 1492
1425, 1492
1429, 1492
1121, 1492
1425, 1492
1421, 1492
1094, 1492
1406, 1492
1303, 1492
1431, 1492
1409, 1492
1415, 1492
1402, 1492
1367, 1492
1408, 1492
1414, 1492
813, 1492
1400, 1492
1421, 1492
1411, 1492
1118, 1492
967, 1492
893, 1492
1410, 1492
1445, 1492
1421, 1492
1185, 1492
1445, 1492
930, 1492
1417, 1492
1404, 1492
1404, 1492
1404, 1492
1400, 1492
1416, 1492
1403, 1492
1447, 1492
1399, 1492
1434, 1492
969, 1492
755, 1492
1403, 1492
1405, 1492
1413, 1492
1358, 1492
1409, 1492
1401, 1492
1032, 1492
1405, 1492
841, 1492
1400, 1492
1412, 1492
773, 1492
1404, 1492
970, 1492
775, 1492
1400, 1492
1404, 1492
1401, 1492
1412, 1492
944, 1492
1417, 1492
843, 1492
1414, 1492
1403, 1492
1401, 1492
1503, 1503
1406, 1503
1434, 1503
1417, 1503
1424, 1503
1417, 1503
1425, 1503
1415, 1503
1401, 1503
1372, 1503
1410, 1503
1418, 1503
731, 1503
1119, 1503
1411, 1503
903, 1503
1416, 1503
1401, 1503
1456, 1503
1402, 1503
1408, 1503
1408, 1503
1440, 1503
1421, 1503
1430, 1503
1402, 1503
1416, 1503
700, 1503
707, 1503
1419, 1503
1422, 1503
983, 1503
1475, 1503
1150, 1503
1108, 1503
1412, 1503
1442, 1503
1410, 1503
1422, 1503
1463, 1503
937, 1503
1425, 1503
1407, 1503
1403, 1503
778, 1503
868, 1503
1428, 1503
1333, 1503
848, 1503
1402, 1503
1408, 1503
1459, 1503
1411, 1503
1401, 1503
925, 1503
841, 1503
1444, 1503
1404, 1503
1408, 1503
1401, 1503
757, 1503
1172, 1503
1403, 1503
779, 1503
1401, 1503
1407, 1503
1415, 1503
1411, 1503
1418, 1503
1148, 1503
761, 1503
1437, 1503
1436, 1503
1426, 1503
1437, 1503
1436, 1503
1402, 1503
786, 1503
1406, 1503
1410, 1503
1435, 1503
1409, 1503
1401, 1503
1414, 1503
812, 1503
1094, 1503
1407, 1503
1403, 1503
1408, 1503
1408, 1503
1400, 1503
1409, 1503
776, 1503
1304, 1503
1410, 1503
1403, 1503
1406, 1503
843, 1503
1415, 1503
1313, 1503
1422, 1503
1451, 1503
1122, 1503
912, 1503
1302, 1503
1037, 1503
1440, 1503
1406, 1503
1400, 1503
1414, 1503
1411, 1503
783, 1503
1422, 1503
1062, 1503
1402, 1503
780, 1503
1409, 1503
1413, 1503
888, 1503
1449, 1503
996, 1503
1415, 1503
1414, 1503
1401, 1503
1026, 1503
1402, 1503
1449, 1503
786, 1503
1444, 1503
1416, 1503
986, 1503
1403, 1503
1406, 1503
1405, 1503
1407, 1503
1407, 1503
1408, 1503
1401, 1503
856, 1503
1411, 1503
1392, 1503
1309, 1503
1435, 1503
1411, 1503
1462, 1503
1334, 1503
816, 1503
1401, 1503
1070, 1503
1431, 1503
1416, 1503
1448, 1503
704, 1503
1415, 1503
1409, 1503
1418, 1503
1408, 1503
1413, 1503
1411, 1503
1411, 1503
1428, 1503
1404, 1503
869, 1503
1428, 1503
1400, 1503
1401, 1503
1347, 1503
1430, 1503
1435, 1503
1402, 1503
1391, 1503
1161, 1503
1413, 1503
1450, 1503
1407, 1503
1029, 1503
1155, 1503
1161, 1503
862, 1503
1404, 1503
1418, 1503
823, 1503
1416, 1503
1411, 1503
1409, 1503
767, 1503
1431, 1503
1007, 1503
1407, 1503
1407, 1503
1421, 1503
1424, 1503
1417, 1503
1440, 1503
1431, 1503
1412, 1503
1410, 1503
1425, 1503
1403, 1503
1463, 1503
1420, 1503
1131, 1503
1403, 1503
1417, 1503
993, 1503
1436, 1503
1412, 1503
1408, 1503
1416, 1503
1402, 1503
871, 1503
1443, 1503
1405, 1503
1068, 1503
1361, 1503
1410, 1503
791, 1503
1404, 1503
1411, 1503
1415, 1503
1458, 1503
1408, 1503
1489, 1503
1109, 1503
949, 1503
1427, 1503
1402, 1503
996, 1503
1431, 1503
840, 1503
734, 1503
1425, 1503
911, 1503
1464, 1503
1435, 1503
1398, 1503
1400, 1503
829, 1503
1423, 1503
1450, 1503
1120, 1503
794, 1503
1410, 1503
905, 1503
911, 1503
1403, 1503
1417, 1503
1039, 1503
1404, 1503
1441, 1503
1401, 1503
1405, 1503
1413, 1503
812, 1503
1134, 1503
1400, 1503
1400, 1503
1154, 1503
1407, 1503
1439, 1503
1081, 1503
1442, 1503
1403, 1503
877, 1503
1423, 1503
1405, 1503
1409, 1503
1465, 1503
1439, 1503
1402, 1503
1432, 1503
1426, 1503
1401, 1503
1451, 1503
1400, 1503
1406, 1503
1433, 1503
1401, 1503
760, 1503
1487, 1503
1468, 1503
1170, 1503
1401, 1503
1416, 1503
1431, 1503
1403, 1503
