#Algorithm: ExpectedSARSA, Speed: 1, Boost: 4, PM: False, Env size: (100, 100), Car size: (25, 20),
#Counter: 10000000, Nsteps: 10000000, Gamma: 1, LearnRate: 0.01, Eps: 0.5, Epsdecay: 0.9
#hybrid obtained by hybrid with big env (LOW SPEED)
35, 35
1, 35
11, 35
4, 35
18, 35
11, 35
11, 35
7, 35
41, 41
9, 41
12, 41
22, 41
39, 41
7, 41
19, 41
8, 41
11, 41
5, 41
35, 41
43, 43
70, 70
12, 70
3, 70
17, 70
16, 70
29, 70
37, 70
27, 70
12, 70
14, 70
8, 70
11, 70
28, 70
11, 70
37, 70
18, 70
38, 70
24, 70
28, 70
36, 70
12, 70
22, 70
45, 70
6, 70
14, 70
25, 70
16, 70
15, 70
45, 70
4, 70
2, 70
15, 70
27, 70
19, 70
12, 70
23, 70
5, 70
6, 70
53, 70
13, 70
20, 70
26, 70
23, 70
7, 70
54, 70
7, 70
15, 70
12, 70
16, 70
9, 70
25, 70
21, 70
21, 70
5, 70
22, 70
27, 70
32, 70
6, 70
19, 70
10, 70
23, 70
6, 70
41, 70
40, 70
10, 70
26, 70
33, 70
42, 70
79, 79
38, 79
6, 79
11, 79
9, 79
12, 79
10, 79
8, 79
16, 79
29, 79
58, 79
18, 79
30, 79
25, 79
8, 79
7, 79
23, 79
23, 79
13, 79
13, 79
11, 79
18, 79
8, 79
6, 79
18, 79
12, 79
8, 79
7, 79
12, 79
18, 79
23, 79
7, 79
18, 79
15, 79
3, 79
16, 79
4, 79
2, 79
4, 79
26, 79
68, 79
34, 79
30, 79
29, 79
13, 79
33, 79
31, 79
52, 79
29, 79
31, 79
40, 79
58, 79
6, 79
45, 79
3, 79
19, 79
12, 79
23, 79
8, 79
9, 79
8, 79
15, 79
22, 79
7, 79
18, 79
15, 79
3, 79
10, 79
21, 79
44, 79
12, 79
43, 79
13, 79
4, 79
49, 79
16, 79
30, 79
13, 79
4, 79
15, 79
25, 79
9, 79
7, 79
8, 79
25, 79
21, 79
9, 79
43, 79
20, 79
15, 79
28, 79
16, 79
8, 79
4, 79
7, 79
10, 79
6, 79
5, 79
7, 79
17, 79
32, 79
5, 79
5, 79
3, 79
21, 79
4, 79
47, 79
40, 79
7, 79
14, 79
10, 79
66, 79
9, 79
47, 79
30, 79
6, 79
22, 79
31, 79
8, 79
13, 79
31, 79
6, 79
20, 79
25, 79
10, 79
11, 79
24, 79
14, 79
17, 79
10, 79
35, 79
12, 79
6, 79
32, 79
30, 79
28, 79
20, 79
3, 79
31, 79
9, 79
10, 79
13, 79
28, 79
5, 79
21, 79
15, 79
61, 79
3, 79
10, 79
10, 79
11, 79
12, 79
9, 79
20, 79
41, 79
3, 79
9, 79
23, 79
13, 79
21, 79
23, 79
5, 79
43, 79
41, 79
5, 79
32, 79
12, 79
23, 79
21, 79
39, 79
10, 79
80, 80
19, 80
3, 80
198, 198
11, 198
29, 198
36, 198
23, 198
19, 198
6, 198
2, 198
10, 198
7, 198
21, 198
28, 198
32, 198
9, 198
6, 198
2, 198
81, 198
26, 198
7, 198
3, 198
12, 198
13, 198
14, 198
9, 198
10, 198
32, 198
3, 198
7, 198
2, 198
13, 198
10, 198
12, 198
12, 198
13, 198
26, 198
24, 198
17, 198
15, 198
12, 198
11, 198
7, 198
5, 198
17, 198
19, 198
4, 198
14, 198
14, 198
12, 198
9, 198
10, 198
14, 198
11, 198
20, 198
9, 198
9, 198
15, 198
12, 198
16, 198
2, 198
11, 198
20, 198
5, 198
17, 198
10, 198
10, 198
5, 198
23, 198
11, 198
5, 198
16, 198
11, 198
18, 198
16, 198
23, 198
8, 198
4, 198
16, 198
5, 198
12, 198
54, 198
19, 198
19, 198
26, 198
8, 198
4, 198
7, 198
58, 198
30, 198
22, 198
5, 198
85, 198
19, 198
9, 198
21, 198
19, 198
11, 198
4, 198
19, 198
9, 198
18, 198
14, 198
6, 198
17, 198
28, 198
33, 198
16, 198
20, 198
9, 198
34, 198
26, 198
17, 198
24, 198
14, 198
15, 198
21, 198
35, 198
8, 198
13, 198
9, 198
14, 198
22, 198
15, 198
7, 198
4, 198
22, 198
16, 198
12, 198
11, 198
5, 198
25, 198
15, 198
37, 198
4, 198
25, 198
37, 198
3, 198
25, 198
48, 198
16, 198
46, 198
12, 198
2, 198
61, 198
9, 198
8, 198
5, 198
40, 198
3, 198
34, 198
32, 198
19, 198
8, 198
2, 198
29, 198
4, 198
48, 198
34, 198
5, 198
14, 198
3, 198
27, 198
37, 198
9, 198
4, 198
53, 198
13, 198
7, 198
7, 198
5, 198
64, 198
3, 198
46, 198
14, 198
12, 198
24, 198
6, 198
35, 198
2, 198
42, 198
40, 198
15, 198
7, 198
29, 198
13, 198
27, 198
7, 198
79, 198
29, 198
7, 198
12, 198
54, 198
101, 198
16, 198
5, 198
16, 198
4, 198
24, 198
20, 198
13, 198
31, 198
102, 198
31, 198
32, 198
15, 198
15, 198
6, 198
21, 198
11, 198
5, 198
6, 198
11, 198
10, 198
20, 198
18, 198
12, 198
6, 198
14, 198
35, 198
4, 198
16, 198
25, 198
15, 198
4, 198
37, 198
19, 198
5, 198
24, 198
3, 198
14, 198
6, 198
2, 198
24, 198
9, 198
14, 198
16, 198
36, 198
26, 198
10, 198
17, 198
14, 198
37, 198
6, 198
32, 198
13, 198
10, 198
23, 198
18, 198
8, 198
4, 198
7, 198
29, 198
6, 198
10, 198
25, 198
40, 198
13, 198
64, 198
24, 198
29, 198
21, 198
27, 198
15, 198
18, 198
31, 198
10, 198
10, 198
15, 198
13, 198
13, 198
38, 198
14, 198
24, 198
15, 198
7, 198
9, 198
4, 198
16, 198
8, 198
31, 198
20, 198
37, 198
10, 198
39, 198
17, 198
23, 198
13, 198
21, 198
5, 198
3, 198
26, 198
33, 198
44, 198
11, 198
20, 198
28, 198
36, 198
6, 198
13, 198
4, 198
21, 198
12, 198
9, 198
9, 198
7, 198
56, 198
146, 198
16, 198
20, 198
25, 198
7, 198
25, 198
15, 198
12, 198
81, 198
6, 198
54, 198
20, 198
18, 198
12, 198
29, 198
6, 198
6, 198
4, 198
5, 198
13, 198
13, 198
30, 198
62, 198
14, 198
5, 198
8, 198
36, 198
19, 198
11, 198
30, 198
12, 198
20, 198
72, 198
7, 198
16, 198
40, 198
8, 198
24, 198
31, 198
32, 198
27, 198
5, 198
28, 198
16, 198
13, 198
11, 198
46, 198
4, 198
7, 198
14, 198
6, 198
24, 198
12, 198
10, 198
9, 198
61, 198
46, 198
17, 198
6, 198
14, 198
10, 198
51, 198
16, 198
20, 198
6, 198
11, 198
5, 198
20, 198
23, 198
18, 198
8, 198
35, 198
14, 198
79, 198
24, 198
14, 198
5, 198
13, 198
39, 198
15, 198
12, 198
9, 198
14, 198
59, 198
25, 198
5, 198
8, 198
47, 198
16, 198
6, 198
18, 198
10, 198
25, 198
28, 198
18, 198
9, 198
25, 198
37, 198
11, 198
35, 198
65, 198
27, 198
21, 198
8, 198
21, 198
5, 198
45, 198
4, 198
52, 198
62, 198
6, 198
20, 198
17, 198
4, 198
6, 198
6, 198
5, 198
12, 198
8, 198
15, 198
7, 198
28, 198
6, 198
41, 198
19, 198
7, 198
18, 198
13, 198
27, 198
12, 198
8, 198
32, 198
5, 198
5, 198
28, 198
15, 198
21, 198
8, 198
5, 198
21, 198
61, 198
12, 198
30, 198
5, 198
11, 198
43, 198
15, 198
8, 198
9, 198
7, 198
56, 198
2, 198
9, 198
4, 198
5, 198
19, 198
24, 198
6, 198
3, 198
8, 198
19, 198
11, 198
5, 198
10, 198
6, 198
42, 198
14, 198
6, 198
21, 198
22, 198
7, 198
19, 198
10, 198
18, 198
43, 198
23, 198
44, 198
3, 198
15, 198
69, 198
9, 198
33, 198
11, 198
19, 198
7, 198
45, 198
13, 198
26, 198
5, 198
17, 198
4, 198
4, 198
9, 198
7, 198
14, 198
10, 198
27, 198
8, 198
14, 198
9, 198
12, 198
17, 198
60, 198
12, 198
6, 198
42, 198
2, 198
16, 198
13, 198
3, 198
10, 198
19, 198
9, 198
10, 198
9, 198
48, 198
24, 198
36, 198
5, 198
8, 198
40, 198
13, 198
27, 198
8, 198
28, 198
15, 198
15, 198
25, 198
20, 198
39, 198
9, 198
12, 198
16, 198
54, 198
3, 198
41, 198
26, 198
4, 198
17, 198
25, 198
5, 198
4, 198
62, 198
29, 198
28, 198
44, 198
4, 198
3, 198
32, 198
4, 198
49, 198
29, 198
16, 198
7, 198
30, 198
7, 198
55, 198
2, 198
8, 198
11, 198
19, 198
50, 198
3, 198
12, 198
7, 198
9, 198
17, 198
15, 198
32, 198
11, 198
38, 198
19, 198
20, 198
23, 198
29, 198
35, 198
15, 198
12, 198
35, 198
10, 198
9, 198
8, 198
33, 198
9, 198
8, 198
25, 198
3, 198
31, 198
8, 198
38, 198
15, 198
15, 198
11, 198
14, 198
9, 198
5, 198
16, 198
12, 198
15, 198
8, 198
4, 198
12, 198
33, 198
11, 198
5, 198
3, 198
7, 198
13, 198
10, 198
19, 198
33, 198
41, 198
2, 198
6, 198
8, 198
31, 198
11, 198
24, 198
3, 198
24, 198
9, 198
6, 198
24, 198
21, 198
9, 198
19, 198
3, 198
20, 198
41, 198
43, 198
29, 198
10, 198
20, 198
40, 198
19, 198
29, 198
5, 198
13, 198
40, 198
4, 198
18, 198
21, 198
13, 198
8, 198
21, 198
24, 198
19, 198
9, 198
1, 198
10, 198
21, 198
12, 198
8, 198
24, 198
5, 198
6, 198
6, 198
6, 198
10, 198
10, 198
4, 198
12, 198
118, 198
72, 198
21, 198
23, 198
2, 198
28, 198
3, 198
11, 198
4, 198
51, 198
4, 198
20, 198
4, 198
43, 198
16, 198
12, 198
10, 198
5, 198
21, 198
4, 198
15, 198
5, 198
9, 198
21, 198
6, 198
12, 198
19, 198
57, 198
37, 198
4, 198
10, 198
29, 198
21, 198
17, 198
4, 198
15, 198
12, 198
34, 198
1, 198
43, 198
17, 198
6, 198
1, 198
10, 198
48, 198
7, 198
14, 198
25, 198
8, 198
3, 198
14, 198
19, 198
87, 198
15, 198
8, 198
4, 198
12, 198
16, 198
24, 198
36, 198
13, 198
12, 198
27, 198
5, 198
10, 198
6, 198
5, 198
16, 198
7, 198
4, 198
22, 198
27, 198
6, 198
57, 198
19, 198
19, 198
14, 198
19, 198
39, 198
1, 198
27, 198
24, 198
28, 198
11, 198
13, 198
39, 198
19, 198
14, 198
20, 198
29, 198
5, 198
17, 198
33, 198
53, 198
6, 198
10, 198
10, 198
9, 198
9, 198
7, 198
90, 198
24, 198
7, 198
7, 198
6, 198
70, 198
8, 198
29, 198
7, 198
7, 198
20, 198
31, 198
35, 198
28, 198
6, 198
63, 198
7, 198
2, 198
11, 198
12, 198
5, 198
18, 198
45, 198
22, 198
7, 198
28, 198
14, 198
20, 198
7, 198
6, 198
3, 198
3, 198
34, 198
8, 198
2, 198
37, 198
14, 198
9, 198
2, 198
20, 198
24, 198
19, 198
35, 198
88, 198
54, 198
16, 198
7, 198
43, 198
6, 198
23, 198
56, 198
47, 198
11, 198
12, 198
10, 198
47, 198
16, 198
6, 198
4, 198
9, 198
22, 198
17, 198
31, 198
14, 198
20, 198
16, 198
22, 198
52, 198
23, 198
2, 198
47, 198
13, 198
26, 198
18, 198
25, 198
18, 198
19, 198
43, 198
11, 198
24, 198
39, 198
15, 198
8, 198
8, 198
27, 198
27, 198
49, 198
10, 198
30, 198
4, 198
23, 198
47, 198
25, 198
52, 198
41, 198
7, 198
6, 198
13, 198
8, 198
5, 198
20, 198
6, 198
23, 198
5, 198
72, 198
10, 198
11, 198
7, 198
17, 198
22, 198
4, 198
10, 198
16, 198
4, 198
31, 198
10, 198
30, 198
12, 198
17, 198
1, 198
4, 198
22, 198
4, 198
27, 198
16, 198
43, 198
13, 198
15, 198
10, 198
15, 198
6, 198
13, 198
5, 198
14, 198
8, 198
7, 198
27, 198
44, 198
20, 198
11, 198
5, 198
33, 198
7, 198
27, 198
3, 198
47, 198
14, 198
15, 198
9, 198
16, 198
7, 198
27, 198
25, 198
16, 198
42, 198
65, 198
8, 198
6, 198
9, 198
17, 198
22, 198
27, 198
8, 198
3, 198
5, 198
8, 198
7, 198
20, 198
14, 198
24, 198
8, 198
19, 198
5, 198
24, 198
34, 198
13, 198
3, 198
3, 198
22, 198
14, 198
9, 198
5, 198
21, 198
5, 198
12, 198
17, 198
10, 198
1, 198
3, 198
46, 198
53, 198
25, 198
6, 198
8, 198
47, 198
32, 198
8, 198
15, 198
34, 198
6, 198
76, 198
10, 198
22, 198
25, 198
33, 198
18, 198
13, 198
14, 198
16, 198
29, 198
6, 198
6, 198
20, 198
15, 198
13, 198
48, 198
6, 198
8, 198
10, 198
24, 198
4, 198
6, 198
71, 198
65, 198
24, 198
70, 198
5, 198
6, 198
2, 198
19, 198
23, 198
9, 198
19, 198
19, 198
25, 198
19, 198
31, 198
4, 198
29, 198
5, 198
7, 198
39, 198
22, 198
47, 198
27, 198
8, 198
72, 198
4, 198
51, 198
14, 198
16, 198
29, 198
14, 198
5, 198
12, 198
42, 198
26, 198
19, 198
5, 198
12, 198
15, 198
13, 198
27, 198
6, 198
30, 198
10, 198
27, 198
52, 198
14, 198
21, 198
13, 198
55, 198
14, 198
29, 198
19, 198
20, 198
17, 198
10, 198
18, 198
18, 198
10, 198
5, 198
20, 198
6, 198
36, 198
11, 198
8, 198
3, 198
5, 198
10, 198
20, 198
21, 198
10, 198
5, 198
15, 198
29, 198
67, 198
12, 198
17, 198
31, 198
63, 198
27, 198
18, 198
27, 198
15, 198
12, 198
38, 198
38, 198
18, 198
5, 198
40, 198
17, 198
109, 198
9, 198
25, 198
3, 198
7, 198
18, 198
7, 198
16, 198
13, 198
59, 198
8, 198
5, 198
21, 198
5, 198
30, 198
30, 198
10, 198
6, 198
21, 198
42, 198
17, 198
28, 198
42, 198
103, 198
7, 198
52, 198
11, 198
16, 198
14, 198
15, 198
52, 198
29, 198
10, 198
8, 198
19, 198
10, 198
21, 198
9, 198
46, 198
6, 198
35, 198
7, 198
11, 198
12, 198
20, 198
36, 198
5, 198
25, 198
30, 198
20, 198
1, 198
50, 198
22, 198
5, 198
8, 198
7, 198
23, 198
29, 198
48, 198
9, 198
11, 198
17, 198
18, 198
21, 198
34, 198
6, 198
5, 198
30, 198
7, 198
49, 198
7, 198
7, 198
12, 198
6, 198
27, 198
10, 198
10, 198
14, 198
16, 198
8, 198
9, 198
31, 198
34, 198
34, 198
33, 198
7, 198
35, 198
19, 198
21, 198
8, 198
9, 198
6, 198
81, 198
2, 198
7, 198
12, 198
40, 198
17, 198
15, 198
15, 198
31, 198
13, 198
5, 198
6, 198
24, 198
4, 198
32, 198
35, 198
19, 198
58, 198
8, 198
27, 198
5, 198
4, 198
36, 198
6, 198
19, 198
20, 198
10, 198
12, 198
4, 198
11, 198
5, 198
7, 198
20, 198
17, 198
14, 198
33, 198
24, 198
3, 198
17, 198
34, 198
23, 198
4, 198
26, 198
13, 198
26, 198
9, 198
32, 198
45, 198
11, 198
28, 198
4, 198
19, 198
4, 198
11, 198
4, 198
19, 198
2, 198
13, 198
15, 198
10, 198
19, 198
18, 198
27, 198
7, 198
11, 198
13, 198
9, 198
28, 198
3, 198
17, 198
10, 198
34, 198
15, 198
66, 198
20, 198
7, 198
14, 198
15, 198
13, 198
55, 198
11, 198
15, 198
44, 198
50, 198
8, 198
4, 198
17, 198
15, 198
51, 198
13, 198
38, 198
9, 198
14, 198
8, 198
8, 198
14, 198
38, 198
51, 198
9, 198
24, 198
4, 198
65, 198
30, 198
23, 198
15, 198
22, 198
2, 198
8, 198
18, 198
13, 198
13, 198
27, 198
24, 198
12, 198
12, 198
30, 198
27, 198
30, 198
19, 198
36, 198
7, 198
23, 198
5, 198
36, 198
53, 198
7, 198
4, 198
12, 198
9, 198
30, 198
7, 198
4, 198
9, 198
21, 198
18, 198
8, 198
13, 198
43, 198
7, 198
16, 198
18, 198
8, 198
13, 198
8, 198
13, 198
14, 198
24, 198
8, 198
6, 198
7, 198
12, 198
12, 198
24, 198
42, 198
6, 198
38, 198
10, 198
8, 198
5, 198
11, 198
28, 198
7, 198
14, 198
28, 198
11, 198
5, 198
7, 198
12, 198
7, 198
14, 198
58, 198
18, 198
20, 198
7, 198
39, 198
25, 198
11, 198
16, 198
7, 198
22, 198
5, 198
52, 198
13, 198
34, 198
21, 198
20, 198
34, 198
11, 198
41, 198
10, 198
14, 198
10, 198
14, 198
72, 198
19, 198
9, 198
17, 198
29, 198
69, 198
15, 198
42, 198
31, 198
5, 198
44, 198
23, 198
10, 198
3, 198
18, 198
114, 198
26, 198
14, 198
4, 198
13, 198
10, 198
12, 198
9, 198
69, 198
5, 198
78, 198
27, 198
5, 198
20, 198
10, 198
1, 198
19, 198
6, 198
4, 198
7, 198
75, 198
12, 198
27, 198
5, 198
21, 198
8, 198
11, 198
10, 198
48, 198
31, 198
40, 198
5, 198
10, 198
6, 198
6, 198
7, 198
4, 198
13, 198
20, 198
7, 198
5, 198
25, 198
72, 198
34, 198
25, 198
15, 198
8, 198
7, 198
79, 198
3, 198
89, 198
16, 198
34, 198
30, 198
6, 198
12, 198
65, 198
11, 198
44, 198
11, 198
19, 198
6, 198
9, 198
17, 198
10, 198
80, 198
24, 198
27, 198
7, 198
10, 198
13, 198
7, 198
28, 198
30, 198
28, 198
4, 198
4, 198
26, 198
24, 198
6, 198
46, 198
6, 198
13, 198
47, 198
17, 198
24, 198
6, 198
21, 198
25, 198
10, 198
59, 198
18, 198
61, 198
30, 198
30, 198
9, 198
10, 198
48, 198
17, 198
13, 198
11, 198
31, 198
19, 198
7, 198
16, 198
7, 198
14, 198
8, 198
31, 198
2, 198
16, 198
9, 198
4, 198
41, 198
10, 198
12, 198
4, 198
4, 198
8, 198
23, 198
10, 198
20, 198
13, 198
4, 198
5, 198
30, 198
9, 198
6, 198
47, 198
42, 198
29, 198
29, 198
24, 198
17, 198
9, 198
7, 198
7, 198
18, 198
31, 198
24, 198
7, 198
16, 198
13, 198
16, 198
25, 198
5, 198
64, 198
22, 198
97, 198
49, 198
9, 198
14, 198
35, 198
11, 198
34, 198
6, 198
26, 198
9, 198
5, 198
13, 198
16, 198
32, 198
12, 198
25, 198
10, 198
12, 198
19, 198
11, 198
17, 198
46, 198
16, 198
55, 198
24, 198
18, 198
14, 198
17, 198
9, 198
8, 198
3, 198
12, 198
17, 198
7, 198
13, 198
28, 198
95, 198
15, 198
23, 198
15, 198
25, 198
18, 198
20, 198
29, 198
15, 198
30, 198
8, 198
48, 198
17, 198
8, 198
12, 198
39, 198
16, 198
9, 198
18, 198
37, 198
12, 198
25, 198
12, 198
42, 198
20, 198
15, 198
57, 198
5, 198
26, 198
14, 198
14, 198
8, 198
51, 198
91, 198
8, 198
3, 198
22, 198
28, 198
35, 198
13, 198
11, 198
9, 198
33, 198
28, 198
13, 198
1, 198
5, 198
11, 198
11, 198
9, 198
21, 198
21, 198
8, 198
18, 198
2, 198
14, 198
17, 198
14, 198
63, 198
41, 198
7, 198
34, 198
19, 198
61, 198
39, 198
3, 198
11, 198
6, 198
13, 198
25, 198
52, 198
38, 198
16, 198
22, 198
14, 198
26, 198
16, 198
18, 198
6, 198
6, 198
14, 198
18, 198
33, 198
11, 198
51, 198
13, 198
15, 198
6, 198
26, 198
37, 198
8, 198
7, 198
32, 198
3, 198
25, 198
38, 198
64, 198
33, 198
6, 198
22, 198
11, 198
4, 198
17, 198
13, 198
35, 198
12, 198
17, 198
19, 198
7, 198
7, 198
24, 198
11, 198
10, 198
7, 198
78, 198
40, 198
14, 198
10, 198
21, 198
63, 198
8, 198
23, 198
14, 198
76, 198
28, 198
24, 198
18, 198
31, 198
15, 198
2, 198
19, 198
7, 198
5, 198
15, 198
21, 198
7, 198
18, 198
70, 198
3, 198
7, 198
4, 198
35, 198
16, 198
13, 198
15, 198
12, 198
26, 198
5, 198
27, 198
8, 198
18, 198
5, 198
9, 198
11, 198
63, 198
46, 198
4, 198
41, 198
31, 198
10, 198
18, 198
9, 198
2, 198
15, 198
7, 198
16, 198
4, 198
14, 198
19, 198
36, 198
7, 198
20, 198
62, 198
42, 198
7, 198
22, 198
20, 198
7, 198
33, 198
9, 198
13, 198
19, 198
8, 198
9, 198
11, 198
5, 198
40, 198
32, 198
12, 198
15, 198
8, 198
18, 198
3, 198
35, 198
2, 198
42, 198
14, 198
9, 198
14, 198
11, 198
51, 198
16, 198
7, 198
9, 198
5, 198
15, 198
19, 198
51, 198
15, 198
22, 198
47, 198
48, 198
52, 198
26, 198
3, 198
13, 198
28, 198
17, 198
20, 198
13, 198
6, 198
24, 198
9, 198
20, 198
86, 198
18, 198
43, 198
25, 198
22, 198
32, 198
4, 198
50, 198
33, 198
44, 198
22, 198
18, 198
5, 198
8, 198
7, 198
5, 198
10, 198
36, 198
9, 198
39, 198
4, 198
20, 198
32, 198
17, 198
11, 198
2, 198
24, 198
15, 198
26, 198
78, 198
18, 198
7, 198
5, 198
110, 198
13, 198
33, 198
6, 198
6, 198
10, 198
1, 198
21, 198
17, 198
32, 198
7, 198
7, 198
33, 198
16, 198
10, 198
9, 198
7, 198
4, 198
5, 198
12, 198
14, 198
14, 198
3, 198
6, 198
38, 198
68, 198
19, 198
3, 198
12, 198
3, 198
20, 198
18, 198
15, 198
4, 198
13, 198
39, 198
12, 198
27, 198
19, 198
21, 198
8, 198
44, 198
11, 198
29, 198
12, 198
4, 198
29, 198
41, 198
5, 198
4, 198
18, 198
37, 198
17, 198
19, 198
5, 198
43, 198
6, 198
23, 198
32, 198
24, 198
4, 198
9, 198
17, 198
5, 198
23, 198
20, 198
5, 198
43, 198
12, 198
23, 198
24, 198
27, 198
61, 198
15, 198
22, 198
27, 198
30, 198
15, 198
37, 198
5, 198
6, 198
17, 198
15, 198
4, 198
23, 198
8, 198
19, 198
18, 198
7, 198
82, 198
22, 198
24, 198
61, 198
16, 198
4, 198
18, 198
9, 198
14, 198
19, 198
36, 198
37, 198
54, 198
11, 198
12, 198
4, 198
23, 198
13, 198
8, 198
49, 198
22, 198
5, 198
5, 198
16, 198
19, 198
5, 198
21, 198
5, 198
3, 198
7, 198
11, 198
6, 198
39, 198
19, 198
23, 198
30, 198
19, 198
29, 198
21, 198
12, 198
1, 198
4, 198
21, 198
39, 198
10, 198
42, 198
17, 198
29, 198
7, 198
5, 198
9, 198
24, 198
6, 198
14, 198
8, 198
24, 198
67, 198
43, 198
5, 198
11, 198
19, 198
32, 198
16, 198
15, 198
18, 198
23, 198
79, 198
52, 198
48, 198
7, 198
21, 198
6, 198
12, 198
59, 198
25, 198
42, 198
14, 198
24, 198
10, 198
33, 198
3, 198
37, 198
11, 198
19, 198
4, 198
6, 198
12, 198
9, 198
8, 198
4, 198
28, 198
16, 198
14, 198
23, 198
34, 198
17, 198
3, 198
13, 198
65, 198
23, 198
42, 198
61, 198
20, 198
4, 198
26, 198
16, 198
52, 198
3, 198
4, 198
20, 198
15, 198
22, 198
20, 198
22, 198
15, 198
9, 198
12, 198
17, 198
11, 198
11, 198
56, 198
10, 198
18, 198
7, 198
6, 198
77, 198
26, 198
35, 198
22, 198
31, 198
3, 198
32, 198
16, 198
10, 198
9, 198
10, 198
6, 198
20, 198
13, 198
8, 198
41, 198
24, 198
28, 198
5, 198
2, 198
58, 198
10, 198
7, 198
15, 198
19, 198
6, 198
57, 198
33, 198
7, 198
15, 198
6, 198
15, 198
13, 198
6, 198
61, 198
19, 198
7, 198
17, 198
3, 198
57, 198
12, 198
17, 198
11, 198
90, 198
21, 198
22, 198
16, 198
20, 198
19, 198
47, 198
3, 198
6, 198
13, 198
50, 198
4, 198
33, 198
9, 198
27, 198
6, 198
9, 198
12, 198
74, 198
3, 198
55, 198
8, 198
9, 198
24, 198
5, 198
9, 198
5, 198
16, 198
3, 198
15, 198
19, 198
6, 198
2, 198
7, 198
29, 198
20, 198
5, 198
11, 198
13, 198
10, 198
4, 198
6, 198
14, 198
13, 198
31, 198
27, 198
23, 198
8, 198
152, 198
39, 198
16, 198
35, 198
15, 198
30, 198
9, 198
12, 198
13, 198
2, 198
23, 198
26, 198
26, 198
36, 198
43, 198
12, 198
12, 198
12, 198
10, 198
19, 198
2, 198
36, 198
26, 198
45, 198
6, 198
27, 198
21, 198
54, 198
19, 198
14, 198
15, 198
9, 198
8, 198
32, 198
19, 198
10, 198
3, 198
19, 198
8, 198
4, 198
11, 198
14, 198
25, 198
27, 198
1, 198
7, 198
17, 198
16, 198
33, 198
21, 198
11, 198
38, 198
2, 198
9, 198
16, 198
4, 198
25, 198
25, 198
29, 198
3, 198
3, 198
8, 198
29, 198
54, 198
21, 198
7, 198
21, 198
33, 198
11, 198
2, 198
6, 198
19, 198
17, 198
9, 198
7, 198
19, 198
21, 198
3, 198
24, 198
11, 198
7, 198
10, 198
14, 198
5, 198
16, 198
7, 198
59, 198
9, 198
15, 198
4, 198
8, 198
79, 198
12, 198
10, 198
34, 198
8, 198
10, 198
16, 198
10, 198
26, 198
24, 198
3, 198
13, 198
79, 198
20, 198
12, 198
25, 198
22, 198
91, 198
24, 198
8, 198
50, 198
32, 198
29, 198
15, 198
14, 198
3, 198
28, 198
7, 198
26, 198
30, 198
11, 198
8, 198
23, 198
24, 198
12, 198
11, 198
14, 198
26, 198
22, 198
11, 198
33, 198
4, 198
41, 198
17, 198
7, 198
23, 198
6, 198
31, 198
13, 198
55, 198
22, 198
19, 198
5, 198
12, 198
13, 198
5, 198
36, 198
43, 198
11, 198
22, 198
5, 198
2, 198
10, 198
27, 198
33, 198
9, 198
25, 198
31, 198
22, 198
24, 198
30, 198
41, 198
26, 198
9, 198
39, 198
5, 198
11, 198
16, 198
15, 198
24, 198
65, 198
26, 198
4, 198
14, 198
5, 198
21, 198
46, 198
6, 198
9, 198
28, 198
23, 198
64, 198
19, 198
14, 198
4, 198
8, 198
4, 198
13, 198
20, 198
34, 198
8, 198
6, 198
96, 198
43, 198
46, 198
6, 198
11, 198
5, 198
5, 198
39, 198
27, 198
3, 198
14, 198
40, 198
20, 198
7, 198
23, 198
8, 198
9, 198
13, 198
17, 198
30, 198
15, 198
47, 198
12, 198
18, 198
37, 198
18, 198
16, 198
65, 198
9, 198
47, 198
62, 198
32, 198
31, 198
31, 198
16, 198
17, 198
6, 198
10, 198
5, 198
44, 198
50, 198
22, 198
11, 198
30, 198
4, 198
3, 198
14, 198
99, 198
136, 198
40, 198
15, 198
4, 198
3, 198
11, 198
26, 198
11, 198
35, 198
32, 198
19, 198
25, 198
25, 198
7, 198
4, 198
17, 198
13, 198
23, 198
46, 198
5, 198
68, 198
10, 198
8, 198
48, 198
14, 198
84, 198
72, 198
5, 198
12, 198
27, 198
16, 198
12, 198
8, 198
48, 198
27, 198
14, 198
43, 198
4, 198
60, 198
16, 198
20, 198
12, 198
4, 198
21, 198
4, 198
8, 198
76, 198
19, 198
15, 198
3, 198
14, 198
25, 198
9, 198
12, 198
13, 198
10, 198
10, 198
27, 198
23, 198
8, 198
9, 198
13, 198
50, 198
13, 198
19, 198
42, 198
30, 198
18, 198
66, 198
11, 198
26, 198
69, 198
5, 198
24, 198
3, 198
52, 198
9, 198
3, 198
16, 198
28, 198
10, 198
14, 198
16, 198
25, 198
35, 198
6, 198
32, 198
4, 198
3, 198
40, 198
23, 198
29, 198
41, 198
15, 198
12, 198
25, 198
21, 198
31, 198
8, 198
40, 198
12, 198
22, 198
7, 198
29, 198
16, 198
20, 198
42, 198
10, 198
24, 198
13, 198
22, 198
20, 198
8, 198
12, 198
21, 198
16, 198
18, 198
18, 198
23, 198
2, 198
8, 198
4, 198
47, 198
15, 198
6, 198
18, 198
31, 198
8, 198
9, 198
35, 198
50, 198
16, 198
16, 198
32, 198
26, 198
19, 198
9, 198
3, 198
13, 198
22, 198
14, 198
2, 198
6, 198
36, 198
14, 198
18, 198
7, 198
38, 198
10, 198
58, 198
5, 198
7, 198
15, 198
15, 198
27, 198
10, 198
46, 198
4, 198
13, 198
6, 198
3, 198
14, 198
8, 198
20, 198
17, 198
13, 198
16, 198
24, 198
71, 198
36, 198
9, 198
29, 198
22, 198
10, 198
21, 198
13, 198
40, 198
15, 198
10, 198
7, 198
8, 198
16, 198
76, 198
2, 198
3, 198
29, 198
10, 198
28, 198
17, 198
6, 198
5, 198
6, 198
12, 198
17, 198
20, 198
33, 198
6, 198
69, 198
19, 198
18, 198
4, 198
9, 198
47, 198
43, 198
6, 198
63, 198
12, 198
13, 198
8, 198
15, 198
6, 198
8, 198
27, 198
23, 198
5, 198
21, 198
5, 198
39, 198
4, 198
40, 198
40, 198
15, 198
36, 198
8, 198
16, 198
7, 198
29, 198
22, 198
18, 198
14, 198
11, 198
16, 198
45, 198
15, 198
30, 198
6, 198
7, 198
13, 198
15, 198
10, 198
8, 198
36, 198
55, 198
37, 198
41, 198
32, 198
29, 198
8, 198
3, 198
26, 198
7, 198
13, 198
14, 198
41, 198
7, 198
31, 198
37, 198
8, 198
28, 198
48, 198
14, 198
16, 198
15, 198
33, 198
19, 198
57, 198
13, 198
22, 198
6, 198
20, 198
6, 198
20, 198
11, 198
35, 198
5, 198
17, 198
61, 198
16, 198
30, 198
9, 198
33, 198
13, 198
28, 198
18, 198
2, 198
54, 198
10, 198
11, 198
3, 198
32, 198
37, 198
11, 198
25, 198
11, 198
12, 198
9, 198
14, 198
21, 198
13, 198
30, 198
15, 198
1, 198
14, 198
25, 198
16, 198
10, 198
15, 198
33, 198
3, 198
1, 198
9, 198
35, 198
8, 198
26, 198
12, 198
18, 198
11, 198
37, 198
4, 198
29, 198
3, 198
13, 198
12, 198
5, 198
26, 198
13, 198
14, 198
18, 198
2, 198
30, 198
11, 198
6, 198
10, 198
9, 198
3, 198
8, 198
9, 198
8, 198
6, 198
11, 198
4, 198
28, 198
24, 198
3, 198
8, 198
62, 198
12, 198
10, 198
6, 198
20, 198
12, 198
15, 198
11, 198
28, 198
22, 198
21, 198
9, 198
5, 198
15, 198
30, 198
13, 198
22, 198
29, 198
5, 198
19, 198
11, 198
20, 198
12, 198
4, 198
15, 198
8, 198
10, 198
10, 198
3, 198
23, 198
37, 198
13, 198
20, 198
19, 198
3, 198
44, 198
9, 198
11, 198
53, 198
13, 198
29, 198
7, 198
19, 198
9, 198
7, 198
7, 198
7, 198
10, 198
28, 198
7, 198
11, 198
13, 198
7, 198
61, 198
18, 198
10, 198
7, 198
15, 198
13, 198
13, 198
18, 198
39, 198
10, 198
21, 198
27, 198
8, 198
26, 198
37, 198
38, 198
6, 198
9, 198
16, 198
33, 198
10, 198
53, 198
39, 198
21, 198
52, 198
45, 198
25, 198
22, 198
25, 198
7, 198
15, 198
52, 198
28, 198
28, 198
28, 198
10, 198
22, 198
14, 198
24, 198
11, 198
15, 198
20, 198
34, 198
14, 198
57, 198
5, 198
3, 198
8, 198
4, 198
15, 198
17, 198
13, 198
17, 198
47, 198
6, 198
32, 198
12, 198
18, 198
13, 198
16, 198
13, 198
19, 198
9, 198
14, 198
17, 198
16, 198
6, 198
2, 198
13, 198
34, 198
18, 198
13, 198
19, 198
10, 198
77, 198
17, 198
21, 198
9, 198
2, 198
21, 198
7, 198
18, 198
1, 198
6, 198
28, 198
5, 198
31, 198
14, 198
30, 198
31, 198
4, 198
20, 198
5, 198
9, 198
14, 198
9, 198
6, 198
11, 198
24, 198
51, 198
25, 198
6, 198
9, 198
24, 198
27, 198
6, 198
12, 198
34, 198
17, 198
31, 198
18, 198
23, 198
4, 198
9, 198
38, 198
6, 198
12, 198
10, 198
3, 198
13, 198
6, 198
44, 198
67, 198
5, 198
18, 198
17, 198
26, 198
11, 198
17, 198
9, 198
9, 198
28, 198
29, 198
13, 198
12, 198
7, 198
20, 198
22, 198
25, 198
32, 198
7, 198
4, 198
31, 198
5, 198
12, 198
39, 198
12, 198
13, 198
11, 198
2, 198
44, 198
10, 198
13, 198
11, 198
18, 198
9, 198
20, 198
17, 198
8, 198
4, 198
5, 198
16, 198
25, 198
14, 198
26, 198
19, 198
28, 198
17, 198
25, 198
41, 198
6, 198
43, 198
19, 198
20, 198
21, 198
8, 198
5, 198
21, 198
12, 198
4, 198
5, 198
4, 198
60, 198
22, 198
10, 198
70, 198
31, 198
21, 198
3, 198
7, 198
26, 198
26, 198
4, 198
4, 198
38, 198
3, 198
13, 198
77, 198
15, 198
19, 198
5, 198
15, 198
33, 198
45, 198
55, 198
17, 198
23, 198
42, 198
24, 198
8, 198
32, 198
11, 198
10, 198
3, 198
18, 198
25, 198
19, 198
12, 198
5, 198
17, 198
32, 198
9, 198
11, 198
59, 198
12, 198
5, 198
22, 198
37, 198
14, 198
17, 198
16, 198
30, 198
24, 198
14, 198
4, 198
44, 198
6, 198
3, 198
10, 198
14, 198
41, 198
3, 198
15, 198
6, 198
40, 198
33, 198
4, 198
24, 198
19, 198
11, 198
15, 198
30, 198
28, 198
29, 198
5, 198
5, 198
19, 198
12, 198
3, 198
3, 198
41, 198
14, 198
3, 198
13, 198
19, 198
14, 198
62, 198
13, 198
9, 198
71, 198
3, 198
7, 198
27, 198
21, 198
21, 198
14, 198
11, 198
18, 198
7, 198
7, 198
15, 198
15, 198
8, 198
30, 198
8, 198
8, 198
15, 198
10, 198
30, 198
65, 198
2, 198
9, 198
25, 198
11, 198
24, 198
12, 198
3, 198
6, 198
27, 198
5, 198
23, 198
55, 198
4, 198
27, 198
4, 198
8, 198
18, 198
6, 198
16, 198
31, 198
33, 198
10, 198
27, 198
17, 198
45, 198
48, 198
11, 198
18, 198
18, 198
42, 198
52, 198
16, 198
17, 198
15, 198
11, 198
13, 198
16, 198
4, 198
11, 198
21, 198
14, 198
39, 198
21, 198
2, 198
7, 198
14, 198
19, 198
12, 198
10, 198
1, 198
8, 198
23, 198
24, 198
28, 198
43, 198
24, 198
35, 198
19, 198
19, 198
7, 198
19, 198
12, 198
27, 198
26, 198
10, 198
38, 198
11, 198
36, 198
28, 198
33, 198
6, 198
15, 198
47, 198
24, 198
16, 198
5, 198
34, 198
14, 198
12, 198
5, 198
18, 198
17, 198
8, 198
21, 198
16, 198
17, 198
10, 198
2, 198
18, 198
23, 198
44, 198
4, 198
12, 198
9, 198
28, 198
61, 198
31, 198
21, 198
18, 198
11, 198
23, 198
24, 198
2, 198
26, 198
41, 198
29, 198
14, 198
2, 198
31, 198
10, 198
28, 198
43, 198
19, 198
7, 198
9, 198
19, 198
13, 198
35, 198
36, 198
23, 198
6, 198
29, 198
32, 198
3, 198
31, 198
56, 198
8, 198
30, 198
7, 198
17, 198
11, 198
26, 198
16, 198
20, 198
11, 198
17, 198
20, 198
55, 198
13, 198
17, 198
30, 198
16, 198
6, 198
10, 198
9, 198
48, 198
76, 198
41, 198
11, 198
13, 198
33, 198
27, 198
30, 198
5, 198
38, 198
15, 198
31, 198
25, 198
12, 198
10, 198
10, 198
7, 198
34, 198
38, 198
6, 198
9, 198
40, 198
23, 198
8, 198
14, 198
10, 198
36, 198
39, 198
12, 198
30, 198
16, 198
30, 198
43, 198
15, 198
13, 198
31, 198
15, 198
6, 198
4, 198
28, 198
16, 198
19, 198
19, 198
16, 198
50, 198
12, 198
20, 198
51, 198
14, 198
27, 198
27, 198
20, 198
4, 198
23, 198
44, 198
22, 198
8, 198
26, 198
16, 198
2, 198
12, 198
46, 198
6, 198
6, 198
23, 198
34, 198
6, 198
27, 198
4, 198
57, 198
12, 198
31, 198
4, 198
16, 198
18, 198
10, 198
19, 198
3, 198
28, 198
2, 198
26, 198
16, 198
19, 198
34, 198
22, 198
6, 198
49, 198
17, 198
38, 198
13, 198
24, 198
40, 198
18, 198
10, 198
17, 198
23, 198
5, 198
40, 198
84, 198
53, 198
7, 198
35, 198
29, 198
19, 198
27, 198
7, 198
10, 198
2, 198
17, 198
46, 198
8, 198
8, 198
14, 198
9, 198
14, 198
21, 198
27, 198
5, 198
23, 198
22, 198
4, 198
25, 198
29, 198
14, 198
5, 198
54, 198
30, 198
4, 198
41, 198
49, 198
8, 198
16, 198
35, 198
36, 198
10, 198
19, 198
15, 198
45, 198
21, 198
31, 198
17, 198
6, 198
48, 198
9, 198
11, 198
8, 198
3, 198
23, 198
28, 198
9, 198
13, 198
34, 198
6, 198
16, 198
10, 198
8, 198
33, 198
20, 198
16, 198
34, 198
20, 198
48, 198
16, 198
26, 198
25, 198
34, 198
21, 198
8, 198
46, 198
24, 198
56, 198
22, 198
9, 198
14, 198
30, 198
21, 198
13, 198
10, 198
7, 198
23, 198
7, 198
20, 198
25, 198
14, 198
62, 198
13, 198
53, 198
19, 198
7, 198
18, 198
8, 198
10, 198
14, 198
84, 198
9, 198
11, 198
17, 198
2, 198
21, 198
11, 198
33, 198
8, 198
33, 198
8, 198
18, 198
24, 198
4, 198
6, 198
7, 198
4, 198
4, 198
7, 198
12, 198
8, 198
69, 198
6, 198
17, 198
17, 198
3, 198
14, 198
6, 198
28, 198
49, 198
6, 198
25, 198
42, 198
10, 198
23, 198
4, 198
6, 198
21, 198
11, 198
13, 198
5, 198
24, 198
4, 198
9, 198
6, 198
11, 198
38, 198
21, 198
26, 198
27, 198
21, 198
13, 198
16, 198
13, 198
5, 198
31, 198
5, 198
7, 198
14, 198
40, 198
14, 198
22, 198
1, 198
7, 198
11, 198
22, 198
32, 198
16, 198
11, 198
12, 198
23, 198
3, 198
14, 198
7, 198
14, 198
13, 198
14, 198
17, 198
37, 198
29, 198
19, 198
8, 198
2, 198
8, 198
7, 198
4, 198
17, 198
34, 198
49, 198
41, 198
23, 198
5, 198
9, 198
26, 198
36, 198
11, 198
16, 198
15, 198
5, 198
2, 198
10, 198
7, 198
1, 198
12, 198
9, 198
26, 198
17, 198
10, 198
15, 198
14, 198
33, 198
23, 198
36, 198
3, 198
13, 198
54, 198
34, 198
40, 198
36, 198
37, 198
49, 198
8, 198
5, 198
3, 198
39, 198
24, 198
23, 198
25, 198
19, 198
6, 198
11, 198
12, 198
9, 198
5, 198
17, 198
14, 198
23, 198
26, 198
8, 198
23, 198
1, 198
14, 198
8, 198
20, 198
34, 198
29, 198
4, 198
9, 198
9, 198
64, 198
8, 198
5, 198
3, 198
6, 198
32, 198
27, 198
18, 198
3, 198
26, 198
80, 198
8, 198
22, 198
8, 198
10, 198
12, 198
34, 198
31, 198
14, 198
13, 198
11, 198
8, 198
23, 198
34, 198
8, 198
20, 198
30, 198
8, 198
13, 198
44, 198
61, 198
8, 198
9, 198
28, 198
22, 198
10, 198
9, 198
6, 198
3, 198
13, 198
10, 198
6, 198
7, 198
15, 198
14, 198
103, 198
17, 198
10, 198
34, 198
7, 198
7, 198
46, 198
5, 198
13, 198
12, 198
7, 198
26, 198
9, 198
51, 198
55, 198
21, 198
24, 198
33, 198
11, 198
10, 198
8, 198
30, 198
8, 198
25, 198
13, 198
21, 198
26, 198
4, 198
19, 198
20, 198
37, 198
13, 198
30, 198
11, 198
7, 198
23, 198
4, 198
11, 198
6, 198
6, 198
7, 198
34, 198
6, 198
15, 198
28, 198
7, 198
14, 198
12, 198
11, 198
12, 198
4, 198
6, 198
69, 198
12, 198
38, 198
4, 198
22, 198
10, 198
17, 198
33, 198
6, 198
3, 198
13, 198
45, 198
11, 198
34, 198
38, 198
33, 198
19, 198
37, 198
22, 198
4, 198
22, 198
15, 198
19, 198
18, 198
6, 198
14, 198
45, 198
9, 198
12, 198
10, 198
20, 198
29, 198
26, 198
28, 198
18, 198
9, 198
6, 198
17, 198
11, 198
9, 198
54, 198
5, 198
61, 198
29, 198
14, 198
12, 198
14, 198
13, 198
55, 198
39, 198
28, 198
32, 198
48, 198
41, 198
10, 198
5, 198
15, 198
11, 198
18, 198
11, 198
29, 198
7, 198
4, 198
17, 198
33, 198
11, 198
30, 198
11, 198
16, 198
28, 198
20, 198
18, 198
4, 198
24, 198
20, 198
13, 198
4, 198
17, 198
4, 198
16, 198
11, 198
6, 198
15, 198
20, 198
8, 198
19, 198
16, 198
14, 198
11, 198
22, 198
11, 198
46, 198
8, 198
14, 198
19, 198
28, 198
21, 198
2, 198
18, 198
22, 198
13, 198
68, 198
11, 198
40, 198
2, 198
34, 198
15, 198
17, 198
9, 198
11, 198
9, 198
21, 198
22, 198
8, 198
3, 198
15, 198
13, 198
6, 198
12, 198
19, 198
8, 198
7, 198
3, 198
11, 198
5, 198
21, 198
4, 198
7, 198
16, 198
52, 198
66, 198
34, 198
68, 198
35, 198
3, 198
93, 198
23, 198
19, 198
17, 198
13, 198
25, 198
82, 198
44, 198
55, 198
109, 198
82, 198
19, 198
40, 198
30, 198
29, 198
8, 198
4, 198
20, 198
4, 198
60, 198
24, 198
2, 198
13, 198
11, 198
37, 198
15, 198
6, 198
8, 198
28, 198
7, 198
25, 198
26, 198
23, 198
13, 198
21, 198
43, 198
44, 198
2, 198
6, 198
21, 198
14, 198
9, 198
21, 198
4, 198
3, 198
32, 198
2, 198
3, 198
1, 198
13, 198
12, 198
19, 198
7, 198
20, 198
3, 198
24, 198
28, 198
25, 198
9, 198
19, 198
4, 198
8, 198
5, 198
35, 198
9, 198
14, 198
15, 198
27, 198
18, 198
14, 198
25, 198
23, 198
22, 198
8, 198
27, 198
29, 198
9, 198
24, 198
22, 198
18, 198
17, 198
45, 198
22, 198
29, 198
10, 198
47, 198
38, 198
41, 198
18, 198
14, 198
49, 198
17, 198
59, 198
9, 198
41, 198
17, 198
4, 198
37, 198
59, 198
23, 198
5, 198
4, 198
31, 198
25, 198
3, 198
9, 198
11, 198
36, 198
12, 198
31, 198
6, 198
13, 198
17, 198
9, 198
11, 198
8, 198
7, 198
17, 198
6, 198
29, 198
14, 198
24, 198
7, 198
21, 198
13, 198
10, 198
35, 198
48, 198
32, 198
14, 198
18, 198
26, 198
34, 198
19, 198
14, 198
34, 198
39, 198
16, 198
27, 198
18, 198
18, 198
4, 198
18, 198
12, 198
8, 198
15, 198
3, 198
40, 198
6, 198
57, 198
13, 198
25, 198
7, 198
47, 198
18, 198
7, 198
23, 198
22, 198
23, 198
16, 198
14, 198
42, 198
16, 198
4, 198
7, 198
14, 198
10, 198
29, 198
23, 198
7, 198
27, 198
33, 198
36, 198
23, 198
6, 198
24, 198
12, 198
21, 198
12, 198
33, 198
36, 198
5, 198
7, 198
4, 198
9, 198
40, 198
87, 198
25, 198
29, 198
13, 198
29, 198
11, 198
18, 198
73, 198
11, 198
17, 198
32, 198
27, 198
6, 198
12, 198
28, 198
9, 198
16, 198
14, 198
8, 198
17, 198
16, 198
10, 198
11, 198
17, 198
9, 198
22, 198
46, 198
26, 198
64, 198
19, 198
7, 198
20, 198
32, 198
10, 198
15, 198
69, 198
12, 198
62, 198
12, 198
10, 198
57, 198
34, 198
15, 198
10, 198
44, 198
24, 198
17, 198
25, 198
21, 198
39, 198
37, 198
8, 198
21, 198
7, 198
46, 198
77, 198
24, 198
15, 198
30, 198
28, 198
8, 198
38, 198
4, 198
11, 198
31, 198
10, 198
6, 198
12, 198
31, 198
22, 198
13, 198
15, 198
23, 198
6, 198
11, 198
27, 198
25, 198
8, 198
35, 198
21, 198
19, 198
8, 198
13, 198
5, 198
14, 198
14, 198
12, 198
31, 198
20, 198
5, 198
9, 198
14, 198
5, 198
22, 198
14, 198
27, 198
20, 198
5, 198
5, 198
107, 198
87, 198
7, 198
9, 198
79, 198
17, 198
26, 198
3, 198
28, 198
8, 198
27, 198
43, 198
14, 198
8, 198
44, 198
18, 198
26, 198
13, 198
17, 198
7, 198
4, 198
19, 198
29, 198
23, 198
36, 198
36, 198
5, 198
26, 198
21, 198
11, 198
47, 198
6, 198
13, 198
13, 198
2, 198
4, 198
7, 198
9, 198
11, 198
21, 198
5, 198
2, 198
51, 198
10, 198
3, 198
16, 198
13, 198
54, 198
5, 198
5, 198
21, 198
6, 198
28, 198
33, 198
16, 198
5, 198
5, 198
11, 198
15, 198
9, 198
1, 198
7, 198
53, 198
2, 198
11, 198
31, 198
11, 198
16, 198
17, 198
20, 198
15, 198
3, 198
27, 198
35, 198
22, 198
20, 198
8, 198
16, 198
14, 198
8, 198
20, 198
13, 198
11, 198
4, 198
15, 198
28, 198
36, 198
10, 198
29, 198
19, 198
21, 198
17, 198
21, 198
37, 198
31, 198
6, 198
2, 198
34, 198
34, 198
45, 198
10, 198
10, 198
11, 198
40, 198
15, 198
13, 198
32, 198
18, 198
20, 198
27, 198
10, 198
15, 198
17, 198
52, 198
55, 198
21, 198
4, 198
7, 198
13, 198
28, 198
19, 198
9, 198
14, 198
21, 198
12, 198
16, 198
21, 198
9, 198
8, 198
5, 198
20, 198
20, 198
28, 198
85, 198
20, 198
69, 198
45, 198
23, 198
48, 198
3, 198
9, 198
76, 198
7, 198
45, 198
16, 198
3, 198
6, 198
19, 198
8, 198
76, 198
13, 198
3, 198
5, 198
25, 198
5, 198
18, 198
27, 198
11, 198
30, 198
8, 198
34, 198
15, 198
2, 198
6, 198
7, 198
11, 198
9, 198
10, 198
6, 198
4, 198
16, 198
30, 198
4, 198
2, 198
10, 198
18, 198
13, 198
6, 198
28, 198
8, 198
4, 198
21, 198
53, 198
27, 198
31, 198
12, 198
17, 198
8, 198
10, 198
34, 198
3, 198
12, 198
8, 198
7, 198
28, 198
16, 198
21, 198
19, 198
10, 198
6, 198
19, 198
9, 198
18, 198
11, 198
2, 198
9, 198
19, 198
6, 198
12, 198
42, 198
12, 198
10, 198
60, 198
13, 198
31, 198
10, 198
9, 198
2, 198
13, 198
113, 198
16, 198
11, 198
75, 198
8, 198
4, 198
6, 198
15, 198
7, 198
4, 198
28, 198
37, 198
26, 198
25, 198
8, 198
13, 198
8, 198
6, 198
41, 198
14, 198
74, 198
15, 198
11, 198
14, 198
5, 198
30, 198
9, 198
9, 198
33, 198
7, 198
14, 198
17, 198
21, 198
4, 198
32, 198
9, 198
64, 198
5, 198
21, 198
35, 198
14, 198
17, 198
8, 198
11, 198
12, 198
9, 198
42, 198
10, 198
2, 198
6, 198
37, 198
11, 198
6, 198
5, 198
18, 198
10, 198
20, 198
3, 198
28, 198
15, 198
7, 198
20, 198
26, 198
33, 198
8, 198
8, 198
17, 198
2, 198
11, 198
4, 198
18, 198
9, 198
9, 198
46, 198
9, 198
15, 198
7, 198
52, 198
41, 198
13, 198
10, 198
11, 198
15, 198
8, 198
5, 198
13, 198
39, 198
6, 198
12, 198
11, 198
19, 198
8, 198
8, 198
9, 198
36, 198
20, 198
10, 198
42, 198
12, 198
16, 198
30, 198
24, 198
8, 198
9, 198
20, 198
38, 198
40, 198
16, 198
27, 198
28, 198
67, 198
8, 198
5, 198
10, 198
1, 198
8, 198
67, 198
7, 198
3, 198
10, 198
11, 198
7, 198
31, 198
12, 198
13, 198
31, 198
16, 198
12, 198
9, 198
40, 198
45, 198
9, 198
71, 198
41, 198
10, 198
11, 198
3, 198
13, 198
6, 198
9, 198
12, 198
19, 198
32, 198
17, 198
61, 198
9, 198
14, 198
33, 198
64, 198
8, 198
10, 198
54, 198
6, 198
8, 198
11, 198
2, 198
6, 198
56, 198
9, 198
6, 198
58, 198
4, 198
51, 198
22, 198
3, 198
68, 198
7, 198
20, 198
100, 198
51, 198
18, 198
26, 198
18, 198
1, 198
18, 198
49, 198
19, 198
19, 198
14, 198
2, 198
7, 198
9, 198
8, 198
36, 198
38, 198
27, 198
15, 198
2, 198
35, 198
26, 198
7, 198
19, 198
15, 198
12, 198
24, 198
34, 198
9, 198
42, 198
7, 198
6, 198
3, 198
5, 198
2, 198
3, 198
9, 198
12, 198
29, 198
19, 198
7, 198
11, 198
65, 198
16, 198
35, 198
28, 198
29, 198
5, 198
24, 198
8, 198
35, 198
8, 198
49, 198
7, 198
9, 198
65, 198
25, 198
10, 198
34, 198
11, 198
21, 198
32, 198
7, 198
7, 198
53, 198
6, 198
81, 198
25, 198
35, 198
34, 198
21, 198
12, 198
8, 198
16, 198
18, 198
31, 198
34, 198
6, 198
8, 198
14, 198
15, 198
53, 198
44, 198
36, 198
27, 198
25, 198
12, 198
13, 198
35, 198
26, 198
6, 198
22, 198
17, 198
20, 198
94, 198
23, 198
30, 198
6, 198
10, 198
26, 198
13, 198
32, 198
54, 198
19, 198
40, 198
27, 198
16, 198
55, 198
18, 198
5, 198
10, 198
11, 198
36, 198
34, 198
46, 198
13, 198
35, 198
21, 198
40, 198
22, 198
39, 198
6, 198
9, 198
11, 198
21, 198
23, 198
6, 198
29, 198
14, 198
33, 198
14, 198
31, 198
8, 198
10, 198
72, 198
41, 198
11, 198
3, 198
94, 198
33, 198
11, 198
19, 198
2, 198
5, 198
8, 198
9, 198
6, 198
7, 198
8, 198
12, 198
6, 198
8, 198
12, 198
12, 198
27, 198
19, 198
4, 198
3, 198
