#Algorithm: ExpectedSARSA, Speed: 1, Boost: 4, PM: False, Env size: (20, 20), Car size: (5, 4),
#Counter: 100, Nsteps: 10000000, Gamma: 1, LearnRate: 0.01, Eps: 0.5, Epsdecay: 0.9
#hybrid obtained by hybrid improved with counter=100 and boost=4
217, 217
201, 217
204, 217
200, 217
220, 220
204, 220
203, 220
209, 220
212, 220
201, 220
200, 220
202, 220
202, 220
201, 220
200, 220
206, 220
201, 220
200, 220
201, 220
203, 220
204, 220
200, 220
202, 220
203, 220
200, 220
200, 220
202, 220
203, 220
215, 220
203, 220
200, 220
202, 220
203, 220
200, 220
201, 220
200, 220
200, 220
203, 220
204, 220
201, 220
201, 220
201, 220
206, 220
202, 220
200, 220
205, 220
205, 220
214, 220
203, 220
200, 220
202, 220
200, 220
203, 220
208, 220
207, 220
200, 220
205, 220
203, 220
211, 220
206, 220
201, 220
212, 220
203, 220
203, 220
204, 220
200, 220
200, 220
203, 220
204, 220
200, 220
200, 220
201, 220
200, 220
209, 220
201, 220
200, 220
202, 220
204, 220
204, 220
201, 220
203, 220
207, 220
201, 220
204, 220
200, 220
210, 220
201, 220
201, 220
203, 220
200, 220
202, 220
201, 220
202, 220
200, 220
204, 220
202, 220
200, 220
201, 220
212, 220
202, 220
202, 220
203, 220
200, 220
216, 220
204, 220
202, 220
208, 220
205, 220
202, 220
200, 220
202, 220
202, 220
205, 220
206, 220
200, 220
211, 220
200, 220
200, 220
204, 220
200, 220
208, 220
200, 220
200, 220
202, 220
202, 220
200, 220
201, 220
204, 220
202, 220
202, 220
200, 220
207, 220
204, 220
204, 220
220, 220
216, 220
203, 220
203, 220
201, 220
208, 220
202, 220
202, 220
202, 220
206, 220
206, 220
208, 220
207, 220
200, 220
201, 220
202, 220
207, 220
204, 220
200, 220
201, 220
204, 220
201, 220
204, 220
203, 220
201, 220
203, 220
203, 220
206, 220
206, 220
204, 220
200, 220
201, 220
214, 220
206, 220
201, 220
200, 220
206, 220
200, 220
200, 220
206, 220
201, 220
202, 220
206, 220
203, 220
201, 220
202, 220
201, 220
205, 220
202, 220
202, 220
201, 220
202, 220
200, 220
201, 220
200, 220
207, 220
201, 220
200, 220
201, 220
201, 220
201, 220
203, 220
206, 220
202, 220
200, 220
202, 220
200, 220
205, 220
205, 220
200, 220
202, 220
202, 220
209, 220
203, 220
208, 220
201, 220
205, 220
203, 220
201, 220
200, 220
202, 220
208, 220
201, 220
203, 220
205, 220
200, 220
204, 220
202, 220
201, 220
202, 220
205, 220
203, 220
206, 220
204, 220
200, 220
205, 220
202, 220
203, 220
201, 220
203, 220
203, 220
201, 220
202, 220
200, 220
201, 220
201, 220
200, 220
203, 220
202, 220
203, 220
201, 220
200, 220
200, 220
200, 220
204, 220
202, 220
200, 220
201, 220
206, 220
204, 220
201, 220
202, 220
202, 220
203, 220
202, 220
200, 220
205, 220
204, 220
200, 220
204, 220
204, 220
202, 220
205, 220
203, 220
203, 220
203, 220
210, 220
202, 220
203, 220
200, 220
202, 220
202, 220
204, 220
204, 220
207, 220
203, 220
204, 220
200, 220
201, 220
204, 220
200, 220
202, 220
207, 220
202, 220
200, 220
203, 220
200, 220
203, 220
201, 220
202, 220
201, 220
200, 220
204, 220
205, 220
200, 220
115, 220
202, 220
201, 220
202, 220
207, 220
201, 220
205, 220
203, 220
217, 220
200, 220
201, 220
200, 220
162, 220
206, 220
204, 220
204, 220
200, 220
200, 220
200, 220
203, 220
202, 220
205, 220
204, 220
204, 220
206, 220
209, 220
206, 220
209, 220
200, 220
201, 220
201, 220
203, 220
206, 220
202, 220
203, 220
202, 220
202, 220
201, 220
200, 220
201, 220
207, 220
207, 220
205, 220
202, 220
200, 220
201, 220
200, 220
223, 223
200, 223
205, 223
205, 223
200, 223
200, 223
210, 223
224, 224
223, 224
208, 224
202, 224
210, 224
202, 224
213, 224
200, 224
210, 224
209, 224
204, 224
212, 224
210, 224
210, 224
211, 224
213, 224
206, 224
200, 224
202, 224
202, 224
214, 224
204, 224
201, 224
218, 224
189, 224
206, 224
228, 228
222, 228
202, 228
221, 228
210, 228
203, 228
201, 228
221, 228
209, 228
204, 228
205, 228
200, 228
202, 228
205, 228
205, 228
200, 228
203, 228
207, 228
201, 228
200, 228
212, 228
217, 228
211, 228
201, 228
200, 228
215, 228
205, 228
207, 228
201, 228
200, 228
208, 228
214, 228
202, 228
203, 228
205, 228
216, 228
202, 228
204, 228
230, 230
200, 230
207, 230
204, 230
203, 230
243, 243
202, 243
201, 243
201, 243
207, 243
235, 243
203, 243
203, 243
200, 243
208, 243
210, 243
202, 243
203, 243
202, 243
201, 243
203, 243
222, 243
209, 243
201, 243
214, 243
212, 243
203, 243
204, 243
201, 243
206, 243
202, 243
203, 243
216, 243
207, 243
209, 243
201, 243
204, 243
236, 243
200, 243
200, 243
201, 243
204, 243
205, 243
218, 243
206, 243
215, 243
201, 243
201, 243
219, 243
206, 243
216, 243
200, 243
202, 243
208, 243
207, 243
202, 243
200, 243
202, 243
206, 243
206, 243
211, 243
217, 243
204, 243
208, 243
213, 243
203, 243
220, 243
202, 243
201, 243
203, 243
201, 243
206, 243
215, 243
214, 243
200, 243
202, 243
224, 243
204, 243
214, 243
211, 243
220, 243
208, 243
209, 243
201, 243
219, 243
203, 243
201, 243
221, 243
207, 243
201, 243
221, 243
221, 243
205, 243
201, 243
215, 243
207, 243
219, 243
202, 243
201, 243
214, 243
200, 243
200, 243
207, 243
203, 243
230, 243
209, 243
237, 243
252, 252
300, 300
229, 300
224, 300
303, 303
211, 303
218, 303
306, 306
211, 306
202, 306
304, 306
252, 306
200, 306
227, 306
201, 306
249, 306
208, 306
232, 306
272, 306
211, 306
210, 306
228, 306
224, 306
221, 306
211, 306
264, 306
220, 306
219, 306
219, 306
302, 306
213, 306
207, 306
204, 306
208, 306
211, 306
211, 306
224, 306
203, 306
263, 306
239, 306
200, 306
231, 306
200, 306
302, 306
280, 306
309, 309
206, 309
204, 309
209, 309
214, 309
200, 309
222, 309
208, 309
233, 309
209, 309
300, 309
226, 309
235, 309
254, 309
217, 309
215, 309
217, 309
226, 309
291, 309
237, 309
301, 309
243, 309
237, 309
254, 309
230, 309
244, 309
215, 309
303, 309
201, 309
200, 309
208, 309
220, 309
254, 309
232, 309
307, 309
214, 309
204, 309
259, 309
239, 309
210, 309
224, 309
201, 309
206, 309
281, 309
201, 309
204, 309
220, 309
200, 309
220, 309
293, 309
219, 309
257, 309
257, 309
284, 309
212, 309
227, 309
213, 309
304, 309
284, 309
207, 309
273, 309
215, 309
301, 309
258, 309
201, 309
305, 309
221, 309
204, 309
256, 309
240, 309
220, 309
223, 309
300, 309
212, 309
236, 309
213, 309
216, 309
227, 309
272, 309
237, 309
251, 309
215, 309
217, 309
214, 309
204, 309
200, 309
275, 309
206, 309
233, 309
207, 309
233, 309
217, 309
223, 309
211, 309
201, 309
252, 309
202, 309
201, 309
217, 309
214, 309
225, 309
200, 309
218, 309
262, 309
206, 309
302, 309
217, 309
205, 309
227, 309
229, 309
212, 309
229, 309
201, 309
205, 309
211, 309
238, 309
201, 309
214, 309
206, 309
213, 309
257, 309
208, 309
204, 309
268, 309
205, 309
278, 309
304, 309
230, 309
208, 309
242, 309
224, 309
203, 309
258, 309
300, 309
200, 309
239, 309
228, 309
214, 309
236, 309
206, 309
223, 309
205, 309
260, 309
229, 309
276, 309
229, 309
257, 309
219, 309
206, 309
200, 309
232, 309
222, 309
221, 309
249, 309
201, 309
217, 309
200, 309
222, 309
239, 309
200, 309
225, 309
201, 309
220, 309
260, 309
210, 309
205, 309
200, 309
207, 309
235, 309
208, 309
232, 309
302, 309
212, 309
215, 309
200, 309
216, 309
234, 309
202, 309
235, 309
212, 309
256, 309
304, 309
249, 309
209, 309
213, 309
300, 309
243, 309
237, 309
221, 309
267, 309
201, 309
292, 309
299, 309
213, 309
219, 309
239, 309
233, 309
304, 309
251, 309
215, 309
201, 309
242, 309
295, 309
200, 309
234, 309
212, 309
227, 309
231, 309
227, 309
252, 309
271, 309
223, 309
212, 309
206, 309
214, 309
306, 309
213, 309
265, 309
215, 309
206, 309
235, 309
269, 309
236, 309
208, 309
259, 309
204, 309
206, 309
203, 309
229, 309
305, 309
200, 309
209, 309
200, 309
305, 309
208, 309
200, 309
233, 309
260, 309
276, 309
237, 309
222, 309
218, 309
214, 309
235, 309
230, 309
274, 309
202, 309
203, 309
235, 309
202, 309
227, 309
290, 309
209, 309
228, 309
206, 309
294, 309
219, 309
206, 309
206, 309
206, 309
244, 309
242, 309
204, 309
246, 309
233, 309
215, 309
210, 309
206, 309
256, 309
305, 309
244, 309
226, 309
223, 309
226, 309
204, 309
257, 309
266, 309
222, 309
214, 309
302, 309
241, 309
218, 309
203, 309
209, 309
200, 309
241, 309
304, 309
201, 309
255, 309
200, 309
251, 309
203, 309
239, 309
272, 309
204, 309
258, 309
211, 309
209, 309
203, 309
201, 309
244, 309
222, 309
257, 309
207, 309
260, 309
218, 309
266, 309
242, 309
202, 309
220, 309
244, 309
268, 309
209, 309
221, 309
312, 312
240, 312
201, 312
252, 312
203, 312
207, 312
222, 312
234, 312
300, 312
263, 312
226, 312
239, 312
212, 312
282, 312
302, 312
206, 312
270, 312
212, 312
271, 312
212, 312
205, 312
208, 312
300, 312
299, 312
201, 312
304, 312
208, 312
231, 312
226, 312
212, 312
205, 312
220, 312
219, 312
303, 312
201, 312
239, 312
201, 312
221, 312
233, 312
212, 312
251, 312
207, 312
207, 312
200, 312
206, 312
246, 312
209, 312
204, 312
301, 312
263, 312
216, 312
252, 312
201, 312
213, 312
302, 312
251, 312
240, 312
203, 312
302, 312
304, 312
250, 312
201, 312
216, 312
237, 312
200, 312
203, 312
259, 312
258, 312
235, 312
220, 312
275, 312
274, 312
273, 312
225, 312
253, 312
243, 312
204, 312
204, 312
268, 312
200, 312
209, 312
271, 312
232, 312
250, 312
227, 312
206, 312
205, 312
300, 312
258, 312
264, 312
243, 312
204, 312
271, 312
207, 312
202, 312
200, 312
202, 312
254, 312
202, 312
210, 312
202, 312
203, 312
203, 312
223, 312
218, 312
222, 312
200, 312
207, 312
200, 312
229, 312
217, 312
258, 312
205, 312
239, 312
268, 312
202, 312
226, 312
211, 312
224, 312
224, 312
201, 312
214, 312
203, 312
201, 312
248, 312
255, 312
207, 312
200, 312
225, 312
208, 312
218, 312
243, 312
203, 312
258, 312
201, 312
203, 312
304, 312
202, 312
215, 312
201, 312
248, 312
206, 312
201, 312
203, 312
215, 312
228, 312
216, 312
222, 312
301, 312
207, 312
201, 312
224, 312
307, 312
300, 312
207, 312
219, 312
288, 312
267, 312
201, 312
252, 312
231, 312
200, 312
217, 312
212, 312
222, 312
267, 312
246, 312
204, 312
220, 312
200, 312
257, 312
210, 312
263, 312
230, 312
220, 312
200, 312
217, 312
263, 312
232, 312
222, 312
253, 312
206, 312
215, 312
215, 312
213, 312
210, 312
203, 312
225, 312
200, 312
210, 312
244, 312
262, 312
200, 312
211, 312
283, 312
286, 312
200, 312
220, 312
203, 312
205, 312
205, 312
236, 312
202, 312
200, 312
201, 312
200, 312
247, 312
200, 312
234, 312
208, 312
229, 312
203, 312
202, 312
207, 312
208, 312
202, 312
200, 312
200, 312
201, 312
207, 312
301, 312
257, 312
201, 312
228, 312
209, 312
200, 312
204, 312
209, 312
207, 312
207, 312
202, 312
206, 312
205, 312
209, 312
281, 312
216, 312
253, 312
212, 312
217, 312
204, 312
210, 312
300, 312
299, 312
216, 312
105, 312
105, 312
276, 312
273, 312
207, 312
266, 312
225, 312
200, 312
208, 312
206, 312
226, 312
209, 312
264, 312
215, 312
237, 312
273, 312
200, 312
209, 312
125, 312
207, 312
207, 312
209, 312
226, 312
203, 312
213, 312
212, 312
211, 312
218, 312
321, 321
232, 321
300, 321
200, 321
205, 321
205, 321
206, 321
300, 321
241, 321
268, 321
203, 321
202, 321
238, 321
226, 321
249, 321
238, 321
307, 321
226, 321
204, 321
215, 321
218, 321
226, 321
206, 321
241, 321
239, 321
254, 321
243, 321
208, 321
220, 321
218, 321
200, 321
211, 321
231, 321
203, 321
221, 321
217, 321
202, 321
247, 321
203, 321
222, 321
222, 321
240, 321
212, 321
219, 321
238, 321
216, 321
303, 321
207, 321
208, 321
316, 321
234, 321
204, 321
201, 321
300, 321
252, 321
249, 321
205, 321
217, 321
211, 321
260, 321
210, 321
241, 321
206, 321
206, 321
236, 321
201, 321
200, 321
225, 321
212, 321
314, 321
216, 321
201, 321
211, 321
221, 321
207, 321
290, 321
261, 321
201, 321
209, 321
243, 321
201, 321
225, 321
201, 321
216, 321
213, 321
219, 321
213, 321
283, 321
237, 321
250, 321
244, 321
203, 321
303, 321
261, 321
207, 321
210, 321
239, 321
214, 321
214, 321
211, 321
243, 321
206, 321
240, 321
225, 321
229, 321
204, 321
219, 321
209, 321
217, 321
219, 321
218, 321
221, 321
207, 321
213, 321
264, 321
242, 321
204, 321
210, 321
232, 321
232, 321
207, 321
251, 321
302, 321
210, 321
257, 321
267, 321
218, 321
206, 321
217, 321
200, 321
233, 321
262, 321
209, 321
302, 321
208, 321
226, 321
238, 321
205, 321
212, 321
243, 321
201, 321
216, 321
202, 321
201, 321
204, 321
207, 321
209, 321
202, 321
204, 321
225, 321
221, 321
214, 321
240, 321
166, 321
203, 321
260, 321
200, 321
274, 321
201, 321
235, 321
241, 321
281, 321
280, 321
221, 321
200, 321
214, 321
210, 321
286, 321
216, 321
201, 321
234, 321
206, 321
210, 321
210, 321
300, 321
213, 321
201, 321
201, 321
216, 321
241, 321
214, 321
287, 321
212, 321
240, 321
216, 321
201, 321
213, 321
219, 321
213, 321
263, 321
215, 321
203, 321
225, 321
224, 321
241, 321
239, 321
225, 321
228, 321
209, 321
259, 321
210, 321
201, 321
219, 321
239, 321
222, 321
303, 321
203, 321
215, 321
207, 321
220, 321
207, 321
242, 321
209, 321
307, 321
208, 321
209, 321
251, 321
200, 321
218, 321
227, 321
224, 321
301, 321
241, 321
244, 321
224, 321
218, 321
222, 321
200, 321
214, 321
300, 321
231, 321
294, 321
207, 321
222, 321
200, 321
243, 321
207, 321
228, 321
207, 321
224, 321
201, 321
201, 321
226, 321
231, 321
203, 321
300, 321
204, 321
260, 321
200, 321
242, 321
242, 321
304, 321
200, 321
210, 321
200, 321
294, 321
218, 321
208, 321
213, 321
215, 321
209, 321
279, 321
224, 321
249, 321
221, 321
234, 321
200, 321
245, 321
276, 321
222, 321
283, 321
216, 321
200, 321
238, 321
220, 321
213, 321
212, 321
253, 321
222, 321
203, 321
211, 321
208, 321
288, 321
264, 321
218, 321
209, 321
208, 321
209, 321
239, 321
240, 321
247, 321
236, 321
202, 321
215, 321
208, 321
216, 321
207, 321
202, 321
203, 321
226, 321
216, 321
229, 321
305, 321
210, 321
226, 321
208, 321
228, 321
201, 321
214, 321
213, 321
240, 321
201, 321
247, 321
222, 321
204, 321
203, 321
242, 321
288, 321
205, 321
297, 321
213, 321
207, 321
208, 321
259, 321
215, 321
221, 321
233, 321
231, 321
217, 321
220, 321
213, 321
206, 321
276, 321
208, 321
239, 321
201, 321
213, 321
271, 321
207, 321
204, 321
201, 321
226, 321
220, 321
215, 321
213, 321
206, 321
304, 321
266, 321
207, 321
214, 321
239, 321
306, 321
210, 321
233, 321
216, 321
242, 321
202, 321
202, 321
200, 321
201, 321
226, 321
230, 321
212, 321
274, 321
231, 321
216, 321
238, 321
212, 321
204, 321
238, 321
306, 321
261, 321
265, 321
217, 321
210, 321
248, 321
235, 321
266, 321
223, 321
262, 321
202, 321
214, 321
290, 321
212, 321
204, 321
288, 321
214, 321
255, 321
207, 321
204, 321
210, 321
210, 321
239, 321
216, 321
204, 321
200, 321
211, 321
206, 321
201, 321
215, 321
213, 321
200, 321
245, 321
238, 321
214, 321
209, 321
205, 321
236, 321
305, 321
210, 321
224, 321
210, 321
203, 321
260, 321
205, 321
200, 321
206, 321
287, 321
209, 321
233, 321
214, 321
238, 321
264, 321
221, 321
232, 321
243, 321
293, 321
208, 321
230, 321
256, 321
303, 321
217, 321
201, 321
238, 321
232, 321
200, 321
219, 321
261, 321
250, 321
259, 321
240, 321
232, 321
212, 321
208, 321
232, 321
201, 321
205, 321
219, 321
220, 321
226, 321
219, 321
218, 321
205, 321
257, 321
213, 321
208, 321
225, 321
224, 321
217, 321
224, 321
204, 321
251, 321
234, 321
221, 321
254, 321
206, 321
224, 321
236, 321
219, 321
209, 321
202, 321
225, 321
205, 321
244, 321
246, 321
217, 321
205, 321
251, 321
201, 321
225, 321
268, 321
268, 321
201, 321
296, 321
202, 321
233, 321
242, 321
203, 321
239, 321
203, 321
222, 321
202, 321
218, 321
301, 321
200, 321
219, 321
203, 321
300, 321
228, 321
281, 321
218, 321
190, 321
211, 321
217, 321
213, 321
223, 321
264, 321
201, 321
300, 321
259, 321
300, 321
243, 321
223, 321
200, 321
201, 321
219, 321
241, 321
229, 321
254, 321
219, 321
210, 321
223, 321
204, 321
234, 321
234, 321
203, 321
227, 321
223, 321
218, 321
211, 321
258, 321
262, 321
230, 321
272, 321
202, 321
229, 321
248, 321
242, 321
236, 321
209, 321
203, 321
248, 321
205, 321
204, 321
213, 321
227, 321
230, 321
244, 321
204, 321
214, 321
215, 321
203, 321
208, 321
209, 321
202, 321
205, 321
296, 321
227, 321
270, 321
232, 321
268, 321
213, 321
238, 321
201, 321
219, 321
265, 321
201, 321
263, 321
252, 321
201, 321
213, 321
254, 321
235, 321
200, 321
229, 321
201, 321
207, 321
202, 321
246, 321
200, 321
270, 321
219, 321
213, 321
202, 321
211, 321
226, 321
201, 321
300, 321
308, 321
211, 321
236, 321
222, 321
253, 321
200, 321
237, 321
214, 321
220, 321
239, 321
219, 321
225, 321
201, 321
214, 321
200, 321
226, 321
254, 321
249, 321
201, 321
205, 321
216, 321
207, 321
233, 321
217, 321
300, 321
268, 321
231, 321
294, 321
273, 321
271, 321
207, 321
211, 321
200, 321
207, 321
244, 321
250, 321
224, 321
219, 321
203, 321
265, 321
210, 321
240, 321
228, 321
230, 321
200, 321
203, 321
250, 321
201, 321
220, 321
242, 321
202, 321
212, 321
300, 321
292, 321
212, 321
301, 321
237, 321
285, 321
243, 321
209, 321
201, 321
207, 321
248, 321
287, 321
202, 321
243, 321
204, 321
248, 321
282, 321
247, 321
217, 321
217, 321
207, 321
251, 321
246, 321
215, 321
249, 321
240, 321
227, 321
238, 321
231, 321
213, 321
222, 321
228, 321
217, 321
228, 321
225, 321
218, 321
217, 321
264, 321
203, 321
207, 321
213, 321
202, 321
240, 321
226, 321
202, 321
215, 321
248, 321
235, 321
206, 321
300, 321
224, 321
230, 321
202, 321
229, 321
309, 321
219, 321
224, 321
275, 321
206, 321
230, 321
269, 321
201, 321
291, 321
268, 321
234, 321
202, 321
226, 321
216, 321
308, 321
222, 321
227, 321
202, 321
212, 321
214, 321
294, 321
204, 321
214, 321
211, 321
211, 321
202, 321
260, 321
226, 321
205, 321
222, 321
224, 321
271, 321
252, 321
227, 321
252, 321
288, 321
203, 321
213, 321
300, 321
209, 321
252, 321
202, 321
217, 321
200, 321
223, 321
203, 321
265, 321
285, 321
220, 321
244, 321
238, 321
262, 321
227, 321
213, 321
261, 321
200, 321
231, 321
251, 321
269, 321
222, 321
244, 321
256, 321
207, 321
205, 321
203, 321
265, 321
201, 321
201, 321
261, 321
214, 321
226, 321
246, 321
211, 321
301, 321
208, 321
232, 321
219, 321
203, 321
237, 321
205, 321
269, 321
206, 321
204, 321
212, 321
206, 321
283, 321
239, 321
228, 321
218, 321
210, 321
230, 321
238, 321
215, 321
233, 321
202, 321
244, 321
234, 321
230, 321
240, 321
206, 321
230, 321
239, 321
246, 321
225, 321
209, 321
220, 321
215, 321
288, 321
248, 321
273, 321
240, 321
204, 321
250, 321
244, 321
242, 321
235, 321
261, 321
202, 321
229, 321
205, 321
227, 321
201, 321
222, 321
227, 321
305, 321
249, 321
245, 321
203, 321
200, 321
211, 321
227, 321
263, 321
204, 321
290, 321
207, 321
210, 321
208, 321
230, 321
217, 321
212, 321
204, 321
290, 321
238, 321
216, 321
298, 321
214, 321
235, 321
226, 321
239, 321
205, 321
204, 321
217, 321
213, 321
210, 321
300, 321
217, 321
214, 321
207, 321
219, 321
242, 321
201, 321
246, 321
212, 321
213, 321
205, 321
250, 321
207, 321
252, 321
207, 321
205, 321
201, 321
236, 321
204, 321
245, 321
297, 321
222, 321
204, 321
210, 321
245, 321
201, 321
256, 321
225, 321
226, 321
217, 321
300, 321
205, 321
241, 321
254, 321
202, 321
205, 321
219, 321
307, 321
231, 321
244, 321
225, 321
214, 321
221, 321
230, 321
265, 321
200, 321
235, 321
204, 321
205, 321
224, 321
215, 321
224, 321
200, 321
237, 321
223, 321
306, 321
200, 321
219, 321
212, 321
242, 321
200, 321
228, 321
236, 321
220, 321
245, 321
245, 321
225, 321
246, 321
203, 321
203, 321
223, 321
247, 321
202, 321
206, 321
228, 321
256, 321
303, 321
248, 321
217, 321
279, 321
201, 321
234, 321
205, 321
204, 321
306, 321
212, 321
228, 321
200, 321
272, 321
230, 321
213, 321
215, 321
219, 321
249, 321
235, 321
202, 321
220, 321
209, 321
244, 321
221, 321
230, 321
262, 321
240, 321
271, 321
237, 321
276, 321
210, 321
233, 321
212, 321
237, 321
279, 321
236, 321
201, 321
206, 321
228, 321
205, 321
219, 321
207, 321
253, 321
255, 321
274, 321
223, 321
225, 321
231, 321
220, 321
207, 321
248, 321
305, 321
215, 321
209, 321
300, 321
288, 321
210, 321
203, 321
304, 321
282, 321
248, 321
204, 321
243, 321
214, 321
200, 321
308, 321
230, 321
228, 321
204, 321
229, 321
252, 321
259, 321
205, 321
200, 321
217, 321
276, 321
203, 321
220, 321
223, 321
211, 321
222, 321
253, 321
283, 321
258, 321
272, 321
251, 321
235, 321
229, 321
210, 321
236, 321
223, 321
200, 321
209, 321
276, 321
250, 321
205, 321
204, 321
227, 321
252, 321
236, 321
275, 321
246, 321
219, 321
203, 321
238, 321
223, 321
214, 321
200, 321
215, 321
205, 321
219, 321
241, 321
212, 321
293, 321
268, 321
203, 321
206, 321
202, 321
293, 321
253, 321
225, 321
209, 321
217, 321
206, 321
209, 321
256, 321
304, 321
248, 321
218, 321
235, 321
226, 321
227, 321
221, 321
222, 321
281, 321
205, 321
224, 321
250, 321
226, 321
218, 321
244, 321
201, 321
215, 321
276, 321
301, 321
249, 321
228, 321
200, 321
241, 321
207, 321
222, 321
217, 321
202, 321
227, 321
200, 321
232, 321
300, 321
208, 321
256, 321
202, 321
231, 321
222, 321
236, 321
300, 321
219, 321
263, 321
269, 321
242, 321
232, 321
216, 321
232, 321
235, 321
206, 321
200, 321
220, 321
256, 321
229, 321
210, 321
240, 321
217, 321
213, 321
219, 321
232, 321
231, 321
204, 321
245, 321
208, 321
248, 321
217, 321
294, 321
301, 321
232, 321
242, 321
243, 321
211, 321
223, 321
209, 321
225, 321
202, 321
200, 321
254, 321
206, 321
264, 321
239, 321
207, 321
231, 321
203, 321
308, 321
259, 321
209, 321
230, 321
261, 321
254, 321
202, 321
231, 321
210, 321
274, 321
266, 321
230, 321
267, 321
206, 321
205, 321
205, 321
223, 321
236, 321
200, 321
250, 321
259, 321
203, 321
215, 321
206, 321
214, 321
242, 321
220, 321
214, 321
211, 321
207, 321
246, 321
300, 321
217, 321
234, 321
207, 321
205, 321
200, 321
206, 321
255, 321
219, 321
205, 321
203, 321
239, 321
212, 321
225, 321
208, 321
201, 321
212, 321
306, 321
222, 321
245, 321
200, 321
217, 321
308, 321
221, 321
208, 321
252, 321
302, 321
218, 321
213, 321
241, 321
202, 321
228, 321
264, 321
260, 321
220, 321
243, 321
290, 321
218, 321
212, 321
213, 321
232, 321
206, 321
205, 321
220, 321
218, 321
235, 321
243, 321
209, 321
214, 321
216, 321
252, 321
226, 321
227, 321
286, 321
215, 321
206, 321
222, 321
237, 321
244, 321
203, 321
255, 321
245, 321
220, 321
211, 321
202, 321
217, 321
237, 321
234, 321
200, 321
207, 321
275, 321
285, 321
205, 321
301, 321
208, 321
243, 321
209, 321
239, 321
204, 321
286, 321
208, 321
262, 321
211, 321
224, 321
204, 321
230, 321
200, 321
266, 321
305, 321
217, 321
219, 321
301, 321
236, 321
201, 321
238, 321
203, 321
217, 321
232, 321
203, 321
203, 321
205, 321
218, 321
252, 321
248, 321
252, 321
231, 321
202, 321
253, 321
204, 321
229, 321
221, 321
202, 321
244, 321
212, 321
221, 321
226, 321
233, 321
208, 321
204, 321
228, 321
205, 321
208, 321
266, 321
220, 321
209, 321
229, 321
210, 321
303, 321
202, 321
236, 321
211, 321
243, 321
206, 321
211, 321
222, 321
235, 321
210, 321
206, 321
268, 321
237, 321
260, 321
290, 321
208, 321
218, 321
285, 321
203, 321
222, 321
214, 321
227, 321
208, 321
224, 321
202, 321
206, 321
227, 321
234, 321
204, 321
281, 321
226, 321
233, 321
250, 321
205, 321
248, 321
213, 321
244, 321
213, 321
214, 321
252, 321
234, 321
231, 321
305, 321
251, 321
214, 321
264, 321
215, 321
224, 321
241, 321
202, 321
201, 321
220, 321
200, 321
237, 321
277, 321
240, 321
239, 321
203, 321
303, 321
300, 321
301, 321
218, 321
263, 321
300, 321
205, 321
306, 321
242, 321
201, 321
208, 321
204, 321
234, 321
201, 321
224, 321
202, 321
217, 321
229, 321
209, 321
200, 321
236, 321
224, 321
246, 321
206, 321
222, 321
206, 321
218, 321
211, 321
200, 321
203, 321
211, 321
237, 321
224, 321
219, 321
306, 321
232, 321
223, 321
229, 321
223, 321
275, 321
204, 321
211, 321
206, 321
236, 321
211, 321
225, 321
279, 321
237, 321
207, 321
225, 321
213, 321
214, 321
200, 321
238, 321
226, 321
226, 321
232, 321
207, 321
248, 321
244, 321
230, 321
200, 321
207, 321
219, 321
258, 321
303, 321
265, 321
203, 321
242, 321
201, 321
215, 321
211, 321
222, 321
207, 321
231, 321
215, 321
263, 321
231, 321
231, 321
218, 321
202, 321
201, 321
225, 321
245, 321
213, 321
216, 321
228, 321
208, 321
204, 321
209, 321
203, 321
200, 321
260, 321
208, 321
302, 321
252, 321
303, 321
217, 321
200, 321
262, 321
248, 321
220, 321
232, 321
225, 321
225, 321
237, 321
233, 321
240, 321
242, 321
274, 321
253, 321
214, 321
204, 321
233, 321
217, 321
126, 321
206, 321
213, 321
272, 321
218, 321
273, 321
200, 321
273, 321
249, 321
216, 321
267, 321
215, 321
215, 321
210, 321
218, 321
201, 321
300, 321
216, 321
206, 321
241, 321
229, 321
219, 321
205, 321
213, 321
241, 321
240, 321
202, 321
200, 321
269, 321
247, 321
226, 321
202, 321
210, 321
288, 321
239, 321
210, 321
211, 321
209, 321
213, 321
301, 321
276, 321
214, 321
255, 321
216, 321
229, 321
207, 321
282, 321
241, 321
261, 321
218, 321
247, 321
238, 321
200, 321
262, 321
228, 321
206, 321
236, 321
203, 321
209, 321
214, 321
300, 321
300, 321
231, 321
230, 321
200, 321
233, 321
236, 321
221, 321
239, 321
309, 321
264, 321
241, 321
209, 321
263, 321
236, 321
244, 321
292, 321
227, 321
224, 321
223, 321
200, 321
213, 321
207, 321
229, 321
205, 321
231, 321
210, 321
211, 321
231, 321
216, 321
201, 321
211, 321
234, 321
214, 321
200, 321
270, 321
200, 321
204, 321
218, 321
266, 321
237, 321
207, 321
216, 321
232, 321
226, 321
218, 321
206, 321
200, 321
300, 321
218, 321
309, 321
245, 321
282, 321
210, 321
216, 321
208, 321
216, 321
280, 321
236, 321
203, 321
305, 321
209, 321
218, 321
275, 321
203, 321
220, 321
226, 321
224, 321
223, 321
222, 321
214, 321
214, 321
243, 321
248, 321
227, 321
284, 321
214, 321
303, 321
225, 321
219, 321
225, 321
221, 321
248, 321
263, 321
217, 321
242, 321
223, 321
216, 321
217, 321
243, 321
201, 321
207, 321
209, 321
216, 321
227, 321
202, 321
214, 321
200, 321
230, 321
206, 321
239, 321
237, 321
214, 321
201, 321
223, 321
200, 321
242, 321
304, 321
204, 321
200, 321
203, 321
238, 321
305, 321
256, 321
294, 321
211, 321
243, 321
240, 321
214, 321
207, 321
200, 321
251, 321
203, 321
271, 321
202, 321
209, 321
289, 321
204, 321
280, 321
217, 321
200, 321
224, 321
207, 321
204, 321
215, 321
221, 321
255, 321
297, 321
208, 321
205, 321
303, 321
302, 321
218, 321
219, 321
302, 321
300, 321
207, 321
203, 321
238, 321
228, 321
274, 321
214, 321
224, 321
202, 321
215, 321
220, 321
277, 321
239, 321
211, 321
209, 321
260, 321
232, 321
210, 321
214, 321
205, 321
215, 321
256, 321
303, 321
226, 321
226, 321
201, 321
207, 321
301, 321
205, 321
269, 321
202, 321
231, 321
220, 321
202, 321
200, 321
205, 321
235, 321
221, 321
212, 321
203, 321
203, 321
264, 321
214, 321
226, 321
237, 321
213, 321
205, 321
208, 321
234, 321
215, 321
204, 321
247, 321
206, 321
236, 321
212, 321
209, 321
200, 321
255, 321
201, 321
207, 321
240, 321
207, 321
221, 321
236, 321
224, 321
202, 321
253, 321
276, 321
202, 321
224, 321
215, 321
212, 321
275, 321
301, 321
208, 321
148, 321
299, 321
206, 321
253, 321
220, 321
210, 321
191, 321
236, 321
280, 321
208, 321
303, 321
239, 321
241, 321
209, 321
253, 321
137, 321
228, 321
213, 321
220, 321
201, 321
227, 321
245, 321
313, 321
208, 321
166, 321
292, 321
224, 321
200, 321
210, 321
219, 321
238, 321
221, 321
115, 321
273, 321
229, 321
228, 321
258, 321
168, 321
263, 321
202, 321
226, 321
211, 321
256, 321
216, 321
141, 321
203, 321
291, 321
204, 321
214, 321
258, 321
175, 321
215, 321
208, 321
291, 321
300, 321
203, 321
308, 321
171, 321
211, 321
292, 321
244, 321
200, 321
201, 321
208, 321
203, 321
122, 321
224, 321
207, 321
210, 321
202, 321
287, 321
200, 321
197, 321
210, 321
205, 321
216, 321
208, 321
305, 321
138, 321
205, 321
111, 321
218, 321
215, 321
213, 321
242, 321
206, 321
200, 321
203, 321
202, 321
215, 321
201, 321
224, 321
235, 321
219, 321
218, 321
204, 321
209, 321
174, 321
162, 321
14, 321
15, 321
219, 321
231, 321
2, 321
4, 321
94, 321
23, 321
3, 321
18, 321
5, 321
32, 321
39, 321
10, 321
30, 321
11, 321
8, 321
101, 321
39, 321
57, 321
5, 321
30, 321
32, 321
40, 321
105, 321
15, 321
5, 321
105, 321
84, 321
60, 321
11, 321
86, 321
2, 321
26, 321
21, 321
31, 321
109, 321
54, 321
6, 321
19, 321
5, 321
70, 321
1, 321
8, 321
112, 321
13, 321
119, 321
45, 321
67, 321
6, 321
42, 321
29, 321
41, 321
41, 321
80, 321
57, 321
47, 321
102, 321
23, 321
11, 321
7, 321
25, 321
9, 321
108, 321
63, 321
49, 321
105, 321
4, 321
20, 321
103, 321
101, 321
17, 321
69, 321
10, 321
8, 321
21, 321
7, 321
48, 321
89, 321
127, 321
12, 321
4, 321
17, 321
46, 321
12, 321
29, 321
11, 321
61, 321
98, 321
122, 321
13, 321
8, 321
11, 321
49, 321
5, 321
113, 321
28, 321
50, 321
45, 321
5, 321
118, 321
67, 321
14, 321
52, 321
89, 321
5, 321
19, 321
136, 321
52, 321
28, 321
102, 321
3, 321
105, 321
30, 321
28, 321
118, 321
152, 321
98, 321
165, 321
10, 321
124, 321
102, 321
139, 321
158, 321
45, 321
72, 321
102, 321
34, 321
159, 321
78, 321
89, 321
43, 321
141, 321
32, 321
109, 321
50, 321
63, 321
20, 321
7, 321
115, 321
83, 321
32, 321
70, 321
21, 321
99, 321
118, 321
73, 321
146, 321
125, 321
97, 321
54, 321
16, 321
75, 321
142, 321
212, 321
18, 321
118, 321
21, 321
177, 321
115, 321
152, 321
70, 321
67, 321
101, 321
37, 321
61, 321
47, 321
205, 321
138, 321
159, 321
61, 321
48, 321
110, 321
202, 321
100, 321
21, 321
63, 321
17, 321
193, 321
137, 321
104, 321
191, 321
165, 321
127, 321
9, 321
151, 321
85, 321
132, 321
218, 321
90, 321
185, 321
212, 321
214, 321
121, 321
200, 321
36, 321
33, 321
158, 321
6, 321
161, 321
0, 321
0, 321
69, 321
162, 321
82, 321
0, 321
18, 321
214, 321
117, 321
25, 321
39, 321
82, 321
44, 321
3, 321
170, 321
63, 321
202, 321
227, 321
215, 321
204, 321
209, 321
200, 321
215, 321
201, 321
205, 321
216, 321
45, 321
30, 321
27, 321
11, 321
31, 321
14, 321
13, 321
257, 321
207, 321
113, 321
11, 321
150, 321
144, 321
204, 321
84, 321
98, 321
24, 321
18, 321
111, 321
121, 321
173, 321
200, 321
215, 321
6, 321
39, 321
207, 321
200, 321
204, 321
111, 321
83, 321
168, 321
141, 321
26, 321
218, 321
140, 321
160, 321
201, 321
193, 321
155, 321
71, 321
200, 321
114, 321
44, 321
204, 321
59, 321
17, 321
121, 321
211, 321
235, 321
147, 321
174, 321
150, 321
160, 321
6, 321
41, 321
195, 321
91, 321
219, 321
6, 321
100, 321
202, 321
202, 321
210, 321
232, 321
200, 321
3, 321
153, 321
232, 321
146, 321
203, 321
201, 321
161, 321
205, 321
146, 321
202, 321
216, 321
151, 321
205, 321
179, 321
211, 321
208, 321
