#Algorithm: ExpectedSARSA, Speed: 1, Boost: 4, PM: False, Env size: (20, 20), Car size: (5, 4),
#Counter: 100000000, Nsteps: 10000000, Gamma: 1, LearnRate: 0.01, Eps: 0.5, Epsdecay: 0.9
1, 1
0, 1
8, 8
3, 8
0, 8
0, 8
11, 11
0, 11
3, 11
0, 11
4, 11
2, 11
1, 11
3, 11
1, 11
1, 11
7, 11
3, 11
10, 11
12, 12
1, 12
0, 12
11, 12
7, 12
1, 12
3, 12
13, 13
6, 13
2, 13
8, 13
5, 13
17, 17
1, 17
3, 17
0, 17
0, 17
9, 17
2, 17
2, 17
6, 17
8, 17
2, 17
3, 17
3, 17
3, 17
28, 28
3, 28
12, 28
5, 28
4, 28
3, 28
1, 28
9, 28
13, 28
7, 28
27, 28
8, 28
10, 28
6, 28
2, 28
8, 28
3, 28
8, 28
2, 28
17, 28
35, 35
7, 35
2, 35
4, 35
13, 35
1, 35
11, 35
16, 35
2, 35
9, 35
0, 35
6, 35
21, 35
10, 35
1, 35
3, 35
1, 35
19, 35
12, 35
1, 35
4, 35
3, 35
3, 35
1, 35
20, 35
22, 35
6, 35
2, 35
25, 35
11, 35
1, 35
8, 35
43, 43
10, 43
9, 43
30, 43
42, 43
5, 43
6, 43
2, 43
13, 43
8, 43
3, 43
10, 43
16, 43
13, 43
5, 43
4, 43
14, 43
9, 43
1, 43
6, 43
12, 43
1, 43
6, 43
3, 43
11, 43
14, 43
3, 43
5, 43
8, 43
7, 43
2, 43
8, 43
3, 43
5, 43
7, 43
5, 43
11, 43
15, 43
13, 43
3, 43
4, 43
5, 43
11, 43
2, 43
5, 43
17, 43
11, 43
14, 43
1, 43
14, 43
11, 43
4, 43
19, 43
25, 43
24, 43
22, 43
24, 43
5, 43
10, 43
31, 43
3, 43
15, 43
23, 43
4, 43
2, 43
10, 43
8, 43
33, 43
9, 43
10, 43
5, 43
22, 43
15, 43
2, 43
1, 43
31, 43
17, 43
1, 43
2, 43
39, 43
16, 43
17, 43
40, 43
40, 43
15, 43
12, 43
8, 43
6, 43
0, 43
25, 43
3, 43
17, 43
30, 43
45, 45
16, 45
7, 45
6, 45
7, 45
2, 45
12, 45
70, 70
11, 70
3, 70
38, 70
14, 70
10, 70
34, 70
16, 70
1, 70
12, 70
19, 70
36, 70
41, 70
4, 70
21, 70
10, 70
39, 70
6, 70
29, 70
26, 70
16, 70
16, 70
16, 70
142, 142
28, 142
85, 142
18, 142
105, 142
37, 142
19, 142
21, 142
15, 142
2, 142
9, 142
107, 142
4, 142
133, 142
123, 142
33, 142
17, 142
0, 142
33, 142
31, 142
0, 142
9, 142
7, 142
28, 142
15, 142
5, 142
14, 142
29, 142
37, 142
48, 142
38, 142
21, 142
37, 142
17, 142
20, 142
40, 142
59, 142
49, 142
12, 142
99, 142
93, 142
43, 142
20, 142
7, 142
16, 142
28, 142
71, 142
44, 142
52, 142
66, 142
5, 142
8, 142
22, 142
12, 142
22, 142
8, 142
18, 142
4, 142
28, 142
6, 142
31, 142
1, 142
75, 142
74, 142
37, 142
68, 142
4, 142
36, 142
19, 142
3, 142
15, 142
40, 142
19, 142
23, 142
2, 142
2, 142
2, 142
8, 142
24, 142
84, 142
9, 142
80, 142
7, 142
6, 142
31, 142
15, 142
50, 142
11, 142
33, 142
25, 142
70, 142
10, 142
3, 142
1, 142
14, 142
45, 142
5, 142
3, 142
12, 142
59, 142
3, 142
19, 142
14, 142
12, 142
0, 142
8, 142
7, 142
31, 142
81, 142
27, 142
13, 142
91, 142
17, 142
18, 142
24, 142
16, 142
7, 142
5, 142
62, 142
7, 142
38, 142
2, 142
0, 142
3, 142
12, 142
44, 142
1, 142
49, 142
40, 142
6, 142
57, 142
6, 142
6, 142
0, 142
29, 142
17, 142
54, 142
37, 142
28, 142
21, 142
17, 142
12, 142
61, 142
2, 142
5, 142
57, 142
1, 142
10, 142
12, 142
10, 142
22, 142
20, 142
8, 142
53, 142
28, 142
43, 142
3, 142
3, 142
26, 142
7, 142
6, 142
7, 142
35, 142
0, 142
23, 142
47, 142
10, 142
19, 142
1, 142
17, 142
25, 142
10, 142
4, 142
7, 142
5, 142
1, 142
57, 142
60, 142
4, 142
77, 142
18, 142
10, 142
49, 142
49, 142
42, 142
23, 142
12, 142
7, 142
4, 142
30, 142
50, 142
10, 142
21, 142
3, 142
34, 142
2, 142
13, 142
44, 142
43, 142
17, 142
11, 142
30, 142
5, 142
13, 142
7, 142
61, 142
9, 142
17, 142
12, 142
4, 142
118, 142
29, 142
21, 142
16, 142
70, 142
36, 142
12, 142
2, 142
52, 142
26, 142
10, 142
28, 142
6, 142
25, 142
57, 142
21, 142
4, 142
17, 142
49, 142
47, 142
42, 142
101, 142
15, 142
22, 142
29, 142
113, 142
17, 142
50, 142
86, 142
76, 142
82, 142
14, 142
5, 142
43, 142
33, 142
34, 142
5, 142
53, 142
24, 142
25, 142
20, 142
38, 142
32, 142
7, 142
5, 142
10, 142
33, 142
25, 142
95, 142
100, 142
27, 142
54, 142
41, 142
10, 142
35, 142
49, 142
3, 142
8, 142
104, 142
15, 142
56, 142
42, 142
100, 142
8, 142
17, 142
18, 142
93, 142
19, 142
49, 142
20, 142
72, 142
115, 142
30, 142
79, 142
23, 142
106, 142
8, 142
32, 142
5, 142
29, 142
95, 142
48, 142
141, 142
8, 142
37, 142
58, 142
16, 142
45, 142
56, 142
168, 168
99, 168
36, 168
1, 168
89, 168
27, 168
51, 168
60, 168
7, 168
32, 168
19, 168
29, 168
2, 168
23, 168
57, 168
40, 168
15, 168
34, 168
15, 168
15, 168
47, 168
40, 168
19, 168
52, 168
12, 168
33, 168
28, 168
59, 168
10, 168
35, 168
54, 168
24, 168
32, 168
46, 168
77, 168
2, 168
60, 168
8, 168
88, 168
65, 168
28, 168
11, 168
15, 168
20, 168
1, 168
42, 168
30, 168
29, 168
14, 168
7, 168
49, 168
29, 168
83, 168
71, 168
27, 168
6, 168
54, 168
63, 168
8, 168
35, 168
50, 168
117, 168
20, 168
43, 168
24, 168
30, 168
16, 168
28, 168
7, 168
136, 168
18, 168
47, 168
48, 168
6, 168
3, 168
67, 168
101, 168
16, 168
2, 168
6, 168
189, 189
11, 189
46, 189
193, 193
47, 193
173, 193
26, 193
46, 193
50, 193
179, 193
3, 193
33, 193
20, 193
34, 193
12, 193
155, 193
15, 193
155, 193
143, 193
11, 193
3, 193
41, 193
104, 193
177, 193
12, 193
14, 193
23, 193
20, 193
102, 193
26, 193
2, 193
35, 193
18, 193
83, 193
4, 193
19, 193
44, 193
248, 248
70, 248
30, 248
49, 248
75, 248
35, 248
29, 248
84, 248
64, 248
22, 248
81, 248
33, 248
36, 248
64, 248
15, 248
114, 248
155, 248
12, 248
24, 248
17, 248
55, 248
36, 248
50, 248
42, 248
66, 248
115, 248
27, 248
244, 248
19, 248
96, 248
11, 248
109, 248
50, 248
17, 248
18, 248
55, 248
10, 248
61, 248
17, 248
5, 248
70, 248
19, 248
18, 248
103, 248
110, 248
166, 248
24, 248
151, 248
143, 248
17, 248
71, 248
17, 248
34, 248
46, 248
69, 248
6, 248
223, 248
84, 248
356, 356
55, 356
55, 356
215, 356
31, 356
30, 356
11, 356
110, 356
15, 356
79, 356
27, 356
77, 356
1, 356
18, 356
11, 356
21, 356
8, 356
8, 356
44, 356
75, 356
193, 356
81, 356
8, 356
19, 356
41, 356
67, 356
125, 356
21, 356
10, 356
86, 356
104, 356
13, 356
15, 356
62, 356
10, 356
61, 356
75, 356
118, 356
14, 356
14, 356
240, 356
94, 356
46, 356
266, 356
41, 356
75, 356
22, 356
66, 356
4, 356
99, 356
113, 356
82, 356
56, 356
158, 356
117, 356
33, 356
48, 356
16, 356
73, 356
78, 356
10, 356
10, 356
130, 356
4, 356
258, 356
187, 356
59, 356
155, 356
255, 356
122, 356
215, 356
283, 356
7, 356
71, 356
25, 356
121, 356
48, 356
96, 356
162, 356
298, 356
77, 356
68, 356
29, 356
173, 356
175, 356
15, 356
31, 356
422, 422
159, 422
190, 422
55, 422
64, 422
225, 422
92, 422
66, 422
552, 552
68, 552
105, 552
27, 552
10, 552
64, 552
137, 552
112, 552
73, 552
224, 552
102, 552
185, 552
48, 552
46, 552
228, 552
4, 552
93, 552
336, 552
248, 552
31, 552
134, 552
32, 552
40, 552
58, 552
67, 552
438, 552
33, 552
86, 552
164, 552
260, 552
113, 552
129, 552
158, 552
249, 552
264, 552
170, 552
89, 552
156, 552
65, 552
51, 552
10, 552
24, 552
18, 552
10, 552
311, 552
10, 552
19, 552
333, 552
442, 552
92, 552
69, 552
261, 552
17, 552
89, 552
177, 552
5, 552
27, 552
37, 552
279, 552
74, 552
119, 552
69, 552
141, 552
232, 552
45, 552
242, 552
174, 552
223, 552
241, 552
212, 552
101, 552
59, 552
972, 972
548, 972
286, 972
335, 972
121, 972
391, 972
67, 972
45, 972
278, 972
42, 972
21, 972
26, 972
320, 972
39, 972
28, 972
215, 972
376, 972
244, 972
272, 972
193, 972
63, 972
927, 972
84, 972
158, 972
224, 972
223, 972
151, 972
135, 972
151, 972
243, 972
194, 972
281, 972
175, 972
127, 972
26, 972
241, 972
470, 972
100, 972
62, 972
34, 972
336, 972
996, 996
497, 996
30, 996
277, 996
993, 996
199, 996
184, 996
27, 996
629, 996
54, 996
247, 996
168, 996
71, 996
348, 996
96, 996
170, 996
260, 996
188, 996
72, 996
545, 996
102, 996
45, 996
23, 996
284, 996
340, 996
59, 996
76, 996
68, 996
241, 996
199, 996
64, 996
479, 996
117, 996
319, 996
51, 996
138, 996
67, 996
579, 996
198, 996
528, 996
398, 996
369, 996
311, 996
19, 996
72, 996
557, 996
117, 996
187, 996
157, 996
101, 996
277, 996
616, 996
243, 996
27, 996
37, 996
213, 996
387, 996
228, 996
990, 996
258, 996
23, 996
158, 996
702, 996
141, 996
198, 996
199, 996
329, 996
47, 996
317, 996
23, 996
61, 996
827, 996
67, 996
581, 996
97, 996
152, 996
136, 996
56, 996
277, 996
1054, 1054
723, 1054
21, 1054
676, 1054
75, 1054
39, 1054
393, 1054
780, 1054
295, 1054
137, 1054
160, 1054
81, 1054
638, 1054
1075, 1075
147, 1075
1251, 1251
84, 1251
254, 1251
1289, 1289
520, 1289
295, 1289
184, 1289
707, 1289
390, 1289
39, 1289
87, 1289
25, 1289
81, 1289
361, 1289
148, 1289
230, 1289
409, 1289
56, 1289
161, 1289
107, 1289
807, 1289
138, 1289
232, 1289
219, 1289
490, 1289
18, 1289
256, 1289
177, 1289
1083, 1289
69, 1289
1508, 1508
26, 1508
38, 1508
439, 1508
97, 1508
505, 1508
434, 1508
93, 1508
24, 1508
273, 1508
8, 1508
288, 1508
166, 1508
1414, 1508
19, 1508
57, 1508
125, 1508
460, 1508
418, 1508
431, 1508
215, 1508
105, 1508
175, 1508
159, 1508
95, 1508
343, 1508
421, 1508
307, 1508
157, 1508
61, 1508
211, 1508
613, 1508
26, 1508
374, 1508
48, 1508
10, 1508
100, 1508
130, 1508
203, 1508
205, 1508
94, 1508
46, 1508
85, 1508
238, 1508
299, 1508
357, 1508
47, 1508
303, 1508
113, 1508
367, 1508
135, 1508
24, 1508
42, 1508
42, 1508
32, 1508
23, 1508
7, 1508
684, 1508
106, 1508
570, 1508
119, 1508
402, 1508
539, 1508
139, 1508
191, 1508
112, 1508
278, 1508
395, 1508
37, 1508
863, 1508
596, 1508
332, 1508
320, 1508
395, 1508
160, 1508
147, 1508
477, 1508
69, 1508
209, 1508
443, 1508
537, 1508
102, 1508
25, 1508
451, 1508
48, 1508
87, 1508
15, 1508
86, 1508
112, 1508
688, 1508
182, 1508
504, 1508
289, 1508
315, 1508
146, 1508
339, 1508
132, 1508
35, 1508
155, 1508
38, 1508
172, 1508
151, 1508
110, 1508
487, 1508
363, 1508
293, 1508
497, 1508
124, 1508
516, 1508
807, 1508
1467, 1508
21, 1508
260, 1508
115, 1508
128, 1508
268, 1508
309, 1508
48, 1508
85, 1508
116, 1508
22, 1508
157, 1508
438, 1508
310, 1508
124, 1508
131, 1508
27, 1508
31, 1508
277, 1508
497, 1508
227, 1508
168, 1508
84, 1508
191, 1508
619, 1508
431, 1508
112, 1508
505, 1508
117, 1508
117, 1508
47, 1508
18, 1508
189, 1508
710, 1508
281, 1508
138, 1508
461, 1508
139, 1508
172, 1508
73, 1508
202, 1508
62, 1508
176, 1508
235, 1508
245, 1508
610, 1508
167, 1508
268, 1508
79, 1508
166, 1508
124, 1508
145, 1508
263, 1508
316, 1508
6, 1508
263, 1508
41, 1508
157, 1508
81, 1508
144, 1508
41, 1508
92, 1508
116, 1508
37, 1508
1083, 1508
388, 1508
29, 1508
15, 1508
34, 1508
120, 1508
583, 1508
13, 1508
89, 1508
199, 1508
155, 1508
1417, 1508
673, 1508
21, 1508
501, 1508
699, 1508
122, 1508
228, 1508
1618, 1618
1206, 1618
435, 1618
33, 1618
538, 1618
564, 1618
96, 1618
500, 1618
197, 1618
105, 1618
751, 1618
612, 1618
772, 1618
393, 1618
21, 1618
194, 1618
423, 1618
41, 1618
84, 1618
59, 1618
249, 1618
66, 1618
802, 1618
194, 1618
78, 1618
49, 1618
273, 1618
295, 1618
124, 1618
1839, 1839
69, 1839
230, 1839
211, 1839
115, 1839
241, 1839
9, 1839
292, 1839
353, 1839
158, 1839
1058, 1839
148, 1839
94, 1839
1273, 1839
763, 1839
134, 1839
786, 1839
83, 1839
625, 1839
386, 1839
287, 1839
571, 1839
239, 1839
185, 1839
794, 1839
305, 1839
75, 1839
160, 1839
22, 1839
647, 1839
12, 1839
160, 1839
505, 1839
36, 1839
86, 1839
306, 1839
316, 1839
52, 1839
566, 1839
191, 1839
241, 1839
51, 1839
603, 1839
500, 1839
273, 1839
270, 1839
147, 1839
926, 1839
200, 1839
354, 1839
647, 1839
154, 1839
264, 1839
823, 1839
123, 1839
210, 1839
56, 1839
172, 1839
353, 1839
396, 1839
1785, 1839
211, 1839
24, 1839
130, 1839
77, 1839
772, 1839
21, 1839
579, 1839
40, 1839
784, 1839
599, 1839
788, 1839
419, 1839
93, 1839
255, 1839
385, 1839
68, 1839
608, 1839
97, 1839
743, 1839
137, 1839
338, 1839
189, 1839
56, 1839
862, 1839
73, 1839
41, 1839
286, 1839
67, 1839
131, 1839
235, 1839
368, 1839
794, 1839
669, 1839
1202, 1839
894, 1839
497, 1839
154, 1839
167, 1839
316, 1839
254, 1839
207, 1839
380, 1839
92, 1839
246, 1839
284, 1839
96, 1839
40, 1839
152, 1839
42, 1839
446, 1839
350, 1839
97, 1839
306, 1839
123, 1839
107, 1839
242, 1839
194, 1839
416, 1839
316, 1839
182, 1839
95, 1839
390, 1839
732, 1839
267, 1839
961, 1839
464, 1839
336, 1839
239, 1839
114, 1839
55, 1839
71, 1839
509, 1839
11, 1839
57, 1839
518, 1839
216, 1839
21, 1839
949, 1839
90, 1839
1072, 1839
127, 1839
760, 1839
9, 1839
62, 1839
303, 1839
1491, 1839
144, 1839
541, 1839
1632, 1839
824, 1839
316, 1839
278, 1839
1041, 1839
205, 1839
381, 1839
495, 1839
450, 1839
364, 1839
79, 1839
272, 1839
185, 1839
412, 1839
60, 1839
74, 1839
596, 1839
221, 1839
42, 1839
187, 1839
797, 1839
248, 1839
121, 1839
296, 1839
503, 1839
160, 1839
360, 1839
600, 1839
59, 1839
622, 1839
450, 1839
254, 1839
1120, 1839
1206, 1839
46, 1839
379, 1839
449, 1839
309, 1839
102, 1839
146, 1839
113, 1839
232, 1839
832, 1839
815, 1839
115, 1839
191, 1839
575, 1839
1817, 1839
365, 1839
549, 1839
14, 1839
374, 1839
377, 1839
252, 1839
464, 1839
1544, 1839
81, 1839
253, 1839
43, 1839
192, 1839
381, 1839
255, 1839
649, 1839
33, 1839
140, 1839
893, 1839
290, 1839
400, 1839
481, 1839
622, 1839
408, 1839
170, 1839
382, 1839
214, 1839
403, 1839
162, 1839
97, 1839
296, 1839
266, 1839
79, 1839
1359, 1839
574, 1839
1210, 1839
806, 1839
326, 1839
43, 1839
412, 1839
132, 1839
33, 1839
408, 1839
158, 1839
227, 1839
455, 1839
545, 1839
162, 1839
33, 1839
1154, 1839
49, 1839
778, 1839
399, 1839
92, 1839
4, 1839
367, 1839
402, 1839
343, 1839
391, 1839
544, 1839
804, 1839
57, 1839
1616, 1839
576, 1839
425, 1839
1034, 1839
57, 1839
80, 1839
1092, 1839
152, 1839
521, 1839
632, 1839
39, 1839
472, 1839
367, 1839
169, 1839
619, 1839
276, 1839
25, 1839
145, 1839
250, 1839
281, 1839
263, 1839
82, 1839
238, 1839
19, 1839
517, 1839
412, 1839
44, 1839
667, 1839
552, 1839
458, 1839
98, 1839
70, 1839
512, 1839
33, 1839
183, 1839
323, 1839
51, 1839
80, 1839
114, 1839
374, 1839
146, 1839
210, 1839
723, 1839
134, 1839
47, 1839
122, 1839
76, 1839
274, 1839
211, 1839
44, 1839
87, 1839
72, 1839
1297, 1839
168, 1839
108, 1839
82, 1839
316, 1839
59, 1839
18, 1839
302, 1839
293, 1839
345, 1839
40, 1839
872, 1839
194, 1839
520, 1839
80, 1839
198, 1839
244, 1839
130, 1839
4, 1839
221, 1839
54, 1839
40, 1839
77, 1839
486, 1839
581, 1839
350, 1839
47, 1839
175, 1839
1047, 1839
659, 1839
89, 1839
1061, 1839
568, 1839
302, 1839
177, 1839
537, 1839
570, 1839
745, 1839
437, 1839
93, 1839
67, 1839
778, 1839
261, 1839
98, 1839
568, 1839
724, 1839
98, 1839
48, 1839
819, 1839
194, 1839
24, 1839
529, 1839
57, 1839
85, 1839
46, 1839
453, 1839
74, 1839
431, 1839
105, 1839
259, 1839
452, 1839
417, 1839
944, 1839
168, 1839
268, 1839
312, 1839
114, 1839
1080, 1839
1687, 1839
640, 1839
362, 1839
99, 1839
562, 1839
350, 1839
333, 1839
173, 1839
61, 1839
656, 1839
63, 1839
56, 1839
130, 1839
197, 1839
23, 1839
87, 1839
253, 1839
360, 1839
104, 1839
322, 1839
199, 1839
409, 1839
874, 1839
197, 1839
34, 1839
1153, 1839
270, 1839
345, 1839
19, 1839
46, 1839
911, 1839
13, 1839
258, 1839
584, 1839
422, 1839
414, 1839
726, 1839
161, 1839
153, 1839
252, 1839
31, 1839
57, 1839
535, 1839
133, 1839
106, 1839
589, 1839
1251, 1839
1337, 1839
586, 1839
658, 1839
446, 1839
335, 1839
465, 1839
179, 1839
528, 1839
250, 1839
123, 1839
197, 1839
293, 1839
19, 1839
212, 1839
983, 1839
479, 1839
484, 1839
412, 1839
616, 1839
70, 1839
104, 1839
140, 1839
319, 1839
52, 1839
750, 1839
60, 1839
816, 1839
240, 1839
324, 1839
402, 1839
92, 1839
418, 1839
380, 1839
473, 1839
301, 1839
992, 1839
39, 1839
556, 1839
58, 1839
909, 1839
106, 1839
98, 1839
1040, 1839
183, 1839
197, 1839
181, 1839
419, 1839
600, 1839
175, 1839
84, 1839
86, 1839
1037, 1839
702, 1839
581, 1839
8, 1839
240, 1839
452, 1839
165, 1839
179, 1839
189, 1839
501, 1839
28, 1839
808, 1839
496, 1839
1145, 1839
333, 1839
233, 1839
126, 1839
369, 1839
426, 1839
19, 1839
93, 1839
366, 1839
974, 1839
562, 1839
120, 1839
162, 1839
171, 1839
248, 1839
272, 1839
249, 1839
388, 1839
1218, 1839
876, 1839
993, 1839
762, 1839
376, 1839
945, 1839
235, 1839
963, 1839
501, 1839
125, 1839
715, 1839
109, 1839
258, 1839
257, 1839
247, 1839
65, 1839
539, 1839
172, 1839
42, 1839
29, 1839
6, 1839
339, 1839
296, 1839
346, 1839
525, 1839
196, 1839
1007, 1839
429, 1839
103, 1839
585, 1839
7, 1839
277, 1839
175, 1839
243, 1839
653, 1839
2169, 2169
202, 2169
99, 2169
74, 2169
765, 2169
326, 2169
341, 2169
429, 2169
169, 2169
779, 2169
351, 2169
469, 2169
67, 2169
35, 2169
423, 2169
393, 2169
224, 2169
581, 2169
114, 2169
391, 2169
66, 2169
739, 2169
15, 2169
99, 2169
884, 2169
69, 2169
246, 2169
79, 2169
37, 2169
97, 2169
258, 2169
123, 2169
60, 2169
258, 2169
124, 2169
467, 2169
144, 2169
257, 2169
1782, 2169
686, 2169
549, 2169
395, 2169
338, 2169
719, 2169
23, 2169
79, 2169
307, 2169
1401, 2169
49, 2169
142, 2169
486, 2169
199, 2169
79, 2169
132, 2169
243, 2169
257, 2169
553, 2169
42, 2169
188, 2169
10, 2169
352, 2169
433, 2169
61, 2169
36, 2169
101, 2169
664, 2169
313, 2169
819, 2169
100, 2169
53, 2169
285, 2169
109, 2169
221, 2169
19, 2169
97, 2169
307, 2169
134, 2169
73, 2169
344, 2169
562, 2169
528, 2169
117, 2169
28, 2169
47, 2169
181, 2169
62, 2169
718, 2169
213, 2169
96, 2169
407, 2169
141, 2169
302, 2169
33, 2169
15, 2169
47, 2169
118, 2169
422, 2169
28, 2169
1071, 2169
1117, 2169
150, 2169
203, 2169
36, 2169
651, 2169
542, 2169
144, 2169
142, 2169
1115, 2169
97, 2169
371, 2169
88, 2169
163, 2169
502, 2169
1266, 2169
237, 2169
953, 2169
688, 2169
199, 2169
152, 2169
530, 2169
1823, 2169
326, 2169
511, 2169
731, 2169
332, 2169
285, 2169
349, 2169
320, 2169
61, 2169
331, 2169
895, 2169
126, 2169
152, 2169
1226, 2169
54, 2169
87, 2169
67, 2169
709, 2169
386, 2169
239, 2169
334, 2169
53, 2169
240, 2169
182, 2169
209, 2169
214, 2169
65, 2169
591, 2169
219, 2169
1362, 2169
194, 2169
129, 2169
380, 2169
297, 2169
177, 2169
250, 2169
89, 2169
56, 2169
796, 2169
104, 2169
1102, 2169
210, 2169
74, 2169
131, 2169
160, 2169
98, 2169
45, 2169
351, 2169
127, 2169
489, 2169
403, 2169
135, 2169
23, 2169
565, 2169
217, 2169
258, 2169
982, 2169
1278, 2169
106, 2169
273, 2169
99, 2169
22, 2169
940, 2169
112, 2169
953, 2169
971, 2169
425, 2169
209, 2169
11, 2169
868, 2169
603, 2169
30, 2169
791, 2169
251, 2169
432, 2169
176, 2169
49, 2169
351, 2169
467, 2169
280, 2169
384, 2169
60, 2169
121, 2169
105, 2169
315, 2169
389, 2169
31, 2169
320, 2169
220, 2169
416, 2169
123, 2169
299, 2169
166, 2169
151, 2169
269, 2169
258, 2169
796, 2169
26, 2169
158, 2169
286, 2169
201, 2169
332, 2169
321, 2169
252, 2169
4, 2169
141, 2169
650, 2169
64, 2169
374, 2169
367, 2169
109, 2169
91, 2169
62, 2169
275, 2169
395, 2169
99, 2169
70, 2169
263, 2169
403, 2169
992, 2169
22, 2169
299, 2169
391, 2169
121, 2169
240, 2169
101, 2169
72, 2169
673, 2169
547, 2169
369, 2169
74, 2169
74, 2169
478, 2169
973, 2169
470, 2169
446, 2169
155, 2169
2006, 2169
169, 2169
861, 2169
1472, 2169
107, 2169
295, 2169
41, 2169
1134, 2169
822, 2169
24, 2169
40, 2169
229, 2169
614, 2169
350, 2169
69, 2169
16, 2169
336, 2169
37, 2169
519, 2169
230, 2169
448, 2169
197, 2169
27, 2169
749, 2169
98, 2169
274, 2169
17, 2169
168, 2169
556, 2169
393, 2169
133, 2169
170, 2169
53, 2169
471, 2169
95, 2169
652, 2169
717, 2169
1369, 2169
196, 2169
1014, 2169
856, 2169
54, 2169
289, 2169
138, 2169
1458, 2169
7, 2169
428, 2169
273, 2169
34, 2169
370, 2169
37, 2169
190, 2169
20, 2169
46, 2169
445, 2169
146, 2169
314, 2169
303, 2169
1064, 2169
272, 2169
165, 2169
401, 2169
164, 2169
222, 2169
46, 2169
32, 2169
77, 2169
265, 2169
1234, 2169
437, 2169
205, 2169
276, 2169
453, 2169
347, 2169
1491, 2169
305, 2169
72, 2169
133, 2169
171, 2169
502, 2169
401, 2169
188, 2169
27, 2169
92, 2169
759, 2169
270, 2169
1221, 2169
188, 2169
959, 2169
627, 2169
83, 2169
34, 2169
12, 2169
727, 2169
692, 2169
1118, 2169
184, 2169
236, 2169
1816, 2169
991, 2169
37, 2169
79, 2169
232, 2169
275, 2169
201, 2169
558, 2169
527, 2169
226, 2169
99, 2169
656, 2169
232, 2169
141, 2169
327, 2169
706, 2169
2030, 2169
731, 2169
505, 2169
98, 2169
346, 2169
516, 2169
63, 2169
539, 2169
218, 2169
72, 2169
45, 2169
245, 2169
296, 2169
248, 2169
42, 2169
130, 2169
716, 2169
388, 2169
293, 2169
55, 2169
230, 2169
670, 2169
10, 2169
1241, 2169
122, 2169
231, 2169
10, 2169
778, 2169
296, 2169
182, 2169
641, 2169
73, 2169
301, 2169
58, 2169
333, 2169
51, 2169
399, 2169
699, 2169
185, 2169
1035, 2169
802, 2169
101, 2169
88, 2169
213, 2169
190, 2169
77, 2169
304, 2169
404, 2169
107, 2169
439, 2169
270, 2169
10, 2169
59, 2169
629, 2169
181, 2169
143, 2169
44, 2169
518, 2169
100, 2169
503, 2169
117, 2169
80, 2169
6, 2169
32, 2169
373, 2169
31, 2169
41, 2169
36, 2169
355, 2169
7, 2169
192, 2169
146, 2169
131, 2169
75, 2169
407, 2169
412, 2169
71, 2169
147, 2169
36, 2169
41, 2169
469, 2169
81, 2169
252, 2169
909, 2169
29, 2169
37, 2169
